TermID	Term	Enrichment	logP	Genes in Term	Target Genes in Term	Fraction of Targets in Term	Total Target Genes	Total Genes	Entrez Gene IDs	Gene Symbols
SM00587	CHK	9.48649330217729e-05	-9.26305643568571	24	3	0.142857142857143	21	5448	183987,179774,188554	E02C12.6,T16G1.7,T16G1.6
SM00430	HOLI	0.00217146867397936	-6.13235153207579	250	5	0.238095238095238	21	5448	4363091,178568,178708,180115,187409	nhr-286,nhr-98,nhr-115,nhr-112,nhr-202
SM00399	ZnF_C4	0.00236955305921024	-6.04505392423075	255	5	0.238095238095238	21	5448	4363091,178708,180115,178568,187409	nhr-286,nhr-115,nhr-112,nhr-98,nhr-202
SM00729	Elp3	0.0229164403282228	-3.77590070773898	6	1	0.0476190476190476	21	5448	186073	F49H6.5
SM01117	Cyt-b5	0.0341862417766066	-3.37593200308652	9	1	0.0476190476190476	21	5448	181066	vem-1
SM00034	CLECT	0.0423795358665368	-3.1610896779118	205	3	0.142857142857143	21	5448	190117,188922,173111	clec-247,clec-103,clec-17
SM00254	ShKT	0.0588786325087694	-2.83227702988609	103	2	0.0952380952380952	21	5448	184056,191558	F01D5.2,ZK1290.10
SM00382	AAA	0.0619489335444483	-2.78144488583404	106	2	0.0952380952380952	21	5448	190115,184845	haf-7,pgp-13
SM00275	G_alpha	0.0816072325321876	-2.50583738696695	22	1	0.0476190476190476	21	5448	191659	gpa-9
SM00256	FBOX	0.139574681888312	-1.96915546693349	171	2	0.0952380952380952	21	5448	4363088,184231	fbxa-143,fbxa-44
SM00042	CUB	0.17632486764279	-1.73542714653164	50	1	0.0476190476190476	21	5448	173111	clec-17
SM00233	PH	0.22619296124385	-1.48636683318547	66	1	0.0476190476190476	21	5448	179585	F38B7.3
SM00428	H3	0.999999999992746	-7.25365230643072e-12	9	0	0	21	5448
SM00494	ChtBD2	0.999999999992746	-7.25365230643072e-12	9	0	0	21	5448
SM00049	DEP	0.999999999992746	-7.25365230643072e-12	9	0	0	21	5448
SM00918	Lig_chan-Glu_bd	0.999999999992746	-7.25365230643072e-12	9	0	0	21	5448
SM00116	CBS	0.999999999992746	-7.25365230643072e-12	9	0	0	21	5448
SM00595	MADF	0.999999999992746	-7.25365230643072e-12	9	0	0	21	5448
SM00328	BPI1	0.999999999992746	-7.25365230643072e-12	9	0	0	21	5448
SM00079	PBPe	0.999999999992746	-7.25365230643072e-12	9	0	0	21	5448
SM00119	HECTc	0.999999999992746	-7.25365230643072e-12	9	0	0	21	5448
SM01189	ELM2	0.999999999992746	-7.25365230643072e-12	9	0	0	21	5448
SM00314	RA	0.999999999992746	-7.25365230643072e-12	9	0	0	21	5448
SM00848	Inhibitor_I29	0.999999999992746	-7.25365230643072e-12	9	0	0	21	5448
SM00451	ZnF_U1	0.999999999992746	-7.25365230643072e-12	9	0	0	21	5448
SM00702	P4Hc	0.999999999992746	-7.25365230643072e-12	9	0	0	21	5448
SM00015	IQ	0.999999999992746	-7.25365230643072e-12	9	0	0	21	5448
SM00072	GuKc	0.999999999992746	-7.25365230643072e-12	9	0	0	21	5448
SM00471	HDc	0.999999999992746	-7.25365230643072e-12	9	0	0	21	5448
SM00724	TLC	0.999999999992746	-7.25365230643072e-12	9	0	0	21	5448
SM00033	CH	0.999999999993159	-6.8414005085421e-12	24	0	0	21	5448
SM00949	PAZ	0.999999999993542	-6.45844150087685e-12	18	0	0	21	5448
SM00339	FH	0.999999999993542	-6.45844150087685e-12	18	0	0	21	5448
SM00242	MYSc	0.999999999993542	-6.45844150087685e-12	18	0	0	21	5448
SM00315	RGS	0.999999999993542	-6.45844150087685e-12	18	0	0	21	5448
SM00385	CYCLIN	0.999999999993542	-6.45844150087685e-12	18	0	0	21	5448
SM00295	B41	0.999999999993542	-6.45844150087685e-12	18	0	0	21	5448
SM00506	A1pp	0.999999999997282	-2.71841186713639e-12	1	0	0	21	5448
SM01098	CPSF73-100_C	0.999999999997282	-2.71841186713639e-12	1	0	0	21	5448
SM00518	AP2Ec	0.999999999997282	-2.71841186713639e-12	1	0	0	21	5448
SM01016	Arg_tRNA_synt_N	0.999999999997282	-2.71841186713639e-12	1	0	0	21	5448
SM01347	Mre11_DNA_bind	0.999999999997282	-2.71841186713639e-12	1	0	0	21	5448
SM00951	QLQ	0.999999999997282	-2.71841186713639e-12	1	0	0	21	5448
SM01350	6PGD	0.999999999997282	-2.71841186713639e-12	1	0	0	21	5448
SM01176	DUF4208	0.999999999997282	-2.71841186713639e-12	1	0	0	21	5448
SM00530	HTH_XRE	0.999999999997282	-2.71841186713639e-12	1	0	0	21	5448
SM00738	NGN	0.999999999997282	-2.71841186713639e-12	1	0	0	21	5448
SM00874	B5	0.999999999997282	-2.71841186713639e-12	1	0	0	21	5448
SM01028	Beta-TrCP_D	0.999999999997282	-2.71841186713639e-12	1	0	0	21	5448
SM01096	CPSase_L_D3	0.999999999997282	-2.71841186713639e-12	1	0	0	21	5448
SM01173	DUF4187	0.999999999997282	-2.71841186713639e-12	1	0	0	21	5448
SM00761	HDAC_interact	0.999999999997282	-2.71841186713639e-12	1	0	0	21	5448
SM01241	Integrin_b_cyt	0.999999999997282	-2.71841186713639e-12	1	0	0	21	5448
SM00737	ML	0.999999999997282	-2.71841186713639e-12	1	0	0	21	5448
SM01286	SPT16	0.999999999997282	-2.71841186713639e-12	1	0	0	21	5448
SM00227	NEBU	0.999999999997282	-2.71841186713639e-12	1	0	0	21	5448
SM01242	Integrin_B_tail	0.999999999997282	-2.71841186713639e-12	1	0	0	21	5448
SM01024	BCS1_N	0.999999999997282	-2.71841186713639e-12	1	0	0	21	5448
SM01274	malic	0.999999999997282	-2.71841186713639e-12	1	0	0	21	5448
SM00798	AICARFT_IMPCHas	0.999999999997282	-2.71841186713639e-12	1	0	0	21	5448
SM00538	POP4	0.999999999997282	-2.71841186713639e-12	1	0	0	21	5448
SM00099	btg1	0.999999999997282	-2.71841186713639e-12	1	0	0	21	5448
SM00995	AD	0.999999999997282	-2.71841186713639e-12	1	0	0	21	5448
SM00121	IB	0.999999999997282	-2.71841186713639e-12	1	0	0	21	5448
SM00984	UDPG_MGDP_dh_C	0.999999999997282	-2.71841186713639e-12	1	0	0	21	5448
SM00554	FAS1	0.999999999997282	-2.71841186713639e-12	1	0	0	21	5448
SM00996	AdoHcyase	0.999999999997282	-2.71841186713639e-12	1	0	0	21	5448
SM00734	ZnF_Rad18	0.999999999997282	-2.71841186713639e-12	1	0	0	21	5448
SM00928	NADH_4Fe-4S	0.999999999997282	-2.71841186713639e-12	1	0	0	21	5448
SM00993	YL1_C	0.999999999997282	-2.71841186713639e-12	1	0	0	21	5448
SM01281	Med12	0.999999999997282	-2.71841186713639e-12	1	0	0	21	5448
SM01367	DUF3452	0.999999999997282	-2.71841186713639e-12	1	0	0	21	5448
SM01039	BRICHOS	0.999999999997282	-2.71841186713639e-12	1	0	0	21	5448
SM01371	TFIIA	0.999999999997282	-2.71841186713639e-12	1	0	0	21	5448
SM00078	IlGF	0.999999999997282	-2.71841186713639e-12	1	0	0	21	5448
SM00435	TOPEUc	0.999999999997282	-2.71841186713639e-12	1	0	0	21	5448
SM00426	TEA	0.999999999997282	-2.71841186713639e-12	1	0	0	21	5448
SM01192	Enolase_C	0.999999999997282	-2.71841186713639e-12	1	0	0	21	5448
SM01144	DTW	0.999999999997282	-2.71841186713639e-12	1	0	0	21	5448
SM01115	cwf21	0.999999999997282	-2.71841186713639e-12	1	0	0	21	5448
SM01124	DBR1	0.999999999997282	-2.71841186713639e-12	1	0	0	21	5448
SM00515	eIF5C	0.999999999997282	-2.71841186713639e-12	1	0	0	21	5448
SM00707	RPEL	0.999999999997282	-2.71841186713639e-12	1	0	0	21	5448
SM01118	CYTH	0.999999999997282	-2.71841186713639e-12	1	0	0	21	5448
SM00882	CoA_trans	0.999999999997282	-2.71841186713639e-12	1	0	0	21	5448
SM01395	Tbf5	0.999999999997282	-2.71841186713639e-12	1	0	0	21	5448
SM00932	Nfu_N	0.999999999997282	-2.71841186713639e-12	1	0	0	21	5448
SM00983	TPK_B1_binding	0.999999999997282	-2.71841186713639e-12	1	0	0	21	5448
SM00588	NEUZ	0.999999999997282	-2.71841186713639e-12	1	0	0	21	5448
SM01387	Ribosomal_S15	0.999999999997282	-2.71841186713639e-12	1	0	0	21	5448
SM00465	GIYc	0.999999999997282	-2.71841186713639e-12	1	0	0	21	5448
SM00742	Hr1	0.999999999997282	-2.71841186713639e-12	1	0	0	21	5448
SM00803	TAF	0.999999999997282	-2.71841186713639e-12	1	0	0	21	5448
SM01335	PADR1	0.999999999997282	-2.71841186713639e-12	1	0	0	21	5448
SM01233	HABP4_PAI-RBP1	0.999999999997282	-2.71841186713639e-12	1	0	0	21	5448
SM01310	RICTOR_V	0.999999999997282	-2.71841186713639e-12	1	0	0	21	5448
SM01075	CDT1	0.999999999997282	-2.71841186713639e-12	1	0	0	21	5448
SM01380	Ribosomal_L31e	0.999999999997282	-2.71841186713639e-12	1	0	0	21	5448
SM01355	AP3B1_C	0.999999999997282	-2.71841186713639e-12	1	0	0	21	5448
SM00658	RPOL8c	0.999999999997282	-2.71841186713639e-12	1	0	0	21	5448
SM01083	Cir_N	0.999999999997282	-2.71841186713639e-12	1	0	0	21	5448
SM01393	Ribosomal_L32e	0.999999999997282	-2.71841186713639e-12	1	0	0	21	5448
SM00808	FABD	0.999999999997282	-2.71841186713639e-12	1	0	0	21	5448
SM00265	BH4	0.999999999997282	-2.71841186713639e-12	1	0	0	21	5448
SM01267	LAG1_DNAbind	0.999999999997282	-2.71841186713639e-12	1	0	0	21	5448
SM01198	FBA	0.999999999997282	-2.71841186713639e-12	1	0	0	21	5448
SM01092	CO_deh_flav_C	0.999999999997282	-2.71841186713639e-12	1	0	0	21	5448
SM01120	Dak2	0.999999999997282	-2.71841186713639e-12	1	0	0	21	5448
SM01416	Ribosomal_L19e	0.999999999997282	-2.71841186713639e-12	1	0	0	21	5448
SM00682	G2F	0.999999999997282	-2.71841186713639e-12	1	0	0	21	5448
SM00826	PKS_DH	0.999999999997282	-2.71841186713639e-12	1	0	0	21	5448
SM01302	Raptor_N	0.999999999997282	-2.71841186713639e-12	1	0	0	21	5448
SM00750	KIND	0.999999999997282	-2.71841186713639e-12	1	0	0	21	5448
SM00510	TFS2M	0.999999999997282	-2.71841186713639e-12	1	0	0	21	5448
SM00293	PWWP	0.999999999997282	-2.71841186713639e-12	1	0	0	21	5448
SM01186	eIF3_N	0.999999999997282	-2.71841186713639e-12	1	0	0	21	5448
SM00567	EZ_HEAT	0.999999999997282	-2.71841186713639e-12	1	0	0	21	5448
SM00997	AdoHcyase_NAD	0.999999999997282	-2.71841186713639e-12	1	0	0	21	5448
SM00459	Sorb	0.999999999997282	-2.71841186713639e-12	1	0	0	21	5448
SM00615	EPH_lbd	0.999999999997282	-2.71841186713639e-12	1	0	0	21	5448
SM00469	WIF	0.999999999997282	-2.71841186713639e-12	1	0	0	21	5448
SM01102	CRM1_C	0.999999999997282	-2.71841186713639e-12	1	0	0	21	5448
SM00859	Semialdhyde_dh	0.999999999997282	-2.71841186713639e-12	1	0	0	21	5448
SM01268	BTD	0.999999999997282	-2.71841186713639e-12	1	0	0	21	5448
SM01296	N2227	0.999999999997282	-2.71841186713639e-12	1	0	0	21	5448
SM01156	DUF1716	0.999999999997282	-2.71841186713639e-12	1	0	0	21	5448
SM00967	SpoU_sub_bind	0.999999999997282	-2.71841186713639e-12	1	0	0	21	5448
SM00478	ENDO3c	0.999999999997282	-2.71841186713639e-12	1	0	0	21	5448
SM01249	KASH	0.999999999997282	-2.71841186713639e-12	1	0	0	21	5448
SM00684	DM15	0.999999999997282	-2.71841186713639e-12	1	0	0	21	5448
SM00919	Malic_M	0.999999999997282	-2.71841186713639e-12	1	0	0	21	5448
SM00553	SEP	0.999999999997282	-2.71841186713639e-12	1	0	0	21	5448
SM00828	PKS_MT	0.999999999997282	-2.71841186713639e-12	1	0	0	21	5448
SM00711	TDU	0.999999999997282	-2.71841186713639e-12	1	0	0	21	5448
SM00455	RBD	0.999999999997282	-2.71841186713639e-12	1	0	0	21	5448
SM00654	eIF6	0.999999999997282	-2.71841186713639e-12	1	0	0	21	5448
SM00417	H4	0.999999999997282	-2.71841186713639e-12	1	0	0	21	5448
SM00934	OMPdecase	0.999999999997282	-2.71841186713639e-12	1	0	0	21	5448
SM00549	TAFH	0.999999999997282	-2.71841186713639e-12	1	0	0	21	5448
SM01284	ECSIT_Cterm	0.999999999997282	-2.71841186713639e-12	1	0	0	21	5448
SM00896	FDX-ACB	0.999999999997282	-2.71841186713639e-12	1	0	0	21	5448
SM01032	BHD_3	0.999999999997282	-2.71841186713639e-12	1	0	0	21	5448
SM01280	Mcm10	0.999999999997282	-2.71841186713639e-12	1	0	0	21	5448
SM00692	DM3	0.999999999997282	-2.71841186713639e-12	1	0	0	21	5448
SM01183	EF1G	0.999999999997282	-2.71841186713639e-12	1	0	0	21	5448
SM00804	TAP_C	0.999999999997282	-2.71841186713639e-12	1	0	0	21	5448
SM01361	A2M_recep	0.999999999997282	-2.71841186713639e-12	1	0	0	21	5448
SM01030	BHD_1	0.999999999997282	-2.71841186713639e-12	1	0	0	21	5448
SM00206	NTR	0.999999999997282	-2.71841186713639e-12	1	0	0	21	5448
SM00659	RPOLCX	0.999999999997282	-2.71841186713639e-12	1	0	0	21	5448
SM01206	Fibrillarin	0.999999999997282	-2.71841186713639e-12	1	0	0	21	5448
SM01122	DBC1	0.999999999997282	-2.71841186713639e-12	1	0	0	21	5448
SM00685	DM14	0.999999999997282	-2.71841186713639e-12	1	0	0	21	5448
SM00548	IRO	0.999999999997282	-2.71841186713639e-12	1	0	0	21	5448
SM00653	eIF2B_5	0.999999999997282	-2.71841186713639e-12	1	0	0	21	5448
SM01285	FACT-Spt16_Nlob	0.999999999997282	-2.71841186713639e-12	1	0	0	21	5448
SM01253	Kin17_mid	0.999999999997282	-2.71841186713639e-12	1	0	0	21	5448
SM00536	AXH	0.999999999997282	-2.71841186713639e-12	1	0	0	21	5448
SM01000	Aha1_N	0.999999999997282	-2.71841186713639e-12	1	0	0	21	5448
SM01159	DUF1744	0.999999999997282	-2.71841186713639e-12	1	0	0	21	5448
SM00676	DM10	0.999999999997282	-2.71841186713639e-12	1	0	0	21	5448
SM01018	B12-binding_2	0.999999999997282	-2.71841186713639e-12	1	0	0	21	5448
SM00698	MORN	0.999999999997282	-2.71841186713639e-12	1	0	0	21	5448
SM01292	N1221	0.999999999997282	-2.71841186713639e-12	1	0	0	21	5448
SM00505	Knot1	0.999999999997282	-2.71841186713639e-12	1	0	0	21	5448
SM01165	DUF1866	0.999999999997282	-2.71841186713639e-12	1	0	0	21	5448
SM00892	Endonuclease_NS	0.999999999997282	-2.71841186713639e-12	1	0	0	21	5448
SM01051	CAMSAP_CKK	0.999999999997282	-2.71841186713639e-12	1	0	0	21	5448
SM00509	TFS2N	0.999999999997282	-2.71841186713639e-12	1	0	0	21	5448
SM01398	Cornichon	0.999999999997282	-2.71841186713639e-12	1	0	0	21	5448
SM01193	Enolase_N	0.999999999997282	-2.71841186713639e-12	1	0	0	21	5448
SM01199	FDF	0.999999999997282	-2.71841186713639e-12	1	0	0	21	5448
SM01069	CDC37_C	0.999999999997282	-2.71841186713639e-12	1	0	0	21	5448
SM00990	VRR_NUC	0.999999999997282	-2.71841186713639e-12	1	0	0	21	5448
SM01125	DCP2	0.999999999997282	-2.71841186713639e-12	1	0	0	21	5448
SM01413	Ribosomal_S19e	0.999999999997282	-2.71841186713639e-12	1	0	0	21	5448
SM01031	BHD_2	0.999999999997282	-2.71841186713639e-12	1	0	0	21	5448
SM00531	TFIIE	0.999999999997282	-2.71841186713639e-12	1	0	0	21	5448
SM00812	Alpha_L_fucos	0.999999999997282	-2.71841186713639e-12	1	0	0	21	5448
SM00635	BID_2	0.999999999997282	-2.71841186713639e-12	1	0	0	21	5448
SM00477	NUC	0.999999999997282	-2.71841186713639e-12	1	0	0	21	5448
SM01265	Mab-21	0.999999999997282	-2.71841186713639e-12	1	0	0	21	5448
SM01138	DP	0.999999999997282	-2.71841186713639e-12	1	0	0	21	5448
SM00904	Flavokinase	0.999999999997282	-2.71841186713639e-12	1	0	0	21	5448
SM01097	CPSase_sm_chain	0.999999999997282	-2.71841186713639e-12	1	0	0	21	5448
SM01087	COG6	0.999999999997282	-2.71841186713639e-12	1	0	0	21	5448
SM01210	GARS_C	0.999999999997282	-2.71841186713639e-12	1	0	0	21	5448
SM00643	C345C	0.999999999997282	-2.71841186713639e-12	1	0	0	21	5448
SM00321	WSC	0.999999999997282	-2.71841186713639e-12	1	0	0	21	5448
SM01219	Frataxin_Cyay	0.999999999997282	-2.71841186713639e-12	1	0	0	21	5448
SM01368	RB_A	0.999999999997282	-2.71841186713639e-12	1	0	0	21	5448
SM00706	TECPR	0.999999999997282	-2.71841186713639e-12	1	0	0	21	5448
SM01314	SnAC	0.999999999997282	-2.71841186713639e-12	1	0	0	21	5448
SM00062	PBPb	0.999999999997282	-2.71841186713639e-12	1	0	0	21	5448
SM00986	UDG	0.999999999997282	-2.71841186713639e-12	1	0	0	21	5448
SM01135	DIRP	0.999999999997282	-2.71841186713639e-12	1	0	0	21	5448
SM01220	FSA_C	0.999999999997282	-2.71841186713639e-12	1	0	0	21	5448
SM01405	Ribosomal_S6e	0.999999999997282	-2.71841186713639e-12	1	0	0	21	5448
SM01013	APC2	0.999999999997282	-2.71841186713639e-12	1	0	0	21	5448
SM01396	BC10	0.999999999997282	-2.71841186713639e-12	1	0	0	21	5448
SM01180	DWNN	0.999999999997282	-2.71841186713639e-12	1	0	0	21	5448
SM01346	DUF3385	0.999999999997282	-2.71841186713639e-12	1	0	0	21	5448
SM01397	Ribosomal_S3Ae	0.999999999997282	-2.71841186713639e-12	1	0	0	21	5448
SM00746	TRASH	0.999999999997282	-2.71841186713639e-12	1	0	0	21	5448
SM01278	MAPKK1_Int	0.999999999997282	-2.71841186713639e-12	1	0	0	21	5448
SM00250	PLEC	0.999999999997282	-2.71841186713639e-12	1	0	0	21	5448
SM01085	CK_II_beta	0.999999999997282	-2.71841186713639e-12	1	0	0	21	5448
SM01360	A2M	0.999999999997282	-2.71841186713639e-12	1	0	0	21	5448
SM00208	TNFR	0.999999999997282	-2.71841186713639e-12	1	0	0	21	5448
SM01402	Ribosomal_S27	0.999999999997282	-2.71841186713639e-12	1	0	0	21	5448
SM01153	DUF1693	0.999999999997282	-2.71841186713639e-12	1	0	0	21	5448
SM00187	INB	0.999999999997282	-2.71841186713639e-12	1	0	0	21	5448
SM00095	TR_THY	0.999999999997282	-2.71841186713639e-12	1	0	0	21	5448
SM00318	SNc	0.999999999997282	-2.71841186713639e-12	1	0	0	21	5448
SM01359	A2M_N_2	0.999999999997282	-2.71841186713639e-12	1	0	0	21	5448
SM00853	MutL_C	0.999999999997282	-2.71841186713639e-12	1	0	0	21	5448
SM00555	GIT	0.999999999997282	-2.71841186713639e-12	1	0	0	21	5448
SM00762	Cog4	0.999999999997282	-2.71841186713639e-12	1	0	0	21	5448
SM00006	A4_EXTRA	0.999999999997282	-2.71841186713639e-12	1	0	0	21	5448
SM00777	Mad3_BUB1_I	0.999999999997282	-2.71841186713639e-12	1	0	0	21	5448
SM01179	DUF862	0.999999999997282	-2.71841186713639e-12	1	0	0	21	5448
SM00839	ELFV_dehydrog	0.999999999997282	-2.71841186713639e-12	1	0	0	21	5448
SM01047	C1_4	0.999999999997282	-2.71841186713639e-12	1	0	0	21	5448
SM00719	Plus3	0.999999999997282	-2.71841186713639e-12	1	0	0	21	5448
SM01077	Cg6151-P	0.999999999997282	-2.71841186713639e-12	1	0	0	21	5448
SM01311	RPOL_N	0.999999999997282	-2.71841186713639e-12	1	0	0	21	5448
SM00929	NADH-G_4Fe-4S_3	0.999999999997282	-2.71841186713639e-12	1	0	0	21	5448
SM01293	DUF3402	0.999999999997282	-2.71841186713639e-12	1	0	0	21	5448
SM00542	FYRC	0.999999999997282	-2.71841186713639e-12	1	0	0	21	5448
SM01408	ING	0.999999999997282	-2.71841186713639e-12	1	0	0	21	5448
SM00883	Cpn10	0.999999999997282	-2.71841186713639e-12	1	0	0	21	5448
SM01384	Ribosomal_L15e	0.999999999997282	-2.71841186713639e-12	1	0	0	21	5448
SM01020	B2-adapt-app_C	0.999999999997282	-2.71841186713639e-12	1	0	0	21	5448
SM00152	THY	0.999999999997282	-2.71841186713639e-12	1	0	0	21	5448
SM01023	BAF	0.999999999997282	-2.71841186713639e-12	1	0	0	21	5448
SM01308	RICTOR_N	0.999999999997282	-2.71841186713639e-12	1	0	0	21	5448
SM00788	Adenylsucc_synt	0.999999999997282	-2.71841186713639e-12	1	0	0	21	5448
SM01133	DeoC	0.999999999997282	-2.71841186713639e-12	1	0	0	21	5448
SM01076	CG-1	0.999999999997282	-2.71841186713639e-12	1	0	0	21	5448
SM00683	DM16	0.999999999997282	-2.71841186713639e-12	1	0	0	21	5448
SM00811	Alpha_kinase	0.999999999997282	-2.71841186713639e-12	1	0	0	21	5448
SM01123	DBP10CT	0.999999999997282	-2.71841186713639e-12	1	0	0	21	5448
SM01273	Mago-bind	0.999999999997282	-2.71841186713639e-12	1	0	0	21	5448
SM01100	CRAL_TRIO_N	0.999999999997282	-2.71841186713639e-12	1	0	0	21	5448
SM01385	DSS1_SEM1	0.999999999997282	-2.71841186713639e-12	1	0	0	21	5448
SM01128	DDRGK	0.999999999997282	-2.71841186713639e-12	1	0	0	21	5448
SM00946	ProRS-C_1	0.999999999997282	-2.71841186713639e-12	1	0	0	21	5448
SM00937	PCRF	0.999999999997282	-2.71841186713639e-12	1	0	0	21	5448
SM01250	KAT11	0.999999999997282	-2.71841186713639e-12	1	0	0	21	5448
SM01033	BING4CT	0.999999999997282	-2.71841186713639e-12	1	0	0	21	5448
SM01136	DKCLD	0.999999999997282	-2.71841186713639e-12	1	0	0	21	5448
SM00733	Mterf	0.999999999997282	-2.71841186713639e-12	1	0	0	21	5448
SM00143	PI3K_p85B	0.999999999997282	-2.71841186713639e-12	1	0	0	21	5448
SM00709	Zpr1	0.999999999997282	-2.71841186713639e-12	1	0	0	21	5448
SM01137	DMAP_binding	0.999999999997282	-2.71841186713639e-12	1	0	0	21	5448
SM01071	CDC37_N	0.999999999997282	-2.71841186713639e-12	1	0	0	21	5448
SM01307	RICTOR_M	0.999999999997282	-2.71841186713639e-12	1	0	0	21	5448
SM01328	zf-3CxxC	0.999999999997282	-2.71841186713639e-12	1	0	0	21	5448
SM01044	Btz	0.999999999997282	-2.71841186713639e-12	1	0	0	21	5448
SM01272	LsmAD	0.999999999997282	-2.71841186713639e-12	1	0	0	21	5448
SM01254	KLRAQ	0.999999999997282	-2.71841186713639e-12	1	0	0	21	5448
SM01214	Fmp27_GFWDK	0.999999999997282	-2.71841186713639e-12	1	0	0	21	5448
SM01291	N-SET	0.999999999997282	-2.71841186713639e-12	1	0	0	21	5448
SM01036	BP28CT	0.999999999997282	-2.71841186713639e-12	1	0	0	21	5448
SM01377	Ribosomal_L40e	0.999999999997282	-2.71841186713639e-12	1	0	0	21	5448
SM01035	BOP1NT	0.999999999997282	-2.71841186713639e-12	1	0	0	21	5448
SM00541	FYRN	0.999999999997282	-2.71841186713639e-12	1	0	0	21	5448
SM00985	UBA_e1_C	0.999999999997282	-2.71841186713639e-12	1	0	0	21	5448
SM01074	Cdc6_C	0.999999999997282	-2.71841186713639e-12	1	0	0	21	5448
SM01001	AIRC	0.999999999997282	-2.71841186713639e-12	1	0	0	21	5448
SM01152	DUF167	0.999999999997282	-2.71841186713639e-12	1	0	0	21	5448
SM01313	Sec3-PIP2_bind	0.999999999997282	-2.71841186713639e-12	1	0	0	21	5448
SM01389	Spt4	0.999999999997282	-2.71841186713639e-12	1	0	0	21	5448
SM01181	E2_bind	0.999999999997282	-2.71841186713639e-12	1	0	0	21	5448
SM01386	Ribosomal_S13_N	0.999999999997282	-2.71841186713639e-12	1	0	0	21	5448
SM00278	HhH1	0.999999999997282	-2.71841186713639e-12	1	0	0	21	5448
SM00998	ADSL_C	0.999999999997282	-2.71841186713639e-12	1	0	0	21	5448
SM00632	Aamy_C	0.999999999997282	-2.71841186713639e-12	1	0	0	21	5448
SM01104	CTD	0.999999999997282	-2.71841186713639e-12	1	0	0	21	5448
SM00870	Asparaginase	0.999999999997282	-2.71841186713639e-12	1	0	0	21	5448
SM00310	PTBI	0.999999999997282	-2.71841186713639e-12	1	0	0	21	5448
SM01168	DUF1907	0.999999999997282	-2.71841186713639e-12	1	0	0	21	5448
SM00226	LMWPc	0.999999999997282	-2.71841186713639e-12	1	0	0	21	5448
SM00437	TOP1Ac	0.999999999997816	-2.18400817416709e-12	2	0	0	21	5448
SM01270	Longin	0.999999999997816	-2.18400817416709e-12	2	0	0	21	5448
SM00160	RanBD	0.999999999997816	-2.18400817416709e-12	2	0	0	21	5448
SM01010	AMPKBI	0.999999999997816	-2.18400817416709e-12	2	0	0	21	5448
SM00544	MA3	0.999999999997816	-2.18400817416709e-12	2	0	0	21	5448
SM00836	DALR_1	0.999999999997816	-2.18400817416709e-12	2	0	0	21	5448
SM00652	eIF1a	0.999999999997816	-2.18400817416709e-12	2	0	0	21	5448
SM00277	GRAN	0.999999999997816	-2.18400817416709e-12	2	0	0	21	5448
SM00757	CRA	0.999999999997816	-2.18400817416709e-12	2	0	0	21	5448
SM00153	VHP	0.999999999997816	-2.18400817416709e-12	2	0	0	21	5448
SM00907	GDNF	0.999999999997816	-2.18400817416709e-12	2	0	0	21	5448
SM00576	BTP	0.999999999997816	-2.18400817416709e-12	2	0	0	21	5448
SM00963	SRP54_N	0.999999999997816	-2.18400817416709e-12	2	0	0	21	5448
SM00391	MBD	0.999999999997816	-2.18400817416709e-12	2	0	0	21	5448
SM01127	DDHD	0.999999999997816	-2.18400817416709e-12	2	0	0	21	5448
SM01142	DSHCT	0.999999999997816	-2.18400817416709e-12	2	0	0	21	5448
SM00468	PreSET	0.999999999997816	-2.18400817416709e-12	2	0	0	21	5448
SM00442	FGF	0.999999999997816	-2.18400817416709e-12	2	0	0	21	5448
SM00415	HSF	0.999999999997816	-2.18400817416709e-12	2	0	0	21	5448
SM00521	CBF	0.999999999997816	-2.18400817416709e-12	2	0	0	21	5448
SM00086	PAC	0.999999999997816	-2.18400817416709e-12	2	0	0	21	5448
SM01086	ClpB_D2-small	0.999999999997816	-2.18400817416709e-12	2	0	0	21	5448
SM00955	RNB	0.999999999997816	-2.18400817416709e-12	2	0	0	21	5448
SM00981	THUMP	0.999999999997816	-2.18400817416709e-12	2	0	0	21	5448
SM01002	AlaDh_PNT_C	0.999999999997816	-2.18400817416709e-12	2	0	0	21	5448
SM00482	POLAc	0.999999999997816	-2.18400817416709e-12	2	0	0	21	5448
SM00323	RasGAP	0.999999999997816	-2.18400817416709e-12	2	0	0	21	5448
SM01011	AMP_N	0.999999999997816	-2.18400817416709e-12	2	0	0	21	5448
SM00947	Pro_CA	0.999999999997816	-2.18400817416709e-12	2	0	0	21	5448
SM00043	CY	0.999999999997816	-2.18400817416709e-12	2	0	0	21	5448
SM01362	DUF663	0.999999999997816	-2.18400817416709e-12	2	0	0	21	5448
SM00436	TOP1Bc	0.999999999997816	-2.18400817416709e-12	2	0	0	21	5448
SM00978	Tim44	0.999999999997816	-2.18400817416709e-12	2	0	0	21	5448
SM00191	Int_alpha	0.999999999997816	-2.18400817416709e-12	2	0	0	21	5448
SM00167	VPS9	0.999999999997816	-2.18400817416709e-12	2	0	0	21	5448
SM01339	NODP	0.999999999997816	-2.18400817416709e-12	2	0	0	21	5448
SM00851	MGS	0.999999999997816	-2.18400817416709e-12	2	0	0	21	5448
SM00561	MBT	0.999999999997816	-2.18400817416709e-12	2	0	0	21	5448
SM01383	Ribosomal_L2	0.999999999997816	-2.18400817416709e-12	2	0	0	21	5448
SM00960	Robl_LC7	0.999999999997816	-2.18400817416709e-12	2	0	0	21	5448
SM00962	SRP54	0.999999999997816	-2.18400817416709e-12	2	0	0	21	5448
SM00311	PWI	0.999999999997816	-2.18400817416709e-12	2	0	0	21	5448
SM00101	14_3_3	0.999999999997816	-2.18400817416709e-12	2	0	0	21	5448
SM01340	DNA_mis_repair	0.999999999997816	-2.18400817416709e-12	2	0	0	21	5448
SM00731	SprT	0.999999999997816	-2.18400817416709e-12	2	0	0	21	5448
SM00732	YqgFc	0.999999999997816	-2.18400817416709e-12	2	0	0	21	5448
SM00661	RPOL9	0.999999999997816	-2.18400817416709e-12	2	0	0	21	5448
SM00493	TOPRIM	0.999999999997816	-2.18400817416709e-12	2	0	0	21	5448
SM00202	SR	0.999999999997816	-2.18400817416709e-12	2	0	0	21	5448
SM00299	CLH	0.999999999997816	-2.18400817416709e-12	2	0	0	21	5448
SM00881	CoA_binding	0.999999999997816	-2.18400817416709e-12	2	0	0	21	5448
SM01415	DUF106	0.999999999997816	-2.18400817416709e-12	2	0	0	21	5448
SM01145	DUF1041	0.999999999997816	-2.18400817416709e-12	2	0	0	21	5448
SM00111	C4	0.999999999997816	-2.18400817416709e-12	2	0	0	21	5448
SM00580	PUG	0.999999999997816	-2.18400817416709e-12	2	0	0	21	5448
SM00562	NDK	0.999999999997816	-2.18400817416709e-12	2	0	0	21	5448
SM00559	Ku78	0.999999999997816	-2.18400817416709e-12	2	0	0	21	5448
SM01008	Ald_Xan_dh_C	0.999999999997816	-2.18400817416709e-12	2	0	0	21	5448
SM00238	BIR	0.999999999997816	-2.18400817416709e-12	2	0	0	21	5448
SM00775	LNS2	0.999999999997816	-2.18400817416709e-12	2	0	0	21	5448
SM00300	ChSh	0.999999999997816	-2.18400817416709e-12	2	0	0	21	5448
SM00751	BSD	0.999999999997816	-2.18400817416709e-12	2	0	0	21	5448
SM00460	TGc	0.999999999997816	-2.18400817416709e-12	2	0	0	21	5448
SM00517	PolyA	0.999999999997816	-2.18400817416709e-12	2	0	0	21	5448
SM00363	S4	0.999999999997816	-2.18400817416709e-12	2	0	0	21	5448
SM00891	ERCC4	0.999999999997816	-2.18400817416709e-12	2	0	0	21	5448
SM00573	HSA	0.999999999997816	-2.18400817416709e-12	2	0	0	21	5448
SM00662	RPOLD	0.999999999997816	-2.18400817416709e-12	2	0	0	21	5448
SM01114	CXC	0.999999999997816	-2.18400817416709e-12	2	0	0	21	5448
SM00722	CASH	0.999999999997816	-2.18400817416709e-12	2	0	0	21	5448
SM01378	Romo1	0.999999999997816	-2.18400817416709e-12	2	0	0	21	5448
SM00467	GS	0.999999999997816	-2.18400817416709e-12	2	0	0	21	5448
SM00313	PXA	0.999999999997816	-2.18400817416709e-12	2	0	0	21	5448
SM01072	CDC48_2	0.999999999997816	-2.18400817416709e-12	2	0	0	21	5448
SM00384	AT_hook	0.999999999997816	-2.18400817416709e-12	2	0	0	21	5448
SM00608	ACR	0.999999999997816	-2.18400817416709e-12	2	0	0	21	5448
SM00649	RL11	0.999999999997816	-2.18400817416709e-12	2	0	0	21	5448
SM00307	ILWEQ	0.999999999997816	-2.18400817416709e-12	2	0	0	21	5448
SM00992	YccV-like	0.999999999997816	-2.18400817416709e-12	2	0	0	21	5448
SM00255	TIR	0.999999999997816	-2.18400817416709e-12	2	0	0	21	5448
SM00018	PD	0.999999999997816	-2.18400817416709e-12	2	0	0	21	5448
SM01132	DIL	0.999999999997816	-2.18400817416709e-12	2	0	0	21	5448
SM01194	eRF1_1	0.999999999997816	-2.18400817416709e-12	2	0	0	21	5448
SM00394	RIIa	0.999999999997816	-2.18400817416709e-12	2	0	0	21	5448
SM00695	DUSP	0.999999999997816	-2.18400817416709e-12	2	0	0	21	5448
SM01201	FerB	0.999999999997816	-2.18400817416709e-12	2	0	0	21	5448
SM01062	Ca_chan_IQ	0.999999999997816	-2.18400817416709e-12	2	0	0	21	5448
SM01003	AlaDh_PNT_N	0.999999999997816	-2.18400817416709e-12	2	0	0	21	5448
SM01271	LSM14	0.999999999997816	-2.18400817416709e-12	2	0	0	21	5448
SM01065	CBM_2	0.999999999997816	-2.18400817416709e-12	2	0	0	21	5448
SM00956	RQC	0.999999999997816	-2.18400817416709e-12	2	0	0	21	5448
SM00302	GED	0.999999999997816	-2.18400817416709e-12	2	0	0	21	5448
SM00065	GAF	0.999999999997816	-2.18400817416709e-12	2	0	0	21	5448
SM01084	CKS	0.999999999997816	-2.18400817416709e-12	2	0	0	21	5448
SM00535	RIBOc	0.999999999997816	-2.18400817416709e-12	2	0	0	21	5448
SM00200	SEA	0.999999999997816	-2.18400817416709e-12	2	0	0	21	5448
SM00432	MADS	0.999999999997816	-2.18400817416709e-12	2	0	0	21	5448
SM01070	CDC37_M	0.999999999997816	-2.18400817416709e-12	2	0	0	21	5448
SM01166	DUF1899	0.999999999997816	-2.18400817416709e-12	2	0	0	21	5448
SM01269	Lipid_DES	0.999999999997816	-2.18400817416709e-12	2	0	0	21	5448
SM00500	SFM	0.999999999997816	-2.18400817416709e-12	2	0	0	21	5448
SM00785	AARP2CN	0.999999999997816	-2.18400817416709e-12	2	0	0	21	5448
SM00873	B3_4	0.999999999997816	-2.18400817416709e-12	2	0	0	21	5448
SM00545	JmjN	0.999999999997816	-2.18400817416709e-12	2	0	0	21	5448
SM01283	Costars	0.999999999997816	-2.18400817416709e-12	2	0	0	21	5448
SM00472	MIR	0.999999999997816	-2.18400817416709e-12	2	0	0	21	5448
SM01336	zf-PARP	0.999999999997816	-2.18400817416709e-12	2	0	0	21	5448
SM01263	Leuk-A4-hydro_C	0.999999999997816	-2.18400817416709e-12	2	0	0	21	5448
SM01146	DUF1086	0.999999999997816	-2.18400817416709e-12	2	0	0	21	5448
SM00594	UAS	0.999999999997816	-2.18400817416709e-12	2	0	0	21	5448
SM00755	Grip	0.999999999997816	-2.18400817416709e-12	2	0	0	21	5448
SM01399	Sybindin	0.999999999997816	-2.18400817416709e-12	2	0	0	21	5448
SM01338	NOD	0.999999999997816	-2.18400817416709e-12	2	0	0	21	5448
SM01326	PTEN_C2	0.999999999997816	-2.18400817416709e-12	2	0	0	21	5448
SM00144	PI3K_rbd	0.999999999997816	-2.18400817416709e-12	2	0	0	21	5448
SM00214	VWC	0.999999999997816	-2.18400817416709e-12	2	0	0	21	5448
SM01370	TAFII55_N	0.999999999997816	-2.18400817416709e-12	2	0	0	21	5448
SM01246	Josephin	0.999999999997816	-2.18400817416709e-12	2	0	0	21	5448
SM00253	SOCS	0.999999999997816	-2.18400817416709e-12	2	0	0	21	5448
SM01382	Ribosomal_L2_C	0.999999999997816	-2.18400817416709e-12	2	0	0	21	5448
SM00671	SEL1	0.999999999997816	-2.18400817416709e-12	2	0	0	21	5448
SM00223	APPLE	0.999999999997816	-2.18400817416709e-12	2	0	0	21	5448
SM00888	EF1_GNE	0.999999999997816	-2.18400817416709e-12	2	0	0	21	5448
SM00004	NL	0.999999999997816	-2.18400817416709e-12	2	0	0	21	5448
SM00331	PP2C_SIG	0.999999999997816	-2.18400817416709e-12	2	0	0	21	5448
SM01182	EF-1_beta_acid	0.999999999997816	-2.18400817416709e-12	2	0	0	21	5448
SM01390	Ribosomal_S4	0.999999999997816	-2.18400817416709e-12	2	0	0	21	5448
SM00893	ETF	0.999999999997816	-2.18400817416709e-12	2	0	0	21	5448
SM01374	Ribosomal_L14	0.999999999997816	-2.18400817416709e-12	2	0	0	21	5448
SM01141	DRY_EERY	0.999999999997816	-2.18400817416709e-12	2	0	0	21	5448
SM01147	DUF1087	0.999999999997816	-2.18400817416709e-12	2	0	0	21	5448
SM00438	ZnF_NFX	0.999999999997816	-2.18400817416709e-12	2	0	0	21	5448
SM01376	eIF-5a	0.999999999997816	-2.18400817416709e-12	2	0	0	21	5448
SM00712	PUR	0.999999999997816	-2.18400817416709e-12	2	0	0	21	5448
SM00251	SAM_PNT	0.999999999997816	-2.18400817416709e-12	2	0	0	21	5448
SM00572	DZF	0.999999999997816	-2.18400817416709e-12	2	0	0	21	5448
SM00657	RPOL4c	0.999999999997816	-2.18400817416709e-12	2	0	0	21	5448
SM00259	ZnF_A20	0.999999999997816	-2.18400817416709e-12	2	0	0	21	5448
SM01200	FerA	0.999999999997816	-2.18400817416709e-12	2	0	0	21	5448
SM00114	CARD	0.999999999997816	-2.18400817416709e-12	2	0	0	21	5448
SM00308	LH2	0.999999999997816	-2.18400817416709e-12	2	0	0	21	5448
SM00736	CADG	0.999999999997816	-2.18400817416709e-12	2	0	0	21	5448
SM01407	NAC	0.999999999997816	-2.18400817416709e-12	2	0	0	21	5448
SM00650	rADc	0.999999999997816	-2.18400817416709e-12	2	0	0	21	5448
SM00592	BRK	0.999999999997816	-2.18400817416709e-12	2	0	0	21	5448
SM00061	MATH	0.999999999998035	-1.964927478337e-12	75	0	0	21	5448
SM00248	ANK	0.999999999998974	-1.02608896352995e-12	77	0	0	21	5448
SM00184	RING	0.999999999999383	-6.16761327684934e-13	113	0	0	21	5448
SM01048	C6	0.999999999999613	-3.8749202236944e-13	17	0	0	21	5448
SM00338	BRLZ	0.999999999999613	-3.8749202236944e-13	17	0	0	21	5448
SM00454	SAM	0.999999999999613	-3.8749202236944e-13	17	0	0	21	5448
SM00651	Sm	0.999999999999613	-3.8749202236944e-13	17	0	0	21	5448
SM00645	Pept_C1	0.99999999999963	-3.69546881213798e-13	29	0	0	21	5448
SM00326	SH3	0.999999999999699	-3.01286142885844e-13	57	0	0	21	5448
SM00209	TSP1	1.00000000000031	3.13911641600456e-13	28	0	0	21	5448
SM00292	BRCT	1.0000000000004	3.97585309762377e-13	19	0	0	21	5448
SM00164	TBC	1.0000000000004	3.97585309762377e-13	19	0	0	21	5448
SM00456	WW	1.0000000000004	3.97585309762377e-13	19	0	0	21	5448
SM00129	KISc	1.0000000000004	3.97585309762377e-13	19	0	0	21	5448
SM00325	RhoGEF	1.0000000000004	3.97585309762377e-13	19	0	0	21	5448
SM00258	SAND	1.00000000000056	5.6237864844261e-13	4	0	0	21	5448
SM00102	ADF	1.00000000000056	5.6237864844261e-13	4	0	0	21	5448
SM00439	BAH	1.00000000000056	5.6237864844261e-13	4	0	0	21	5448
SM00533	MUTSd	1.00000000000056	5.6237864844261e-13	4	0	0	21	5448
SM00027	EH	1.00000000000056	5.6237864844261e-13	4	0	0	21	5448
SM00679	CTNS	1.00000000000056	5.6237864844261e-13	4	0	0	21	5448
SM00050	DISIN	1.00000000000056	5.6237864844261e-13	4	0	0	21	5448
SM00427	H2B	1.00000000000056	5.6237864844261e-13	4	0	0	21	5448
SM00335	ANX	1.00000000000056	5.6237864844261e-13	4	0	0	21	5448
SM00584	TLDc	1.00000000000056	5.6237864844261e-13	4	0	0	21	5448
SM00913	IBN_N	1.00000000000056	5.6237864844261e-13	4	0	0	21	5448
SM01195	FA	1.00000000000056	5.6237864844261e-13	4	0	0	21	5448
SM00446	LRRcap	1.00000000000056	5.6237864844261e-13	4	0	0	21	5448
SM00474	35EXOc	1.00000000000056	5.6237864844261e-13	4	0	0	21	5448
SM00387	HATPase_c	1.00000000000056	5.6237864844261e-13	4	0	0	21	5448
SM00390	GoLoco	1.00000000000056	5.6237864844261e-13	4	0	0	21	5448
SM00463	SMR	1.00000000000056	5.6237864844261e-13	4	0	0	21	5448
SM00429	IPT	1.00000000000056	5.6237864844261e-13	4	0	0	21	5448
SM00568	GRAM	1.00000000000056	5.6237864844261e-13	4	0	0	21	5448
SM00115	CASc	1.00000000000056	5.6237864844261e-13	4	0	0	21	5448
SM00745	MIT	1.00000000000056	5.6237864844261e-13	4	0	0	21	5448
SM00406	IGv	1.00000000000056	5.6237864844261e-13	4	0	0	21	5448
SM00485	XPGN	1.00000000000056	5.6237864844261e-13	4	0	0	21	5448
SM01026	Beach	1.00000000000056	5.6237864844261e-13	4	0	0	21	5448
SM00281	LamB	1.00000000000056	5.6237864844261e-13	4	0	0	21	5448
SM00674	CENPB	1.00000000000056	5.6237864844261e-13	4	0	0	21	5448
SM00279	HhH2	1.00000000000056	5.6237864844261e-13	4	0	0	21	5448
SM01330	Frizzled	1.00000000000056	5.6237864844261e-13	4	0	0	21	5448
SM00727	STI1	1.00000000000056	5.6237864844261e-13	4	0	0	21	5448
SM01388	Mob1_phocein	1.00000000000056	5.6237864844261e-13	4	0	0	21	5448
SM00889	EFG_IV	1.00000000000056	5.6237864844261e-13	4	0	0	21	5448
SM00224	GGL	1.00000000000056	5.6237864844261e-13	4	0	0	21	5448
SM00846	Gp_dh_N	1.00000000000056	5.6237864844261e-13	4	0	0	21	5448
SM00557	IG_FLMN	1.00000000000056	5.6237864844261e-13	4	0	0	21	5448
SM00444	GYF	1.00000000000056	5.6237864844261e-13	4	0	0	21	5448
SM00013	LRRNT	1.00000000000056	5.6237864844261e-13	4	0	0	21	5448
SM00604	MD	1.00000000000056	5.6237864844261e-13	4	0	0	21	5448
SM00678	WWE	1.00000000000056	5.6237864844261e-13	4	0	0	21	5448
SM01343	FATC	1.00000000000056	5.6237864844261e-13	4	0	0	21	5448
SM00546	CUE	1.00000000000056	5.6237864844261e-13	4	0	0	21	5448
SM00145	PI3Ka	1.00000000000056	5.6237864844261e-13	4	0	0	21	5448
SM00246	WH2	1.00000000000056	5.6237864844261e-13	4	0	0	21	5448
SM01027	Beta-Casp	1.00000000000056	5.6237864844261e-13	4	0	0	21	5448
SM00484	XPGI	1.00000000000056	5.6237864844261e-13	4	0	0	21	5448
SM01053	CaMBD	1.00000000000056	5.6237864844261e-13	4	0	0	21	5448
SM00217	WAP	1.00000000000056	5.6237864844261e-13	4	0	0	21	5448
SM00666	PB1	1.00000000000056	5.6237864844261e-13	4	0	0	21	5448
SM00440	ZnF_C2C2	1.00000000000056	5.6237864844261e-13	4	0	0	21	5448
SM01372	E2F_TDP	1.00000000000056	5.6237864844261e-13	4	0	0	21	5448
SM00534	MUTSac	1.00000000000056	5.6237864844261e-13	4	0	0	21	5448
SM00288	VHS	1.00000000000056	5.6237864844261e-13	4	0	0	21	5448
SM00642	Aamy	1.00000000000056	5.6237864844261e-13	4	0	0	21	5448
SM00409	IG	1.00000000000096	9.62481900846714e-13	51	0	0	21	5448
SM00487	DEXDc	1.00000000000114	1.13995835901414e-12	79	0	0	21	5448
SM00861	Transket_pyr	1.0000000000016	1.60490416478134e-12	5	0	0	21	5448
SM00800	uDENN	1.0000000000016	1.60490416478134e-12	5	0	0	21	5448
SM00461	WH1	1.0000000000016	1.60490416478134e-12	5	0	0	21	5448
SM00036	CNH	1.0000000000016	1.60490416478134e-12	5	0	0	21	5448
SM00582	RPR	1.0000000000016	1.60490416478134e-12	5	0	0	21	5448
SM01230	Gln-synt_C	1.0000000000016	1.60490416478134e-12	5	0	0	21	5448
SM00739	KOW	1.0000000000016	1.60490416478134e-12	5	0	0	21	5448
SM00205	THN	1.0000000000016	1.60490416478134e-12	5	0	0	21	5448
SM00367	LRR_CC	1.0000000000016	1.60490416478134e-12	5	0	0	21	5448
SM01411	Ephrin_rec_like	1.0000000000016	1.60490416478134e-12	5	0	0	21	5448
SM00290	ZnF_UBP	1.0000000000016	1.60490416478134e-12	5	0	0	21	5448
SM00128	IPPc	1.0000000000016	1.60490416478134e-12	5	0	0	21	5448
SM00204	TGFB	1.0000000000016	1.60490416478134e-12	5	0	0	21	5448
SM00136	LamNT	1.0000000000016	1.60490416478134e-12	5	0	0	21	5448
SM00045	DAGKa	1.0000000000016	1.60490416478134e-12	5	0	0	21	5448
SM00577	CPDc	1.0000000000016	1.60490416478134e-12	5	0	0	21	5448
SM00638	LPD_N	1.0000000000016	1.60490416478134e-12	5	0	0	21	5448
SM00502	BBC	1.0000000000016	1.60490416478134e-12	5	0	0	21	5448
SM00710	PbH1	1.0000000000016	1.60490416478134e-12	5	0	0	21	5448
SM00503	SynN	1.0000000000016	1.60490416478134e-12	5	0	0	21	5448
SM01169	DUF1943	1.0000000000016	1.60490416478134e-12	5	0	0	21	5448
SM00423	PSI	1.0000000000016	1.60490416478134e-12	5	0	0	21	5448
SM00879	Brix	1.0000000000016	1.60490416478134e-12	5	0	0	21	5448
SM00186	FBG	1.0000000000016	1.60490416478134e-12	5	0	0	21	5448
SM00120	HX	1.0000000000016	1.60490416478134e-12	5	0	0	21	5448
SM00005	DEATH	1.0000000000016	1.60490416478134e-12	5	0	0	21	5448
SM00501	BRIGHT	1.0000000000016	1.60490416478134e-12	5	0	0	21	5448
SM00968	SMC_hinge	1.0000000000016	1.60490416478134e-12	5	0	0	21	5448
SM00730	PSN	1.0000000000016	1.60490416478134e-12	5	0	0	21	5448
SM01163	DUF1785	1.0000000000016	1.60490416478134e-12	5	0	0	21	5448
SM00063	FRI	1.0000000000016	1.60490416478134e-12	5	0	0	21	5448
SM01052	CAP_GLY	1.0000000000016	1.60490416478134e-12	5	0	0	21	5448
SM00801	dDENN	1.0000000000016	1.60490416478134e-12	5	0	0	21	5448
SM00721	BAR	1.0000000000016	1.60490416478134e-12	5	0	0	21	5448
SM00878	Biotin_carb_C	1.0000000000016	1.60490416478134e-12	5	0	0	21	5448
SM00097	WNT1	1.0000000000016	1.60490416478134e-12	5	0	0	21	5448
SM00357	CSP	1.0000000000016	1.60490416478134e-12	5	0	0	21	5448
SM00222	Sec7	1.0000000000016	1.60490416478134e-12	5	0	0	21	5448
SM00799	DENN	1.0000000000016	1.60490416478134e-12	5	0	0	21	5448
SM00614	ZnF_BED	1.0000000000016	1.60490416478134e-12	5	0	0	21	5448
SM00486	POLBc	1.0000000000016	1.60490416478134e-12	5	0	0	21	5448
SM00670	PINc	1.0000000000016	1.60490416478134e-12	5	0	0	21	5448
SM00414	H2A	1.0000000000016	1.60490416478134e-12	5	0	0	21	5448
SM00257	LysM	1.0000000000016	1.60490416478134e-12	5	0	0	21	5448
SM00630	Sema	1.0000000000016	1.60490416478134e-12	5	0	0	21	5448
SM00014	acidPPc	1.0000000000016	1.60490416478134e-12	5	0	0	21	5448
SM00219	TyrKc	1.00000000000172	1.71674102974303e-12	67	0	0	21	5448
SM00332	PP2Cc	1.0000000000021	2.09612273445351e-12	11	0	0	21	5448
SM00831	Cation_ATPase_N	1.0000000000021	2.09612273445351e-12	11	0	0	21	5448
SM00301	DM	1.0000000000021	2.09612273445351e-12	11	0	0	21	5448
SM00847	HA2	1.0000000000021	2.09612273445351e-12	11	0	0	21	5448
SM00647	IBR	1.0000000000021	2.09612273445351e-12	11	0	0	21	5448
SM00343	ZnF_C2HC	1.0000000000021	2.09612273445351e-12	11	0	0	21	5448
SM00112	CA	1.0000000000021	2.09612273445351e-12	11	0	0	21	5448
SM00025	Pumilio	1.0000000000021	2.09612273445351e-12	11	0	0	21	5448
SM00312	PX	1.0000000000021	2.09612273445351e-12	11	0	0	21	5448
SM00180	EGF_Lam	1.0000000000021	2.09612273445351e-12	11	0	0	21	5448
SM00449	SPRY	1.0000000000021	2.09612273445351e-12	11	0	0	21	5448
SM00268	ACTIN	1.0000000000021	2.09612273445351e-12	11	0	0	21	5448
SM00244	PHB	1.0000000000021	2.09612273445351e-12	11	0	0	21	5448
SM00234	START	1.00000000000294	2.94337646426217e-12	7	0	0	21	5448
SM00055	FCH	1.00000000000294	2.94337646426217e-12	7	0	0	21	5448
SM00032	CCP	1.00000000000294	2.94337646426217e-12	7	0	0	21	5448
SM00182	CULLIN	1.00000000000294	2.94337646426217e-12	7	0	0	21	5448
SM00513	SAP	1.00000000000294	2.94337646426217e-12	7	0	0	21	5448
SM00396	ZnF_UBR1	1.00000000000294	2.94337646426217e-12	7	0	0	21	5448
SM00150	SPEC	1.00000000000294	2.94337646426217e-12	7	0	0	21	5448
SM00165	UBA	1.00000000000294	2.94337646426217e-12	7	0	0	21	5448
SM00523	DWA	1.00000000000294	2.94337646426217e-12	7	0	0	21	5448
SM00948	Proteasome_A_N	1.00000000000294	2.94337646426217e-12	7	0	0	21	5448
SM00526	H15	1.00000000000294	2.94337646426217e-12	7	0	0	21	5448
SM00744	RINGv	1.00000000000294	2.94337646426217e-12	7	0	0	21	5448
SM00664	DoH	1.00000000000294	2.94337646426217e-12	7	0	0	21	5448
SM00498	FH2	1.00000000000294	2.94337646426217e-12	7	0	0	21	5448
SM00386	HAT	1.00000000000294	2.94337646426217e-12	7	0	0	21	5448
SM00216	VWD	1.00000000000294	2.94337646426217e-12	7	0	0	21	5448
SM00232	JAB_MPN	1.00000000000294	2.94337646426217e-12	7	0	0	21	5448
SM00109	C1	1.00000000000329	3.2932189160716e-12	31	0	0	21	5448
SM00636	Glyco_18	1.00000000000329	3.2932189160716e-12	31	0	0	21	5448
SM00064	FYVE	1.00000000000366	3.6621008405362e-12	16	0	0	21	5448
SM00717	SANT	1.00000000000366	3.6621008405362e-12	16	0	0	21	5448
SM00462	PTB	1.00000000000366	3.6621008405362e-12	16	0	0	21	5448
SM00398	HMG	1.00000000000366	3.6621008405362e-12	16	0	0	21	5448
SM00864	Tubulin	1.00000000000366	3.6621008405362e-12	16	0	0	21	5448
SM00369	LRR_TYP	1.00000000000379	3.78521657248787e-12	38	0	0	21	5448
SM00241	ZP	1.00000000000379	3.78521657248787e-12	38	0	0	21	5448
SM00060	FN3	1.00000000000379	3.78521657248787e-12	38	0	0	21	5448
SM00333	TUDOR	1.00000000000384	3.84199876645757e-12	8	0	0	21	5448
SM00413	ETS	1.00000000000384	3.84199876645757e-12	8	0	0	21	5448
SM00458	RICIN	1.00000000000384	3.84199876645757e-12	8	0	0	21	5448
SM00285	PBD	1.00000000000384	3.84199876645757e-12	8	0	0	21	5448
SM00147	RasGEF	1.00000000000384	3.84199876645757e-12	8	0	0	21	5448
SM00524	DWB	1.00000000000384	3.84199876645757e-12	8	0	0	21	5448
SM00082	LRRCT	1.00000000000384	3.84199876645757e-12	8	0	0	21	5448
SM00274	FOLN	1.00000000000384	3.84199876645757e-12	8	0	0	21	5448
SM00547	ZnF_RBZ	1.00000000000384	3.84199876645757e-12	8	0	0	21	5448
SM01349	TOG	1.00000000000384	3.84199876645757e-12	8	0	0	21	5448
SM00667	LisH	1.00000000000384	3.84199876645757e-12	8	0	0	21	5448
SM00358	DSRM	1.00000000000384	3.84199876645757e-12	8	0	0	21	5448
SM01190	EMP24_GP25L	1.00000000000384	3.84199876645757e-12	8	0	0	21	5448
SM00297	BROMO	1.00000000000422	4.21526187299903e-12	15	0	0	21	5448
SM00865	Tubulin_C	1.00000000000422	4.21526187299903e-12	15	0	0	21	5448
SM00563	PlsC	1.00000000000422	4.21526187299903e-12	15	0	0	21	5448
SM00703	NRF	1.00000000000422	4.21526187299903e-12	15	0	0	21	5448
SM00389	HOX	1.00000000000428	4.27502371054163e-12	96	0	0	21	5448
SM00213	UBQ	1.0000000000044	4.39921047032814e-12	25	0	0	21	5448
SM01017	Arrestin_C	1.0000000000044	4.39921047032814e-12	25	0	0	21	5448
SM00276	GLECT	1.0000000000044	4.39921047032814e-12	25	0	0	21	5448
SM00908	Gal-bind_lectin	1.0000000000044	4.39921047032814e-12	25	0	0	21	5448
SM00408	IGc2	1.00000000000443	4.4329231496683e-12	50	0	0	21	5448
SM00605	CW	1.00000000000443	4.4329231496683e-12	50	0	0	21	5448
SM00320	WD40	1.0000000000046	4.60038598275817e-12	127	0	0	21	5448
SM00149	PLCYc	1.00000000000494	4.94305220745371e-12	6	0	0	21	5448
SM00838	EFG_C	1.00000000000494	4.94305220745371e-12	6	0	0	21	5448
SM00508	PostSET	1.00000000000494	4.94305220745371e-12	6	0	0	21	5448
SM00093	SERPIN	1.00000000000494	4.94305220745371e-12	6	0	0	21	5448
SM00665	B561	1.00000000000494	4.94305220745371e-12	6	0	0	21	5448
SM00539	NIDO	1.00000000000494	4.94305220745371e-12	6	0	0	21	5448
SM00593	RUN	1.00000000000494	4.94305220745371e-12	6	0	0	21	5448
SM00350	MCM	1.00000000000494	4.94305220745371e-12	6	0	0	21	5448
SM00046	DAGKc	1.00000000000494	4.94305220745371e-12	6	0	0	21	5448
SM00135	LY	1.00000000000494	4.94305220745371e-12	6	0	0	21	5448
SM00229	RasGEFN	1.00000000000494	4.94305220745371e-12	6	0	0	21	5448
SM00720	calpain_III	1.00000000000494	4.94305220745371e-12	6	0	0	21	5448
SM00303	GPS	1.00000000000494	4.94305220745371e-12	6	0	0	21	5448
SM00551	ZnF_TAZ	1.00000000000494	4.94305220745371e-12	6	0	0	21	5448
SM00316	S1	1.00000000000494	4.94305220745371e-12	6	0	0	21	5448
SM00273	ENTH	1.00000000000494	4.94305220745371e-12	6	0	0	21	5448
SM00668	CTLH	1.00000000000494	4.94305220745371e-12	6	0	0	21	5448
SM01109	CUT	1.00000000000494	4.94305220745371e-12	6	0	0	21	5448
SM00148	PLCXc	1.00000000000494	4.94305220745371e-12	6	0	0	21	5448
SM00091	PAS	1.00000000000494	4.94305220745371e-12	6	0	0	21	5448
SM00008	HormR	1.00000000000494	4.94305220745371e-12	6	0	0	21	5448
SM00537	DCX	1.00000000000494	4.94305220745371e-12	6	0	0	21	5448
SM01329	Iso_dh	1.00000000000494	4.94305220745371e-12	6	0	0	21	5448
SM01375	Dynein_light	1.00000000000494	4.94305220745371e-12	6	0	0	21	5448
SM00855	PGAM	1.00000000000494	4.94305220745371e-12	6	0	0	21	5448
SM00105	ArfGap	1.00000000000494	4.94305220745371e-12	6	0	0	21	5448
SM01057	Carb_anhydrase	1.00000000000494	4.94305220745371e-12	6	0	0	21	5448
SM00591	RWD	1.00000000000494	4.94305220745371e-12	6	0	0	21	5448
SM00155	PLDc	1.00000000000494	4.94305220745371e-12	6	0	0	21	5448
SM00211	TY	1.00000000000494	4.94305220745371e-12	6	0	0	21	5448
SM01332	Cyclin_C	1.00000000000494	4.94305220745371e-12	6	0	0	21	5448
SM00884	Cullin_Nedd8	1.00000000000494	4.94305220745371e-12	6	0	0	21	5448
SM00543	MIF4G	1.00000000000494	4.94305220745371e-12	6	0	0	21	5448
SM00054	EFh	1.00000000000508	5.07795585317515e-12	53	0	0	21	5448
SM00252	SH2	1.00000000000508	5.07795585317515e-12	53	0	0	21	5448
SM00235	ZnMc	1.00000000000514	5.14422939697259e-12	46	0	0	21	5448
SM00271	DnaJ	1.00000000000542	5.41891199930644e-12	32	0	0	21	5448
SM00198	SCP	1.00000000000542	5.41891199930644e-12	32	0	0	21	5448
SM00356	ZnF_C3H1	1.00000000000542	5.41891199930644e-12	32	0	0	21	5448
SM00249	PHD	1.00000000000574	5.74475908823082e-12	35	0	0	21	5448
SM00131	KU	1.00000000000574	5.74475908823082e-12	35	0	0	21	5448
SM00044	CYCc	1.00000000000575	5.747663635873e-12	37	0	0	21	5448
SM00583	SPK	1.00000000000575	5.747663635873e-12	37	0	0	21	5448
SM00612	Kelch	1.0000000000058	5.80151412865986e-12	10	0	0	21	5448
SM01196	FERM_C	1.0000000000058	5.80151412865986e-12	10	0	0	21	5448
SM00291	ZnF_ZZ	1.0000000000058	5.80151412865986e-12	10	0	0	21	5448
SM00185	ARM	1.0000000000058	5.80151412865986e-12	10	0	0	21	5448
SM00240	FHA	1.0000000000058	5.80151412865986e-12	10	0	0	21	5448
SM00351	PAX	1.0000000000058	5.80151412865986e-12	10	0	0	21	5448
SM00479	EXOIII	1.0000000000058	5.80151412865986e-12	10	0	0	21	5448
SM00051	DSL	1.0000000000058	5.80151412865986e-12	10	0	0	21	5448
SM00146	PI3Kc	1.0000000000058	5.80151412865986e-12	10	0	0	21	5448
SM00305	HintC	1.0000000000058	5.80151412865986e-12	10	0	0	21	5448
SM00306	HintN	1.0000000000058	5.80151412865986e-12	10	0	0	21	5448
SM01391	Filament	1.0000000000058	5.80151412865986e-12	10	0	0	21	5448
SM00020	Tryp_SPc	1.0000000000058	5.80151412865986e-12	10	0	0	21	5448
SM00329	BPI2	1.0000000000058	5.80151412865986e-12	10	0	0	21	5448
SM01381	7TM_GPCR_Srsx	1.00000000000629	6.28775734599334e-12	76	0	0	21	5448
SM00473	PAN_AP	1.00000000000681	6.81373201070816e-12	21	0	0	21	5448
SM00950	Piwi	1.00000000000681	6.81373201070816e-12	21	0	0	21	5448
SM00425	TBOX	1.00000000000681	6.81373201070816e-12	21	0	0	21	5448
SM00336	BBOX	1.00000000000681	6.81373201070816e-12	21	0	0	21	5448
SM01088	Col_cuticle_N	1.00000000000763	7.63155743429821e-12	156	0	0	21	5448
SM00490	HELICc	1.00000000000792	7.92391592933989e-12	78	0	0	21	5448
SM00194	PTPc	1.00000000000792	7.92391592933989e-12	78	0	0	21	5448
SM00220	S_TKc	1.0000000000081	8.10487420247851e-12	277	0	0	21	5448
SM00613	PAW	1.00000000000813	8.1274532512519e-12	13	0	0	21	5448
SM00088	PINT	1.00000000000813	8.1274532512519e-12	13	0	0	21	5448
SM00714	LITAF	1.00000000000813	8.1274532512519e-12	13	0	0	21	5448
SM00401	ZnF_GATA	1.00000000000813	8.1274532512519e-12	13	0	0	21	5448
SM00361	RRM_1	1.00000000000813	8.1274532512519e-12	13	0	0	21	5448
SM00875	BACK	1.00000000000813	8.1274532512519e-12	13	0	0	21	5448
SM00450	RHOD	1.00000000000813	8.1274532512519e-12	13	0	0	21	5448
SM00631	Zn_pept	1.00000000000813	8.1274532512519e-12	13	0	0	21	5448
SM00404	PTPc_motif	1.00000000000836	8.36061661682352e-12	88	0	0	21	5448
SM00225	BTB	1.00000000000842	8.41955039058027e-12	126	0	0	21	5448
SM00298	CHROMO	1.00000000000857	8.57277825380937e-12	20	0	0	21	5448
SM00133	S_TK_X	1.00000000000857	8.57277825380937e-12	20	0	0	21	5448
SM00142	PI3K_C2	1.00000000000877	8.77491557334891e-12	3	0	0	21	5448
SM00441	FF	1.00000000000877	8.77491557334891e-12	3	0	0	21	5448
SM01218	FoP_duplication	1.00000000000877	8.77491557334891e-12	3	0	0	21	5448
SM00863	tRNA_SAD	1.00000000000877	8.77491557334891e-12	3	0	0	21	5448
SM00852	MoCF_biosynth	1.00000000000877	8.77491557334891e-12	3	0	0	21	5448
SM00341	HRDC	1.00000000000877	8.77491557334891e-12	3	0	0	21	5448
SM00139	MyTH4	1.00000000000877	8.77491557334891e-12	3	0	0	21	5448
SM00916	L51_S25_CI-B8	1.00000000000877	8.77491557334891e-12	3	0	0	21	5448
SM00694	DysFC	1.00000000000877	8.77491557334891e-12	3	0	0	21	5448
SM00973	Sec63	1.00000000000877	8.77491557334891e-12	3	0	0	21	5448
SM00261	FU	1.00000000000877	8.77491557334891e-12	3	0	0	21	5448
SM00540	LEM	1.00000000000877	8.77491557334891e-12	3	0	0	21	5448
SM00434	TOP4c	1.00000000000877	8.77491557334891e-12	3	0	0	21	5448
SM00166	UBX	1.00000000000877	8.77491557334891e-12	3	0	0	21	5448
SM00053	DYNc	1.00000000000877	8.77491557334891e-12	3	0	0	21	5448
SM00137	MAM	1.00000000000877	8.77491557334891e-12	3	0	0	21	5448
SM00686	DM13	1.00000000000877	8.77491557334891e-12	3	0	0	21	5448
SM00648	SWAP	1.00000000000877	8.77491557334891e-12	3	0	0	21	5448
SM00571	DDT	1.00000000000877	8.77491557334891e-12	3	0	0	21	5448
SM00931	NOSIC	1.00000000000877	8.77491557334891e-12	3	0	0	21	5448
SM00504	Ubox	1.00000000000877	8.77491557334891e-12	3	0	0	21	5448
SM00564	PQQ	1.00000000000877	8.77491557334891e-12	3	0	0	21	5448
SM00872	Alpha-mann_mid	1.00000000000877	8.77491557334891e-12	3	0	0	21	5448
SM00726	UIM	1.00000000000877	8.77491557334891e-12	3	0	0	21	5448
SM00723	AMOP	1.00000000000877	8.77491557334891e-12	3	0	0	21	5448
SM00134	LU	1.00000000000877	8.77491557334891e-12	3	0	0	21	5448
SM00693	DysFN	1.00000000000877	8.77491557334891e-12	3	0	0	21	5448
SM00488	DEXDc2	1.00000000000877	8.77491557334891e-12	3	0	0	21	5448
SM00969	SOCS_box	1.00000000000877	8.77491557334891e-12	3	0	0	21	5448
SM00581	PSP	1.00000000000877	8.77491557334891e-12	3	0	0	21	5448
SM00041	CT	1.00000000000877	8.77491557334891e-12	3	0	0	21	5448
SM01403	Ribosomal_S10	1.00000000000877	8.77491557334891e-12	3	0	0	21	5448
SM01140	Drf_GBD	1.00000000000877	8.77491557334891e-12	3	0	0	21	5448
SM01007	Aldolase_II	1.00000000000877	8.77491557334891e-12	3	0	0	21	5448
SM00154	ZnF_AN1	1.00000000000877	8.77491557334891e-12	3	0	0	21	5448
SM00151	SWIB	1.00000000000877	8.77491557334891e-12	3	0	0	21	5448
SM00393	R3H	1.00000000000877	8.77491557334891e-12	3	0	0	21	5448
SM00392	PROF	1.00000000000877	8.77491557334891e-12	3	0	0	21	5448
SM00715	LA	1.00000000000877	8.77491557334891e-12	3	0	0	21	5448
SM00218	ZU5	1.00000000000877	8.77491557334891e-12	3	0	0	21	5448
SM00570	AWS	1.00000000000877	8.77491557334891e-12	3	0	0	21	5448
SM00704	ZnF_CDGSH	1.00000000000877	8.77491557334891e-12	3	0	0	21	5448
SM00773	WGR	1.00000000000877	8.77491557334891e-12	3	0	0	21	5448
SM00264	BAG	1.00000000000877	8.77491557334891e-12	3	0	0	21	5448
SM01015	Arfaptin	1.00000000000877	8.77491557334891e-12	3	0	0	21	5448
SM01178	DUF4217	1.00000000000877	8.77491557334891e-12	3	0	0	21	5448
SM00823	PKS_PP	1.00000000000877	8.77491557334891e-12	3	0	0	21	5448
SM00663	RPOLA_N	1.00000000000877	8.77491557334891e-12	3	0	0	21	5448
SM00284	OLF	1.00000000000877	8.77491557334891e-12	3	0	0	21	5448
SM00021	DAX	1.00000000000877	8.77491557334891e-12	3	0	0	21	5448
SM00270	ChtBD1	1.00000000000877	8.77491557334891e-12	3	0	0	21	5448
SM00825	PKS_KS	1.00000000000877	8.77491557334891e-12	3	0	0	21	5448
SM00735	ZM	1.00000000000877	8.77491557334891e-12	3	0	0	21	5448
SM01073	CDC48_N	1.00000000000877	8.77491557334891e-12	3	0	0	21	5448
SM00352	POU	1.00000000000877	8.77491557334891e-12	3	0	0	21	5448
SM01139	Drf_FH3	1.00000000000877	8.77491557334891e-12	3	0	0	21	5448
SM01060	Catalase	1.00000000000877	8.77491557334891e-12	3	0	0	21	5448
SM00231	FA58C	1.00000000000877	8.77491557334891e-12	3	0	0	21	5448
SM00673	CARP	1.00000000000877	8.77491557334891e-12	3	0	0	21	5448
SM00090	RIO	1.00000000000877	8.77491557334891e-12	3	0	0	21	5448
SM01175	DUF4206	1.00000000000877	8.77491557334891e-12	3	0	0	21	5448
SM00237	Calx_beta	1.00000000000877	8.77491557334891e-12	3	0	0	21	5448
SM00827	PKS_AT	1.00000000000877	8.77491557334891e-12	3	0	0	21	5448
SM01337	APC10	1.00000000000877	8.77491557334891e-12	3	0	0	21	5448
SM00330	PIPKc	1.00000000000877	8.77491557334891e-12	3	0	0	21	5448
SM00980	THAP	1.00000000000877	8.77491557334891e-12	3	0	0	21	5448
SM00491	HELICc2	1.00000000000877	8.77491557334891e-12	3	0	0	21	5448
SM01287	Rtt106	1.00000000000877	8.77491557334891e-12	3	0	0	21	5448
SM00809	Alpha_adaptinC2	1.00000000000877	8.77491557334891e-12	3	0	0	21	5448
SM00085	PA2c	1.00000000000877	8.77491557334891e-12	3	0	0	21	5448
SM00464	LON	1.00000000000877	8.77491557334891e-12	3	0	0	21	5448
SM00243	GAS2	1.00000000000877	8.77491557334891e-12	3	0	0	21	5448
SM00552	ADEAMc	1.00000000000877	8.77491557334891e-12	3	0	0	21	5448
SM00991	WHEP-TRS	1.00000000000877	8.77491557334891e-12	3	0	0	21	5448
SM00280	KAZAL	1.00000000000877	8.77491557334891e-12	3	0	0	21	5448
SM00130	KR	1.00000000000877	8.77491557334891e-12	3	0	0	21	5448
SM00359	PUA	1.00000000000877	8.77491557334891e-12	3	0	0	21	5448
SM01161	DUF1767	1.00000000000877	8.77491557334891e-12	3	0	0	21	5448
SM00569	L27	1.00000000000877	8.77491557334891e-12	3	0	0	21	5448
SM00262	GEL	1.00000000000877	8.77491557334891e-12	3	0	0	21	5448
SM00433	TOP2c	1.00000000000877	8.77491557334891e-12	3	0	0	21	5448
SM01041	BRO1	1.00000000000877	8.77491557334891e-12	3	0	0	21	5448
SM00322	KH	1.00000000000883	8.83380419620899e-12	27	0	0	21	5448
SM00453	WSN	1.00000000000935	9.34650299386546e-12	39	0	0	21	5448
SM00289	WR1	1.00000000000935	9.34650299386546e-12	39	0	0	21	5448
SM00355	ZnF_C2H2	1.00000000000936	9.35520842294714e-12	135	0	0	21	5448
SM00181	EGF	1.00000000000936	9.35786694369977e-12	73	0	0	21	5448
SM00230	CysPc	1.00000000000943	9.43051951537947e-12	12	0	0	21	5448
SM00558	JmjC	1.00000000000943	9.43051951537947e-12	12	0	0	21	5448
SM00829	PKS_ER	1.00000000000943	9.43051951537947e-12	12	0	0	21	5448
SM00849	Lactamase_B	1.00000000000943	9.43051951537947e-12	12	0	0	21	5448
SM00327	VWA	1.00000000001013	1.01317068417938e-11	43	0	0	21	5448
SM00353	HLH	1.0000000000103	1.02967014048203e-11	36	0	0	21	5448
SM00179	EGF_CA	1.00000000001042	1.04204487675528e-11	41	0	0	21	5448
SM00239	C2	1.00000000001042	1.04204487675528e-11	41	0	0	21	5448
SM00360	RRM	1.00000000001043	1.04294165636634e-11	100	0	0	21	5448
SM00512	Skp1	1.00000000001063	1.06289045357972e-11	22	0	0	21	5448
SM00397	t_SNARE	1.00000000001292	1.29181867838192e-11	14	0	0	21	5448
SM00516	SEC14	1.00000000001292	1.29181867838192e-11	14	0	0	21	5448
SM00195	DSPc	1.00000000001292	1.29181867838192e-11	14	0	0	21	5448
SM00100	cNMP	1.00000000001292	1.29181867838192e-11	14	0	0	21	5448
SM00443	G_patch	1.00000000001292	1.29181867838192e-11	14	0	0	21	5448
SM00282	LamG	1.00000000001292	1.29181867838192e-11	14	0	0	21	5448
SM00156	PP2Ac	1.00000000001304	1.3043655306966e-11	45	0	0	21	5448
SM00028	TPR	1.00000000001304	1.3043655306966e-11	45	0	0	21	5448
SM00192	LDLa	1.00000000001323	1.32315307705397e-11	23	0	0	21	5448
SM00324	RhoGAP	1.00000000001323	1.32315307705397e-11	23	0	0	21	5448
SM00741	SapB	1.00000000001323	1.32315307705397e-11	23	0	0	21	5448
SM00132	LIM	1.00000000001393	1.39265005925751e-11	30	0	0	21	5448
SM00317	SET	1.00000000001393	1.39265005925751e-11	30	0	0	21	5448
SM00228	PDZ	1.00000000001957	1.95720590657515e-11	54	0	0	21	5448
