TermID	Term	Enrichment	logP	Genes in Term	Target Genes in Term	Fraction of Targets in Term	Total Target Genes	Total Genes	Entrez Gene IDs	Gene Symbols
PR00503	BROMODOMAIN	3.41568446130518e-06	-12.5871326571167	13	5	0.104166666666667	48	2330	173769,176078,172504,178015,173257	athp-2,baz-2,pbrm-1,swsn-4,taf-1
PR00747	GLYHDRLASE47	0.000271207241050637	-8.21262730221525	7	3	0.0625	48	2330	179653,181210,180787	F10C2.5,ZC506.1,mans-3
PR00106	DNAPOLB	0.00123076738360068	-6.70011741502947	3	2	0.0416666666666667	48	2330	179652,175809	F10C2.4,rev-3
PR00193	MYOSINHEAVY	0.00455669712717079	-5.39115723211505	17	3	0.0625	48	2330	172562,180581,176872	nmy-2,nmy-1,hum-8
PR00301	HEATSHOCK70	0.0203062818873158	-3.89682498822784	11	2	0.0416666666666667	48	2330	174033,181422	T24H7.2,T14G8.3
PR00779	INSP3RECEPTR	0.0206008583691353	-3.88242253565008	1	1	0.0208333333333333	48	2330	177546	itr-1
PR00985	TRNASYNTHLEU	0.0206008583691353	-3.88242253565008	1	1	0.0208333333333333	48	2330	172499	lars-2
PR00928	GRAVESDC	0.0206008583691353	-3.88242253565008	1	1	0.0208333333333333	48	2330	186276	F55A11.4
PR00868	DNAPOLI	0.0206008583691353	-3.88242253565008	1	1	0.0208333333333333	48	2330	175810	polq-1
PR00373	GLYCHORMONER	0.0206008583691353	-3.88242253565008	1	1	0.0208333333333333	48	2330	179381	fshr-1
PR00416	EUTPISMRASEI	0.0206008583691353	-3.88242253565008	1	1	0.0208333333333333	48	2330	266847	top-1
PR00261	LDLRECEPTOR	0.0367923341169622	-3.30246576754629	15	2	0.0416666666666667	48	2330	171981,172520	lrp-2,lrp-1
PR00805	ALPHACATENIN	0.040785984516389	-3.19941677334259	2	1	0.0208333333333333	48	2330	179624	hmp-1
PR00685	TIFACTORIIB	0.040785984516389	-3.19941677334259	2	1	0.0208333333333333	48	2330	174199	brf-1
PR00984	TRNASYNTHILE	0.040785984516389	-3.19941677334259	2	1	0.0208333333333333	48	2330	172884	iars-2
PR00980	TRNASYNTHALA	0.040785984516389	-3.19941677334259	2	1	0.0208333333333333	48	2330	174749	aars-1
PR01185	INTEGRINA	0.040785984516389	-3.19941677334259	2	1	0.0208333333333333	48	2330	176296	ina-1
PR00597	GELSOLIN	0.040785984516389	-3.19941677334259	2	1	0.0208333333333333	48	2330	176215	fli-1
PR01039	TRNASYNTHTRP	0.040785984516389	-3.19941677334259	2	1	0.0208333333333333	48	2330	175719	prx-10
PR00120	HATPASE	0.040785984516389	-3.19941677334259	2	1	0.0208333333333333	48	2330	176770	cua-1
PR00986	TRNASYNTHVAL	0.040785984516389	-3.19941677334259	2	1	0.0208333333333333	48	2330	179184	vars-1
PR00380	KINESINHEAVY	0.0464308506679271	-3.06979115560345	17	2	0.0416666666666667	48	2330	174144,178057	unc-104,klp-12
PR00683	SPECTRINPH	0.0605635930835139	-2.80406134064344	3	1	0.0208333333333333	48	2330	179629	sma-1
PR00195	DYNAMIN	0.0605635930835139	-2.80406134064344	3	1	0.0208333333333333	48	2330	174476	eat-3
PR00853	XPGRADSUPER	0.0799417398531409	-2.52645716144818	4	1	0.0208333333333333	48	2330	186441	xpg-1
PR00723	SUBTILISIN	0.0989283247572516	-2.31335968340757	5	1	0.0208333333333333	48	2330	174018	tpp-2
PR00762	CLCHANNEL	0.117531094826455	-2.14105234358717	6	1	0.0208333333333333	48	2330	179655	clh-6
PR00390	PHPHLIPASEC	0.117531094826455	-2.14105234358717	6	1	0.0208333333333333	48	2330	177525	plc-4
PR00360	C2DOMAIN	0.205048525875061	-1.58450861626983	11	1	0.0208333333333333	48	2330	172382	mctp-1
PR00205	CADHERIN	0.205048525875061	-1.58450861626983	11	1	0.0208333333333333	48	2330	175590	cdh-4
PR00765	CRBOXYPTASEA	0.221502890151263	-1.50731964149511	12	1	0.0208333333333333	48	2330	172206	cpd-1
PR00704	CALPAIN	0.237623624091552	-1.43706726844154	13	1	0.0208333333333333	48	2330	175618	clp-2
PR00315	ELONGATNFCT	0.253417351344092	-1.37271753931112	14	1	0.0208333333333333	48	2330	172838	K10C3.5
PR00926	MITOCARRIER	0.284049639340995	-1.25860626968234	16	1	0.0208333333333333	48	2330	186276	F55A11.4
PR00153	CSAPPISMRASE	0.313450213090762	-1.16011474143862	18	1	0.0208333333333333	48	2330	174674	cyn-4
PR00759	BASICPTASE	0.341667587271822	-1.07391698162725	20	1	0.0208333333333333	48	2330	174169	spon-1
PR00625	JDOMAIN	0.407336210267382	-0.898116365094101	25	1	0.0208333333333333	48	2330	174093	dnj-8
PR00320	GPROTEINBRPT	0.577238500577238	-0.549499751990154	41	1	0.0208333333333333	48	2330	178057	klp-12
PR00237	GPCRRHODOPSN	0.954702336920282	-0.0463556761752563	144	1	0.0208333333333333	48	2330	179381	fshr-1
PR01491	KVCHANNEL	0.999999999998682	-1.31822826424912e-12	11	0	0	48	2330
PR01657	MCMFAMILY	0.99999999999915	-8.49531570390673e-13	6	0	0	48	2330
PR00092	TYROSINASE	0.99999999999915	-8.49531570390673e-13	6	0	0	48	2330
PR01494	KV9CHANNEL	0.99999999999915	-8.49531570390673e-13	6	0	0	48	2330
PR00632	SONICHHOG	0.99999999999915	-8.49531570390673e-13	6	0	0	48	2330
PR00689	ACOABINDINGP	0.99999999999915	-8.49531570390673e-13	6	0	0	48	2330
PR00387	PDIESTERASE1	0.99999999999915	-8.49531570390673e-13	6	0	0	48	2330
PR01163	BETATUBULIN	0.99999999999915	-8.49531570390673e-13	6	0	0	48	2330
PR00094	ADENYLTKNASE	0.99999999999915	-8.49531570390673e-13	6	0	0	48	2330
PR00399	SYNAPTOTAGMN	0.99999999999915	-8.49531570390673e-13	6	0	0	48	2330
PR00633	RCCNDNSATION	0.99999999999915	-8.49531570390673e-13	6	0	0	48	2330
PR00348	UBIQUITIN	0.99999999999915	-8.49531570390673e-13	6	0	0	48	2330
PR00031	HTHREPRESSR	0.999999999999185	-8.1508733415369e-13	12	0	0	48	2330
PR00176	NANEUSMPORT	0.999999999999185	-8.1508733415369e-13	12	0	0	48	2330
PR01301	RGSPROTEIN	0.999999999999185	-8.1508733415369e-13	12	0	0	48	2330
PR00069	ALDKETRDTASE	0.999999999999185	-8.1508733415369e-13	12	0	0	48	2330
PR00347	THAUMATIN	0.999999999999894	-1.05954289691101e-13	5	0	0	48	2330
PR00111	ABHYDROLASE	0.999999999999894	-1.05954289691101e-13	5	0	0	48	2330
PR01349	WNTPROTEIN	0.999999999999894	-1.05954289691101e-13	5	0	0	48	2330
PR00405	REVINTRACTNG	0.999999999999894	-1.05954289691101e-13	5	0	0	48	2330
PR00249	GPCRSECRETIN	0.999999999999894	-1.05954289691101e-13	5	0	0	48	2330
PR00744	GLHYDRLASE37	0.999999999999894	-1.05954289691101e-13	5	0	0	48	2330
PR00661	ERMFAMILY	0.999999999999894	-1.05954289691101e-13	5	0	0	48	2330
PR00412	EPOXHYDRLASE	0.999999999999894	-1.05954289691101e-13	5	0	0	48	2330
PR01125	FMOXYGENASE5	0.999999999999894	-1.05954289691101e-13	5	0	0	48	2330
PR00800	YHDCRBOXLASE	0.999999999999894	-1.05954289691101e-13	5	0	0	48	2330
PR00620	HISTONEH2A	0.999999999999894	-1.05954289691101e-13	5	0	0	48	2330
PR01625	GSTRNSFRASEO	0.999999999999894	-1.05954289691101e-13	5	0	0	48	2330
PR01609	CD36FAMILY	0.999999999999894	-1.05954289691101e-13	5	0	0	48	2330
PR00248	GPCRMGR	0.999999999999894	-1.05954289691101e-13	5	0	0	48	2330
PR00371	FPNCR	0.999999999999894	-1.05954289691101e-13	5	0	0	48	2330
PR00160	GLUTAREDOXIN	0.999999999999894	-1.05954289691101e-13	5	0	0	48	2330
PR01130	DERENTRNSPRT	0.999999999999894	-1.05954289691101e-13	5	0	0	48	2330
PR00722	CHYMOTRYPSIN	0.999999999999943	-5.69479171312436e-14	7	0	0	48	2330
PR00190	ACTIN	0.999999999999943	-5.69479171312436e-14	7	0	0	48	2330
PR00370	FMOXYGENASE	0.999999999999943	-5.69479171312436e-14	7	0	0	48	2330
PR01011	GLUTPROXDASE	0.999999999999943	-5.69479171312436e-14	7	0	0	48	2330
PR00441	GPROTEINAI	0.999999999999943	-5.69479171312436e-14	7	0	0	48	2330
PR00138	MATRIXIN	0.999999999999943	-5.69479171312436e-14	7	0	0	48	2330
PR01078	AMINACHANNEL	1.00000000000018	1.77627340495999e-13	21	0	0	48	2330
PR00028	POUDOMAIN	1.00000000000019	1.93516359078653e-13	3	0	0	48	2330
PR01271	HISDACETLASE	1.00000000000019	1.93516359078653e-13	3	0	0	48	2330
PR00369	FLAVODOXIN	1.00000000000019	1.93516359078653e-13	3	0	0	48	2330
PR00391	PITRANSFER	1.00000000000019	1.93516359078653e-13	3	0	0	48	2330
PR00790	PAMONOXGNASE	1.00000000000019	1.93516359078653e-13	3	0	0	48	2330
PR00707	UBCTHYDRLASE	1.00000000000019	1.93516359078653e-13	3	0	0	48	2330
PR00413	HADHALOGNASE	1.00000000000019	1.93516359078653e-13	3	0	0	48	2330
PR01498	SHAWCHANNEL	1.00000000000019	1.93516359078653e-13	3	0	0	48	2330
PR00167	CACHANNEL	1.00000000000019	1.93516359078653e-13	3	0	0	48	2330
PR01320	KIRCHANNEL	1.00000000000019	1.93516359078653e-13	3	0	0	48	2330
PR00319	GPROTEINB	1.00000000000019	1.93516359078653e-13	3	0	0	48	2330
PR00775	HEATSHOCK90	1.00000000000019	1.93516359078653e-13	3	0	0	48	2330
PR00799	TRANSAMINASE	1.00000000000019	1.93516359078653e-13	3	0	0	48	2330
PR00389	PHPHLIPASEA2	1.00000000000019	1.93516359078653e-13	3	0	0	48	2330
PR01347	EPHRIN	1.00000000000019	1.93516359078653e-13	3	0	0	48	2330
PR00406	CYTB5RDTASE	1.00000000000019	1.93516359078653e-13	3	0	0	48	2330
PR00255	NATPEPTIDER	1.00000000000019	1.93516359078653e-13	3	0	0	48	2330
PR00067	CATALASE	1.00000000000019	1.93516359078653e-13	3	0	0	48	2330
PR00593	MTABOTROPICR	1.00000000000019	1.93516359078653e-13	3	0	0	48	2330
PR01463	EAGCHANLFMLY	1.00000000000019	1.93516359078653e-13	3	0	0	48	2330
PR02050	B14GALTRFASE	1.00000000000019	1.93516359078653e-13	3	0	0	48	2330
PR00376	IL1BCENZYME	1.00000000000019	1.93516359078653e-13	3	0	0	48	2330
PR00489	FRIZZLED	1.00000000000019	1.93516359078653e-13	3	0	0	48	2330
PR00372	FYWHYDRXLASE	1.00000000000019	1.93516359078653e-13	3	0	0	48	2330
PR00243	MUSCARINICR	1.00000000000019	1.93516359078653e-13	3	0	0	48	2330
PR00447	NATRESASSCMP	1.00000000000019	1.93516359078653e-13	3	0	0	48	2330
PR00068	CUZNDISMTASE	1.00000000000019	1.93516359078653e-13	3	0	0	48	2330
PR01259	NACAEXCHNGR	1.00000000000019	1.93516359078653e-13	3	0	0	48	2330
PR00881	L7ARS6FAMILY	1.00000000000019	1.93516359078653e-13	3	0	0	48	2330
PR01857	ADAMTSFAMILY	1.00000000000019	1.93516359078653e-13	3	0	0	48	2330
PR01315	BATTENIN	1.00000000000019	1.93516359078653e-13	3	0	0	48	2330
PR00987	TRNASYNTHGLU	1.00000000000019	1.93516359078653e-13	3	0	0	48	2330
PR00075	FACDDSATRASE	1.00000000000019	1.93516359078653e-13	3	0	0	48	2330
PR01097	TRNSRECEPTRP	1.00000000000019	1.93516359078653e-13	3	0	0	48	2330
PR01772	JNKMAPKINASE	1.00000000000019	1.93516359078653e-13	3	0	0	48	2330
PR00305	1433ZETA	1.00000000000019	1.93516359078653e-13	3	0	0	48	2330
PR00502	NUDIXFAMILY	1.00000000000019	1.93516359078653e-13	3	0	0	48	2330
PR00838	V5ALLERGEN	1.00000000000022	2.24064102358829e-13	19	0	0	48	2330
PR00401	SH2DOMAIN	1.00000000000022	2.24064102358829e-13	19	0	0	48	2330
PR00705	PAPAIN	1.00000000000034	3.35633676783831e-13	20	0	0	48	2330
PR00254	NICOTINICR	1.00000000000034	3.35633676783831e-13	20	0	0	48	2330
PR01012	NRPEPTIDEYR	1.00000000000107	1.07090113450593e-12	13	0	0	48	2330
PR00259	TMFOUR	1.00000000000107	1.07090113450593e-12	13	0	0	48	2330
PR00457	ANPEROXIDASE	1.00000000000107	1.07090113450593e-12	13	0	0	48	2330
PR00008	DAGPEDOMAIN	1.00000000000107	1.07090113450593e-12	13	0	0	48	2330
PR00328	SAR1GTPBP	1.00000000000107	1.07090113450593e-12	13	0	0	48	2330
PR01270	HDASUPER	1.00000000000111	1.10932001256524e-12	8	0	0	48	2330
PR00219	SYNAPTOBREVN	1.00000000000111	1.10932001256524e-12	8	0	0	48	2330
PR00454	ETSDOMAIN	1.00000000000111	1.10932001256524e-12	8	0	0	48	2330
PR00177	NMDARECEPTOR	1.00000000000111	1.10932001256524e-12	8	0	0	48	2330
PR00619	GATAZNFINGER	1.00000000000111	1.10932001256524e-12	8	0	0	48	2330
PR00624	HISTONEH5	1.00000000000111	1.10932001256524e-12	8	0	0	48	2330
PR00721	STOMATIN	1.00000000000111	1.10932001256524e-12	8	0	0	48	2330
PR00786	NEPRILYSIN	1.00000000000111	1.10932001256524e-12	8	0	0	48	2330
PR00927	ADPTRNSLCASE	1.00000000000111	1.10932001256524e-12	8	0	0	48	2330
PR00935	BAND41	1.00000000000111	1.10932001256524e-12	8	0	0	48	2330
PR01161	TUBULIN	1.00000000000123	1.23340157181762e-12	16	0	0	48	2330
PR01415	ANKYRIN	1.00000000000123	1.23340157181762e-12	16	0	0	48	2330
PR00298	CHAPERONIN60	1.00000000000129	1.2853086650555e-12	1	0	0	48	2330
PR01043	TRNASYNTHGLY	1.00000000000129	1.2853086650555e-12	1	0	0	48	2330
PR00627	GTPRANTC4	1.00000000000129	1.2853086650555e-12	1	0	0	48	2330
PR01075	PRESENILNSEL	1.00000000000129	1.2853086650555e-12	1	0	0	48	2330
PR01839	RAD23PROTEIN	1.00000000000129	1.2853086650555e-12	1	0	0	48	2330
PR01989	EUOM20RECPTR	1.00000000000129	1.2853086650555e-12	1	0	0	48	2330
PR00082	GLFDHDRGNASE	1.00000000000129	1.2853086650555e-12	1	0	0	48	2330
PR00336	LYSASSOCTDMP	1.00000000000129	1.2853086650555e-12	1	0	0	48	2330
PR00662	G6PISOMERASE	1.00000000000129	1.2853086650555e-12	1	0	0	48	2330
PR00719	LMWPTPASE	1.00000000000129	1.2853086650555e-12	1	0	0	48	2330
PR00056	HSFDOMAIN	1.00000000000129	1.2853086650555e-12	1	0	0	48	2330
PR01692	LIPOCALINIMR	1.00000000000129	1.2853086650555e-12	1	0	0	48	2330
PR00154	AMPBINDING	1.00000000000129	1.2853086650555e-12	1	0	0	48	2330
PR00108	THYMDSNTHASE	1.00000000000129	1.2853086650555e-12	1	0	0	48	2330
PR01630	LVDCCALPHA1	1.00000000000129	1.2853086650555e-12	1	0	0	48	2330
PR00850	GLHYDRLASE59	1.00000000000129	1.2853086650555e-12	1	0	0	48	2330
PR00448	NSFATTACHMNT	1.00000000000129	1.2853086650555e-12	1	0	0	48	2330
PR01365	TELOMERASERT	1.00000000000129	1.2853086650555e-12	1	0	0	48	2330
PR01243	NUCDPKINASE	1.00000000000129	1.2853086650555e-12	1	0	0	48	2330
PR01662	MCMPROTEIN6	1.00000000000129	1.2853086650555e-12	1	0	0	48	2330
PR01443	TFIID30KDSUB	1.00000000000129	1.2853086650555e-12	1	0	0	48	2330
PR00220	SYNAPTOPHYSN	1.00000000000129	1.2853086650555e-12	1	0	0	48	2330
PR00071	HMGCOARDTASE	1.00000000000129	1.2853086650555e-12	1	0	0	48	2330
PR01245	RAD1REC1	1.00000000000129	1.2853086650555e-12	1	0	0	48	2330
PR00100	AOTCASE	1.00000000000129	1.2853086650555e-12	1	0	0	48	2330
PR00767	DBMONOXGNASE	1.00000000000129	1.2853086650555e-12	1	0	0	48	2330
PR00938	BRACHYURY	1.00000000000129	1.2853086650555e-12	1	0	0	48	2330
PR00456	RIBOSOMALP2	1.00000000000129	1.2853086650555e-12	1	0	0	48	2330
PR00896	VASOPRESSINR	1.00000000000129	1.2853086650555e-12	1	0	0	48	2330
PR00086	LLDHDRGNASE	1.00000000000129	1.2853086650555e-12	1	0	0	48	2330
PR00076	6PGDHDRGNASE	1.00000000000129	1.2853086650555e-12	1	0	0	48	2330
PR00125	ATPASEDELTA	1.00000000000129	1.2853086650555e-12	1	0	0	48	2330
PR01846	TRHRFAMILY	1.00000000000129	1.2853086650555e-12	1	0	0	48	2330
PR01868	ABCEFAMILY	1.00000000000129	1.2853086650555e-12	1	0	0	48	2330
PR01250	RIBOSOMALL34	1.00000000000129	1.2853086650555e-12	1	0	0	48	2330
PR00126	ATPASEGAMMA	1.00000000000129	1.2853086650555e-12	1	0	0	48	2330
PR00971	RIBOSOMALS10	1.00000000000129	1.2853086650555e-12	1	0	0	48	2330
PR02012	RCMTNOP2	1.00000000000129	1.2853086650555e-12	1	0	0	48	2330
PR00332	HISTRIAD	1.00000000000129	1.2853086650555e-12	1	0	0	48	2330
PR00203	AMYLOIDA4	1.00000000000129	1.2853086650555e-12	1	0	0	48	2330
PR00600	PP2APR55	1.00000000000129	1.2853086650555e-12	1	0	0	48	2330
PR01760	DISHEVELLED	1.00000000000129	1.2853086650555e-12	1	0	0	48	2330
PR00058	RIBOSOMALL5	1.00000000000129	1.2853086650555e-12	1	0	0	48	2330
PR01854	BR22PROTEIN	1.00000000000129	1.2853086650555e-12	1	0	0	48	2330
PR01550	TOP6AFAMILY	1.00000000000129	1.2853086650555e-12	1	0	0	48	2330
PR00378	LIIMPHPHTASE	1.00000000000129	1.2853086650555e-12	1	0	0	48	2330
PR00191	FACTINCAPA	1.00000000000129	1.2853086650555e-12	1	0	0	48	2330
PR00104	CGMPKINASE	1.00000000000129	1.2853086650555e-12	1	0	0	48	2330
PR02011	RCMTNCL1	1.00000000000129	1.2853086650555e-12	1	0	0	48	2330
PR00973	RIBOSOMALS17	1.00000000000129	1.2853086650555e-12	1	0	0	48	2330
PR01164	GAMMATUBULIN	1.00000000000129	1.2853086650555e-12	1	0	0	48	2330
PR01049	PHOSPHBKNASE	1.00000000000129	1.2853086650555e-12	1	0	0	48	2330
PR01802	SYNEMBRYN	1.00000000000129	1.2853086650555e-12	1	0	0	48	2330
PR00115	F16BPHPHTASE	1.00000000000129	1.2853086650555e-12	1	0	0	48	2330
PR00322	G10	1.00000000000129	1.2853086650555e-12	1	0	0	48	2330
PR01405	TETRPHPHTASE	1.00000000000129	1.2853086650555e-12	1	0	0	48	2330
PR00321	GPROTEING	1.00000000000129	1.2853086650555e-12	1	0	0	48	2330
PR00983	TRNASYNTHCYS	1.00000000000129	1.2853086650555e-12	1	0	0	48	2330
PR00979	TAFAZZIN	1.00000000000129	1.2853086650555e-12	1	0	0	48	2330
PR01661	MCMPROTEIN5	1.00000000000129	1.2853086650555e-12	1	0	0	48	2330
PR01653	TCTPROTEIN	1.00000000000129	1.2853086650555e-12	1	0	0	48	2330
PR00162	RIESKE	1.00000000000129	1.2853086650555e-12	1	0	0	48	2330
PR00623	HISTONEH4	1.00000000000129	1.2853086650555e-12	1	0	0	48	2330
PR00139	ASNGLNASE	1.00000000000129	1.2853086650555e-12	1	0	0	48	2330
PR00302	LUPUSLA	1.00000000000129	1.2853086650555e-12	1	0	0	48	2330
PR00972	RIBSOMALS12E	1.00000000000129	1.2853086650555e-12	1	0	0	48	2330
PR00351	OM20RECEPTOR	1.00000000000129	1.2853086650555e-12	1	0	0	48	2330
PR00846	GLHYDRLASE56	1.00000000000129	1.2853086650555e-12	1	0	0	48	2330
PR00110	ALPHAAMYLASE	1.00000000000129	1.2853086650555e-12	1	0	0	48	2330
PR01660	MCMPROTEIN4	1.00000000000129	1.2853086650555e-12	1	0	0	48	2330
PR00473	GALCTOKINASE	1.00000000000129	1.2853086650555e-12	1	0	0	48	2330
PR00773	GRPEPROTEIN	1.00000000000129	1.2853086650555e-12	1	0	0	48	2330
PR00052	FIBRILLARIN	1.00000000000129	1.2853086650555e-12	1	0	0	48	2330
PR00065	TEADOMAIN	1.00000000000129	1.2853086650555e-12	1	0	0	48	2330
PR00982	TRNASYNTHLYS	1.00000000000129	1.2853086650555e-12	1	0	0	48	2330
PR00740	GLHYDRLASE27	1.00000000000129	1.2853086650555e-12	1	0	0	48	2330
PR00990	RIBOKINASE	1.00000000000129	1.2853086650555e-12	1	0	0	48	2330
PR00194	TROPOMYOSIN	1.00000000000129	1.2853086650555e-12	1	0	0	48	2330
PR01658	MCMPROTEIN2	1.00000000000129	1.2853086650555e-12	1	0	0	48	2330
PR00276	INSULINFAMLY	1.00000000000129	1.2853086650555e-12	1	0	0	48	2330
PR01659	MCMPROTEIN3	1.00000000000129	1.2853086650555e-12	1	0	0	48	2330
PR00474	GLU5KINASE	1.00000000000129	1.2853086650555e-12	1	0	0	48	2330
PR00440	GPROTEINA12	1.00000000000129	1.2853086650555e-12	1	0	0	48	2330
PR01047	TRNASYNTHTHR	1.00000000000129	1.2853086650555e-12	1	0	0	48	2330
PR00961	HUDSXLRNA	1.00000000000129	1.2853086650555e-12	1	0	0	48	2330
PR00085	THFDHDRGNASE	1.00000000000129	1.2853086650555e-12	1	0	0	48	2330
PR00392	PROFILIN	1.00000000000129	1.2853086650555e-12	1	0	0	48	2330
PR01246	RAD1REPAIR	1.00000000000129	1.2853086650555e-12	1	0	0	48	2330
PR00025	ANTENNAPEDIA	1.00000000000129	1.2853086650555e-12	1	0	0	48	2330
PR00043	LEUZIPPRJUN	1.00000000000129	1.2853086650555e-12	1	0	0	48	2330
PR01000	SREBPS2PTASE	1.00000000000129	1.2853086650555e-12	1	0	0	48	2330
PR00309	ARRESTIN	1.00000000000129	1.2853086650555e-12	1	0	0	48	2330
PR01251	AMPHIPHYSIN	1.00000000000129	1.2853086650555e-12	1	0	0	48	2330
PR00978	STARPROTEIN	1.00000000000129	1.2853086650555e-12	1	0	0	48	2330
PR01546	YEAST73DUF	1.00000000000129	1.2853086650555e-12	1	0	0	48	2330
PR00904	FRATAXIN	1.00000000000129	1.2853086650555e-12	1	0	0	48	2330
PR00339	PCNACYCLIN	1.00000000000129	1.2853086650555e-12	1	0	0	48	2330
PR00967	ONCOGENEAML1	1.00000000000129	1.2853086650555e-12	1	0	0	48	2330
PR00720	MAMMALPTPASE	1.00000000000129	1.2853086650555e-12	1	0	0	48	2330
PR01797	SAPOSIN	1.00000000000129	1.2853086650555e-12	1	0	0	48	2330
PR00472	CASNKINASEII	1.00000000000129	1.2853086650555e-12	1	0	0	48	2330
PR00882	RIBOSOMALL7A	1.00000000000129	1.2853086650555e-12	1	0	0	48	2330
PR01716	DEATHASSOCP3	1.00000000000129	1.2853086650555e-12	1	0	0	48	2330
PR00785	NCTRNSLOCATR	1.00000000000129	1.2853086650555e-12	1	0	0	48	2330
PR01348	ICLNCHANNEL	1.00000000000129	1.2853086650555e-12	1	0	0	48	2330
PR00492	RHOGDI	1.00000000000129	1.2853086650555e-12	1	0	0	48	2330
PR00477	PHGLYCKINASE	1.00000000000129	1.2853086650555e-12	1	0	0	48	2330
PR00414	PPTHIESTRASE	1.00000000000129	1.2853086650555e-12	1	0	0	48	2330
PR00079	G6PDHDRGNASE	1.00000000000129	1.2853086650555e-12	1	0	0	48	2330
PR00003	4DISULPHCORE	1.00000000000129	1.2853086650555e-12	1	0	0	48	2330
PR01640	PROFILINPLNT	1.00000000000129	1.2853086650555e-12	1	0	0	48	2330
PR01232	NAHCO3TRSPRT	1.00000000000129	1.2853086650555e-12	1	0	0	48	2330
PR01551	SPO11HOMOLOG	1.00000000000129	1.2853086650555e-12	1	0	0	48	2330
PR00185	EUKARYTPORIN	1.00000000000129	1.2853086650555e-12	1	0	0	48	2330
PR00465	EP450IV	1.00000000000129	1.2853086650555e-12	1	0	0	48	2330
PR00132	GLHYDRLASE2	1.00000000000129	1.2853086650555e-12	1	0	0	48	2330
PR01470	ERGCHANNEL	1.00000000000129	1.2853086650555e-12	1	0	0	48	2330
PR01748	AP2TNSCPFCT	1.00000000000129	1.2853086650555e-12	1	0	0	48	2330
PR01838	NCAMFAMILY	1.00000000000129	1.2853086650555e-12	1	0	0	48	2330
PR00932	AMINO1PTASE	1.00000000000129	1.2853086650555e-12	1	0	0	48	2330
PR00127	CLPPROTEASEP	1.00000000000129	1.2853086650555e-12	1	0	0	48	2330
PR00464	EP450II	1.00000000000129	1.2853086650555e-12	1	0	0	48	2330
PR00407	EUMOPTERIN	1.00000000000129	1.2853086650555e-12	1	0	0	48	2330
PR01183	RIBORDTASEM1	1.00000000000129	1.2853086650555e-12	1	0	0	48	2330
PR00072	MALOXRDTASE	1.00000000000129	1.2853086650555e-12	1	0	0	48	2330
PR01873	CYTCOXIDASE4	1.00000000000129	1.2853086650555e-12	1	0	0	48	2330
PR00867	DNAPOLG	1.00000000000129	1.2853086650555e-12	1	0	0	48	2330
PR00960	LMBPPROTEIN	1.00000000000129	1.2853086650555e-12	1	0	0	48	2330
PR00791	PEPDIPTASEA	1.00000000000129	1.2853086650555e-12	1	0	0	48	2330
PR01588	THIKCHANNEL	1.00000000000129	1.2853086650555e-12	1	0	0	48	2330
PR01368	SYNAPSIN	1.00000000000129	1.2853086650555e-12	1	0	0	48	2330
PR01849	UBIQUITINACT	1.00000000000129	1.2853086650555e-12	1	0	0	48	2330
PR00148	ENOLASE	1.00000000000129	1.2853086650555e-12	1	0	0	48	2330
PR00728	SIGNALPTASE	1.00000000000129	1.2853086650555e-12	1	0	0	48	2330
PR01088	NAHEXCHNGR6	1.00000000000129	1.2853086650555e-12	1	0	0	48	2330
PR00098	CPSASE	1.00000000000129	1.2853086650555e-12	1	0	0	48	2330
PR00664	OCTOPAMINER	1.00000000000129	1.2853086650555e-12	1	0	0	48	2330
PR00443	GPROTEINAS	1.00000000000129	1.2853086650555e-12	1	0	0	48	2330
PR01629	TVDCCALPHA1	1.00000000000129	1.2853086650555e-12	1	0	0	48	2330
PR00545	RETINOIDXR	1.00000000000129	1.2853086650555e-12	1	0	0	48	2330
PR00741	GLHYDRLASE29	1.00000000000129	1.2853086650555e-12	1	0	0	48	2330
PR01850	GROUCHOFAMLY	1.00000000000129	1.2853086650555e-12	1	0	0	48	2330
PR01464	EAGCHANNEL	1.00000000000129	1.2853086650555e-12	1	0	0	48	2330
PR00784	MTUNCOUPLING	1.00000000000129	1.2853086650555e-12	1	0	0	48	2330
PR00442	GPROTEINAQ	1.00000000000129	1.2853086650555e-12	1	0	0	48	2330
PR00297	CHAPERONIN10	1.00000000000129	1.2853086650555e-12	1	0	0	48	2330
PR00044	LEUZIPPRMYC	1.00000000000129	1.2853086650555e-12	1	0	0	48	2330
PR00217	POSTSYNAPTIC	1.00000000000129	1.2853086650555e-12	1	0	0	48	2330
PR00603	CYTOCHROMEC1	1.00000000000129	1.2853086650555e-12	1	0	0	48	2330
PR00143	CITRTSNTHASE	1.00000000000129	1.2853086650555e-12	1	0	0	48	2330
PR01586	TWIKCHANNEL	1.00000000000129	1.2853086650555e-12	1	0	0	48	2330
PR00989	ADENOKINASE	1.00000000000129	1.2853086650555e-12	1	0	0	48	2330
PR01497	SHALCHANNEL	1.00000000000129	1.2853086650555e-12	1	0	0	48	2330
PR00663	GALANINR	1.00000000000129	1.2853086650555e-12	1	0	0	48	2330
PR00124	ATPASEC	1.00000000000129	1.2853086650555e-12	1	0	0	48	2330
PR01475	PARKIN	1.00000000000129	1.2853086650555e-12	1	0	0	48	2330
PR00355	ADRENODOXIN	1.00000000000129	1.2853086650555e-12	1	0	0	48	2330
PR01663	MCMPROTEIN7	1.00000000000129	1.2853086650555e-12	1	0	0	48	2330
PR01433	POLYCYSTIN2	1.00000000000129	1.2853086650555e-12	1	0	0	48	2330
PR02031	CYSSERRICHNP	1.00000000000129	1.2853086650555e-12	1	0	0	48	2330
PR00192	FACTINCAPB	1.00000000000129	1.2853086650555e-12	1	0	0	48	2330
PR01218	PSTLEXTENSIN	1.00000000000129	1.2853086650555e-12	1	0	0	48	2330
PR01698	CYTOFMRPINTP	1.00000000000129	1.2853086650555e-12	1	0	0	48	2330
PR01101	5HTRECEPTOR	1.00000000000129	1.2853086650555e-12	1	0	0	48	2330
PR01848	U2AUXFACTOR	1.00000000000129	1.2853086650555e-12	1	0	0	48	2330
PR00041	LEUZIPPRCREB	1.00000000000129	1.2853086650555e-12	1	0	0	48	2330
PR01770	ERK1ERK2MAPK	1.00000000000129	1.2853086650555e-12	1	0	0	48	2330
PR01738	RNABINDINGM8	1.00000000000129	1.2853086650555e-12	1	0	0	48	2330
PR01034	RIBOSOMALS12	1.00000000000129	1.2853086650555e-12	1	0	0	48	2330
PR00975	RIBOSOMALS19	1.00000000000129	1.2853086650555e-12	1	0	0	48	2330
PR00738	GLHYDRLASE20	1.00000000000129	1.2853086650555e-12	1	0	0	48	2330
PR00937	TBOX	1.00000000000133	1.32694239768918e-12	17	0	0	48	2330
PR00792	PEPSIN	1.00000000000133	1.32694239768918e-12	17	0	0	48	2330
PR00699	TMPROTEINSRB	1.00000000000147	1.47091676760562e-12	14	0	0	48	2330
PR00053	FORKHEAD	1.00000000000147	1.47091676760562e-12	14	0	0	48	2330
PR00653	ACTIVIN2R	1.00000000000168	1.68045980776521e-12	2	0	0	48	2330
PR00417	PRTPISMRASEI	1.00000000000168	1.68045980776521e-12	2	0	0	48	2330
PR00599	MAPEPTIDASE	1.00000000000168	1.68045980776521e-12	2	0	0	48	2330
PR00776	HEMOGLOBNASE	1.00000000000168	1.68045980776521e-12	2	0	0	48	2330
PR00296	CYCLINKINASE	1.00000000000168	1.68045980776521e-12	2	0	0	48	2330
PR01452	LNOTCHREPEAT	1.00000000000168	1.68045980776521e-12	2	0	0	48	2330
PR01160	GABAARBETA	1.00000000000168	1.68045980776521e-12	2	0	0	48	2330
PR00189	TRNSTHYRETIN	1.00000000000168	1.68045980776521e-12	2	0	0	48	2330
PR00742	GLHYDRLASE35	1.00000000000168	1.68045980776521e-12	2	0	0	48	2330
PR00679	PROHIBITIN	1.00000000000168	1.68045980776521e-12	2	0	0	48	2330
PR00714	MAN6PISMRASE	1.00000000000168	1.68045980776521e-12	2	0	0	48	2330
PR01179	ODADCRBXLASE	1.00000000000168	1.68045980776521e-12	2	0	0	48	2330
PR01001	FADG3PDH	1.00000000000168	1.68045980776521e-12	2	0	0	48	2330
PR01703	MNSODISMTASE	1.00000000000168	1.68045980776521e-12	2	0	0	48	2330
PR00660	ERLUMENR	1.00000000000168	1.68045980776521e-12	2	0	0	48	2330
PR00415	ACONITASE	1.00000000000168	1.68045980776521e-12	2	0	0	48	2330
PR00626	CALRETICULIN	1.00000000000168	1.68045980776521e-12	2	0	0	48	2330
PR00962	LETHAL2GIANT	1.00000000000168	1.68045980776521e-12	2	0	0	48	2330
PR00504	CHROMODOMAIN	1.00000000000168	1.68045980776521e-12	2	0	0	48	2330
PR00876	MTNEMATODE	1.00000000000168	1.68045980776521e-12	2	0	0	48	2330
PR00604	CYTCHRMECIAB	1.00000000000168	1.68045980776521e-12	2	0	0	48	2330
PR00892	RABGDI	1.00000000000168	1.68045980776521e-12	2	0	0	48	2330
PR00616	CCAATSUBUNTB	1.00000000000168	1.68045980776521e-12	2	0	0	48	2330
PR00342	RHESUSRHD	1.00000000000168	1.68045980776521e-12	2	0	0	48	2330
PR00141	PROTEASOME	1.00000000000168	1.68045980776521e-12	2	0	0	48	2330
PR00377	IMPHPHTASES	1.00000000000168	1.68045980776521e-12	2	0	0	48	2330
PR01268	GSTRNSFRASEP	1.00000000000168	1.68045980776521e-12	2	0	0	48	2330
PR00891	RABGDIREP	1.00000000000168	1.68045980776521e-12	2	0	0	48	2330
PR00686	TIFACTORIID	1.00000000000168	1.68045980776521e-12	2	0	0	48	2330
PR00789	OSIALOPTASE	1.00000000000168	1.68045980776521e-12	2	0	0	48	2330
PR00476	PHFRCTKINASE	1.00000000000168	1.68045980776521e-12	2	0	0	48	2330
PR01186	INTEGRINB	1.00000000000168	1.68045980776521e-12	2	0	0	48	2330
PR01822	CCYSTOKININR	1.00000000000168	1.68045980776521e-12	2	0	0	48	2330
PR01046	TRNASYNTHPRO	1.00000000000168	1.68045980776521e-12	2	0	0	48	2330
PR00887	SSRCOGNITION	1.00000000000168	1.68045980776521e-12	2	0	0	48	2330
PR00131	GLHYDRLASE1	1.00000000000168	1.68045980776521e-12	2	0	0	48	2330
PR00404	MADSDOMAIN	1.00000000000168	1.68045980776521e-12	2	0	0	48	2330
PR00883	NUCLEARHMG	1.00000000000168	1.68045980776521e-12	2	0	0	48	2330
PR01626	LCACHANNELB	1.00000000000168	1.68045980776521e-12	2	0	0	48	2330
PR00509	PGMPMM	1.00000000000168	1.68045980776521e-12	2	0	0	48	2330
PR00702	ACRIFLAVINRP	1.00000000000168	1.68045980776521e-12	2	0	0	48	2330
PR01908	ADSPHPHTASE	1.00000000000168	1.68045980776521e-12	2	0	0	48	2330
PR00149	FUMRATELYASE	1.00000000000168	1.68045980776521e-12	2	0	0	48	2330
PR01072	PRESENILIN	1.00000000000168	1.68045980776521e-12	2	0	0	48	2330
PR01041	TRNASYNTHMET	1.00000000000168	1.68045980776521e-12	2	0	0	48	2330
PR01869	BCATNINFAMLY	1.00000000000168	1.68045980776521e-12	2	0	0	48	2330
PR01040	TRNASYNTHTYR	1.00000000000168	1.68045980776521e-12	2	0	0	48	2330
PR00991	6PFRUCTKNASE	1.00000000000168	1.68045980776521e-12	2	0	0	48	2330
PR00122	VACATPASE	1.00000000000168	1.68045980776521e-12	2	0	0	48	2330
PR00481	LAMNOPPTDASE	1.00000000000168	1.68045980776521e-12	2	0	0	48	2330
PR00077	GPDHDRGNASE	1.00000000000168	1.68045980776521e-12	2	0	0	48	2330
PR01038	TRNASYNTHARG	1.00000000000168	1.68045980776521e-12	2	0	0	48	2330
PR00981	TRNASYNTHSER	1.00000000000168	1.68045980776521e-12	2	0	0	48	2330
PR00727	LEADERPTASE	1.00000000000168	1.68045980776521e-12	2	0	0	48	2330
PR00717	GPCRKINASE	1.00000000000168	1.68045980776521e-12	2	0	0	48	2330
PR01764	MAPKPHPHTASE	1.00000000000168	1.68045980776521e-12	2	0	0	48	2330
PR01459	KCNQCHANNEL	1.00000000000168	1.68045980776521e-12	2	0	0	48	2330
PR00395	RIBOSOMALS2	1.00000000000168	1.68045980776521e-12	2	0	0	48	2330
PR01182	ORNDCRBXLASE	1.00000000000168	1.68045980776521e-12	2	0	0	48	2330
PR00381	KINESINLIGHT	1.00000000000168	1.68045980776521e-12	2	0	0	48	2330
PR01035	TCRTETA	1.00000000000168	1.68045980776521e-12	2	0	0	48	2330
PR01573	SUPERTUBBY	1.00000000000168	1.68045980776521e-12	2	0	0	48	2330
PR01773	P38MAPKINASE	1.00000000000168	1.68045980776521e-12	2	0	0	48	2330
PR01050	PYRUVTKNASE	1.00000000000168	1.68045980776521e-12	2	0	0	48	2330
PR00178	FATTYACIDBP	1.00000000000218	2.17963066464307e-12	10	0	0	48	2330
PR00756	ALADIPTASE	1.00000000000218	2.17963066464307e-12	10	0	0	48	2330
PR01162	ALPHATUBULIN	1.00000000000218	2.17963066464307e-12	10	0	0	48	2330
PR00171	SUGRTRNSPORT	1.00000000000218	2.17963066464307e-12	10	0	0	48	2330
PR00452	SH3DOMAIN	1.00000000000223	2.23362218077312e-12	22	0	0	48	2330
PR00318	GPROTEINA	1.00000000000223	2.23362218077312e-12	22	0	0	48	2330
PR01262	INNEXIN	1.00000000000255	2.55308467755139e-12	25	0	0	48	2330
PR00837	V5TPXLIKE	1.00000000000255	2.55308467755139e-12	25	0	0	48	2330
PR00299	ACRYSTALLIN	1.00000000000314	3.13908357795535e-12	15	0	0	48	2330
PR00027	PAIREDBOX	1.00000000000408	4.08124155327895e-12	9	0	0	48	2330
PR01084	NAHEXCHNGR	1.00000000000408	4.08124155327895e-12	9	0	0	48	2330
PR00304	TCOMPLEXTCP1	1.00000000000408	4.08124155327895e-12	9	0	0	48	2330
PR00724	CRBOXYPTASEC	1.00000000000408	4.08124155327895e-12	9	0	0	48	2330
PR01095	TASKCHANNEL	1.00000000000408	4.08124155327895e-12	9	0	0	48	2330
PR00326	GTP1OBG	1.00000000000408	4.08124155327895e-12	9	0	0	48	2330
PR00783	MINTRINSICP	1.00000000000408	4.08124155327895e-12	9	0	0	48	2330
PR00622	HISTONEH3	1.00000000000408	4.08124155327895e-12	9	0	0	48	2330
PR02095	TRNSPORTRHRG	1.00000000000438	4.38334280565967e-12	4	0	0	48	2330
PR00078	G3PDHDRGNASE	1.00000000000438	4.38334280565967e-12	4	0	0	48	2330
PR02008	RCMTFAMILY	1.00000000000438	4.38334280565967e-12	4	0	0	48	2330
PR00929	ATHOOK	1.00000000000438	4.38334280565967e-12	4	0	0	48	2330
PR00843	GLHYDRLASE30	1.00000000000438	4.38334280565967e-12	4	0	0	48	2330
PR00050	COLDSHOCK	1.00000000000438	4.38334280565967e-12	4	0	0	48	2330
PR01231	HCO3TRNSPORT	1.00000000000438	4.38334280565967e-12	4	0	0	48	2330
PR00314	CLATHRINADPT	1.00000000000438	4.38334280565967e-12	4	0	0	48	2330
PR00300	CLPPROTEASEA	1.00000000000438	4.38334280565967e-12	4	0	0	48	2330
PR00621	HISTONEH2B	1.00000000000438	4.38334280565967e-12	4	0	0	48	2330
PR00363	CYTOCHROMEB5	1.00000000000438	4.38334280565967e-12	4	0	0	48	2330
PR00196	ANNEXIN	1.00000000000438	4.38334280565967e-12	4	0	0	48	2330
PR01042	TRNASYNTHASP	1.00000000000438	4.38334280565967e-12	4	0	0	48	2330
PR00888	SM22CALPONIN	1.00000000000438	4.38334280565967e-12	4	0	0	48	2330
PR00716	MPIPHPHTASE	1.00000000000438	4.38334280565967e-12	4	0	0	48	2330
PR00878	CHOLNESTRASE	1.00000000000438	4.38334280565967e-12	4	0	0	48	2330
PR00253	GABAARECEPTR	1.00000000000487	4.86817745451834e-12	37	0	0	48	2330
PR00697	TMPROTEINSRA	1.00000000000528	5.27580222086173e-12	29	0	0	48	2330
PR00024	HOMEOBOX	1.00000000000594	5.93860086257435e-12	26	0	0	48	2330
PR01333	2POREKCHANEL	1.00000000000704	7.04250673456906e-12	43	0	0	48	2330
PR00398	STRDHORMONER	1.00000000000704	7.04250673456906e-12	43	0	0	48	2330
PR00700	PRTYPHPHTASE	1.0000000000071	7.09780245891091e-12	57	0	0	48	2330
PR00080	SDRFAMILY	1.00000000000741	7.40807052955704e-12	48	0	0	48	2330
PR00114	STPHPHTASE	1.0000000000084	8.40046126357909e-12	45	0	0	48	2330
PR00698	TMPROTEINSRG	1.00000000000865	8.64760853701466e-12	39	0	0	48	2330
PR00480	ASTACIN	1.00000000000865	8.64760853701466e-12	39	0	0	48	2330
PR00385	P450	1.00000000000949	9.49198127195759e-12	71	0	0	48	2330
PR00252	NRIONCHANNEL	1.00000000001173	1.17299716844037e-11	84	0	0	48	2330
PR00109	TYRKINASE	1.00000000001258	1.25842620466083e-11	70	0	0	48	2330
PR00081	GDHRDH	1.00000000001388	1.38805180361119e-11	72	0	0	48	2330
PR00463	EP450I	1.00000000001388	1.38805180361119e-11	72	0	0	48	2330
PR00047	STROIDFINGER	1.00000000003006	3.00578756257432e-11	231	0	0	48	2330
