TermID	Term	Enrichment	logP	Genes in Term	Target Genes in Term	Fraction of Targets in Term	Total Target Genes	Total Genes	Entrez Gene IDs	Gene Symbols
PR01039	TRNASYNTHTRP	0.000273100687912803	-8.20567001058335	2	2	0.0512820512820513	39	2330	175719,180231	prx-10,wars-1
PR00301	HEATSHOCK70	0.0136528121581019	-4.29380975966158	11	2	0.0512820512820513	39	2330	181422,174033	T14G8.3,T24H7.2
PR01000	SREBPS2PTASE	0.0167381974249269	-4.09006190042805	1	1	0.0256410256410256	39	2330	176616	Y56A3A.2
PR00416	EUTPISMRASEI	0.0167381974249269	-4.09006190042805	1	1	0.0256410256410256	39	2330	266847	top-1
PR00041	LEUZIPPRCREB	0.0167381974249269	-4.09006190042805	1	1	0.0256410256410256	39	2330	176597	crh-1
PR01251	AMPHIPHYSIN	0.0167381974249269	-4.09006190042805	1	1	0.0256410256410256	39	2330	177797	amph-1
PR00779	INSP3RECEPTR	0.0167381974249269	-4.09006190042805	1	1	0.0256410256410256	39	2330	177546	itr-1
PR00443	GPROTEINAS	0.0167381974249269	-4.09006190042805	1	1	0.0256410256410256	39	2330	171687	gsa-1
PR00887	SSRCOGNITION	0.0332032941614678	-3.40510618625089	2	1	0.0256410256410256	39	2330	176052	hmg-4
PR01001	FADG3PDH	0.0332032941614678	-3.40510618625089	2	1	0.0256410256410256	39	2330	172509	T25G3.4
PR01773	P38MAPKINASE	0.0332032941614678	-3.40510618625089	2	1	0.0256410256410256	39	2330	191743	pmk-1
PR00790	PAMONOXGNASE	0.0493996307288307	-3.00781232994108	3	1	0.0256410256410256	39	2330	266833	pamn-1
PR01857	ADAMTSFAMILY	0.0493996307288307	-3.00781232994108	3	1	0.0256410256410256	39	2330	172706	madd-4
PR00775	HEATSHOCK90	0.0493996307288307	-3.00781232994108	3	1	0.0256410256410256	39	2330	176019	hsp-75
PR00255	NATPEPTIDER	0.0493996307288307	-3.00781232994108	3	1	0.0256410256410256	39	2330	172051	gcy-28
PR00391	PITRANSFER	0.0493996307288307	-3.00781232994108	3	1	0.0256410256410256	39	2330	190268	Y54F10AR.1
PR00318	GPROTEINA	0.0510899458874926	-2.97416755480044	22	2	0.0512820512820513	39	2330	171675,171687	gpa-16,gsa-1
PR00853	XPGRADSUPER	0.0653314804933923	-2.72828126861689	4	1	0.0256410256410256	39	2330	186441	xpg-1
PR00405	REVINTRACTNG	0.0810030506828157	-2.51326846226811	5	1	0.0256410256410256	39	2330	172643	K02B12.7
PR00399	SYNAPTOTAGMN	0.0964184833810109	-2.33905735942716	6	1	0.0256410256410256	39	2330	185680	snt-2
PR00762	CLCHANNEL	0.0964184833810109	-2.33905735942716	6	1	0.0256410256410256	39	2330	174187	clh-3
PR01163	BETATUBULIN	0.0964184833810109	-2.33905735942716	6	1	0.0256410256410256	39	2330	175461	ben-1
PR01011	GLUTPROXDASE	0.111581856508802	-2.19299681833786	7	1	0.0256410256410256	39	2330	187630	gpx-2
PR00747	GLYHDRLASE47	0.111581856508802	-2.19299681833786	7	1	0.0256410256410256	39	2330	181210	ZC506.1
PR00441	GPROTEINAI	0.111581856508802	-2.19299681833786	7	1	0.0256410256410256	39	2330	171675	gpa-16
PR00786	NEPRILYSIN	0.126497184789601	-2.06753522568986	8	1	0.0256410256410256	39	2330	188090	nep-2
PR00360	C2DOMAIN	0.169794119754532	-1.77316863612543	11	1	0.0256410256410256	39	2330	185680	snt-2
PR01301	RGSPROTEIN	0.183756185011278	-1.69414548153035	12	1	0.0256410256410256	39	2330	172823	eat-16
PR00328	SAR1GTPBP	0.197489363952277	-1.6220705494973	13	1	0.0256410256410256	39	2330	191608	arf-6
PR00503	BROMODOMAIN	0.197489363952277	-1.6220705494973	13	1	0.0256410256410256	39	2330	173257	taf-1
PR00704	CALPAIN	0.197489363952277	-1.6220705494973	13	1	0.0256410256410256	39	2330	176122	clp-1
PR00008	DAGPEDOMAIN	0.197489363952277	-1.6220705494973	13	1	0.0256410256410256	39	2330	179649	pkc-1
PR00299	ACRYSTALLIN	0.224283626346142	-1.49484383902314	15	1	0.0256410256410256	39	2330	190317	Y55F3BR.6
PR01415	ANKYRIN	0.237351850351616	-1.43821163813731	16	1	0.0256410256410256	39	2330	172825	gfi-2
PR01161	TUBULIN	0.237351850351616	-1.43821163813731	16	1	0.0256410256410256	39	2330	175461	ben-1
PR00193	MYOSINHEAVY	0.250205470851349	-1.38547281527572	17	1	0.0256410256410256	39	2330	180581	nmy-1
PR00153	CSAPPISMRASE	0.262847920760002	-1.33617966211509	18	1	0.0256410256410256	39	2330	174843	cyn-16
PR00398	STRDHORMONER	0.519300803475967	-0.655271980904162	43	1	0.0256410256410256	39	2330	183862	nhr-173
PR00114	STPHPHTASE	0.535559178178482	-0.624443885062908	45	1	0.0256410256410256	39	2330	183199	pph-6
PR00081	GDHRDH	0.708996206959076	-0.343905102310475	72	1	0.0256410256410256	39	2330	180306	dhs-24
PR00047	STROIDFINGER	0.983547757708858	-0.0165890834007472	231	1	0.0256410256410256	39	2330	183862	nhr-173
PR00390	PHPHLIPASEC	1.00000000000012	1.19374957088787e-13	6	0	0	39	2330
PR00348	UBIQUITIN	1.00000000000012	1.19374957088787e-13	6	0	0	39	2330
PR00387	PDIESTERASE1	1.00000000000012	1.19374957088787e-13	6	0	0	39	2330
PR00094	ADENYLTKNASE	1.00000000000012	1.19374957088787e-13	6	0	0	39	2330
PR00689	ACOABINDINGP	1.00000000000012	1.19374957088787e-13	6	0	0	39	2330
PR00092	TYROSINASE	1.00000000000012	1.19374957088787e-13	6	0	0	39	2330
PR00633	RCCNDNSATION	1.00000000000012	1.19374957088787e-13	6	0	0	39	2330
PR01494	KV9CHANNEL	1.00000000000012	1.19374957088787e-13	6	0	0	39	2330
PR00632	SONICHHOG	1.00000000000012	1.19374957088787e-13	6	0	0	39	2330
PR01657	MCMFAMILY	1.00000000000012	1.19374957088787e-13	6	0	0	39	2330
PR01078	AMINACHANNEL	1.00000000000063	6.30062848106911e-13	21	0	0	39	2330
PR00068	CUZNDISMTASE	1.00000000000085	8.4569886612721e-13	3	0	0	39	2330
PR01315	BATTENIN	1.00000000000085	8.4569886612721e-13	3	0	0	39	2330
PR00028	POUDOMAIN	1.00000000000085	8.4569886612721e-13	3	0	0	39	2330
PR00683	SPECTRINPH	1.00000000000085	8.4569886612721e-13	3	0	0	39	2330
PR00593	MTABOTROPICR	1.00000000000085	8.4569886612721e-13	3	0	0	39	2330
PR02050	B14GALTRFASE	1.00000000000085	8.4569886612721e-13	3	0	0	39	2330
PR01320	KIRCHANNEL	1.00000000000085	8.4569886612721e-13	3	0	0	39	2330
PR00319	GPROTEINB	1.00000000000085	8.4569886612721e-13	3	0	0	39	2330
PR01271	HISDACETLASE	1.00000000000085	8.4569886612721e-13	3	0	0	39	2330
PR00067	CATALASE	1.00000000000085	8.4569886612721e-13	3	0	0	39	2330
PR00372	FYWHYDRXLASE	1.00000000000085	8.4569886612721e-13	3	0	0	39	2330
PR01347	EPHRIN	1.00000000000085	8.4569886612721e-13	3	0	0	39	2330
PR00305	1433ZETA	1.00000000000085	8.4569886612721e-13	3	0	0	39	2330
PR00987	TRNASYNTHGLU	1.00000000000085	8.4569886612721e-13	3	0	0	39	2330
PR00707	UBCTHYDRLASE	1.00000000000085	8.4569886612721e-13	3	0	0	39	2330
PR00502	NUDIXFAMILY	1.00000000000085	8.4569886612721e-13	3	0	0	39	2330
PR00799	TRANSAMINASE	1.00000000000085	8.4569886612721e-13	3	0	0	39	2330
PR01772	JNKMAPKINASE	1.00000000000085	8.4569886612721e-13	3	0	0	39	2330
PR00881	L7ARS6FAMILY	1.00000000000085	8.4569886612721e-13	3	0	0	39	2330
PR00106	DNAPOLB	1.00000000000085	8.4569886612721e-13	3	0	0	39	2330
PR00489	FRIZZLED	1.00000000000085	8.4569886612721e-13	3	0	0	39	2330
PR01463	EAGCHANLFMLY	1.00000000000085	8.4569886612721e-13	3	0	0	39	2330
PR00195	DYNAMIN	1.00000000000085	8.4569886612721e-13	3	0	0	39	2330
PR00243	MUSCARINICR	1.00000000000085	8.4569886612721e-13	3	0	0	39	2330
PR01259	NACAEXCHNGR	1.00000000000085	8.4569886612721e-13	3	0	0	39	2330
PR01498	SHAWCHANNEL	1.00000000000085	8.4569886612721e-13	3	0	0	39	2330
PR00406	CYTB5RDTASE	1.00000000000085	8.4569886612721e-13	3	0	0	39	2330
PR00369	FLAVODOXIN	1.00000000000085	8.4569886612721e-13	3	0	0	39	2330
PR01097	TRNSRECEPTRP	1.00000000000085	8.4569886612721e-13	3	0	0	39	2330
PR00413	HADHALOGNASE	1.00000000000085	8.4569886612721e-13	3	0	0	39	2330
PR00167	CACHANNEL	1.00000000000085	8.4569886612721e-13	3	0	0	39	2330
PR00447	NATRESASSCMP	1.00000000000085	8.4569886612721e-13	3	0	0	39	2330
PR00376	IL1BCENZYME	1.00000000000085	8.4569886612721e-13	3	0	0	39	2330
PR00389	PHPHLIPASEA2	1.00000000000085	8.4569886612721e-13	3	0	0	39	2330
PR00075	FACDDSATRASE	1.00000000000085	8.4569886612721e-13	3	0	0	39	2330
PR00759	BASICPTASE	1.00000000000176	1.75570212117133e-12	20	0	0	39	2330
PR00705	PAPAIN	1.00000000000176	1.75570212117133e-12	20	0	0	39	2330
PR00254	NICOTINICR	1.00000000000176	1.75570212117133e-12	20	0	0	39	2330
PR00927	ADPTRNSLCASE	1.00000000000178	1.78129771762681e-12	8	0	0	39	2330
PR00935	BAND41	1.00000000000178	1.78129771762681e-12	8	0	0	39	2330
PR00619	GATAZNFINGER	1.00000000000178	1.78129771762681e-12	8	0	0	39	2330
PR00624	HISTONEH5	1.00000000000178	1.78129771762681e-12	8	0	0	39	2330
PR00219	SYNAPTOBREVN	1.00000000000178	1.78129771762681e-12	8	0	0	39	2330
PR00454	ETSDOMAIN	1.00000000000178	1.78129771762681e-12	8	0	0	39	2330
PR00721	STOMATIN	1.00000000000178	1.78129771762681e-12	8	0	0	39	2330
PR00177	NMDARECEPTOR	1.00000000000178	1.78129771762681e-12	8	0	0	39	2330
PR01270	HDASUPER	1.00000000000178	1.78129771762681e-12	8	0	0	39	2330
PR00625	JDOMAIN	1.0000000000019	1.90103728864198e-12	25	0	0	39	2330
PR00837	V5TPXLIKE	1.0000000000019	1.90103728864198e-12	25	0	0	39	2330
PR01262	INNEXIN	1.0000000000019	1.90103728864198e-12	25	0	0	39	2330
PR01049	PHOSPHBKNASE	1.00000000000191	1.91347285238841e-12	1	0	0	39	2330
PR00276	INSULINFAMLY	1.00000000000191	1.91347285238841e-12	1	0	0	39	2330
PR00983	TRNASYNTHCYS	1.00000000000191	1.91347285238841e-12	1	0	0	39	2330
PR00079	G6PDHDRGNASE	1.00000000000191	1.91347285238841e-12	1	0	0	39	2330
PR02012	RCMTNOP2	1.00000000000191	1.91347285238841e-12	1	0	0	39	2330
PR01748	AP2TNSCPFCT	1.00000000000191	1.91347285238841e-12	1	0	0	39	2330
PR01475	PARKIN	1.00000000000191	1.91347285238841e-12	1	0	0	39	2330
PR00124	ATPASEC	1.00000000000191	1.91347285238841e-12	1	0	0	39	2330
PR01034	RIBOSOMALS12	1.00000000000191	1.91347285238841e-12	1	0	0	39	2330
PR00474	GLU5KINASE	1.00000000000191	1.91347285238841e-12	1	0	0	39	2330
PR01846	TRHRFAMILY	1.00000000000191	1.91347285238841e-12	1	0	0	39	2330
PR01470	ERGCHANNEL	1.00000000000191	1.91347285238841e-12	1	0	0	39	2330
PR01653	TCTPROTEIN	1.00000000000191	1.91347285238841e-12	1	0	0	39	2330
PR00098	CPSASE	1.00000000000191	1.91347285238841e-12	1	0	0	39	2330
PR00302	LUPUSLA	1.00000000000191	1.91347285238841e-12	1	0	0	39	2330
PR00961	HUDSXLRNA	1.00000000000191	1.91347285238841e-12	1	0	0	39	2330
PR00148	ENOLASE	1.00000000000191	1.91347285238841e-12	1	0	0	39	2330
PR01760	DISHEVELLED	1.00000000000191	1.91347285238841e-12	1	0	0	39	2330
PR01640	PROFILINPLNT	1.00000000000191	1.91347285238841e-12	1	0	0	39	2330
PR00791	PEPDIPTASEA	1.00000000000191	1.91347285238841e-12	1	0	0	39	2330
PR00332	HISTRIAD	1.00000000000191	1.91347285238841e-12	1	0	0	39	2330
PR00719	LMWPTPASE	1.00000000000191	1.91347285238841e-12	1	0	0	39	2330
PR00868	DNAPOLI	1.00000000000191	1.91347285238841e-12	1	0	0	39	2330
PR01047	TRNASYNTHTHR	1.00000000000191	1.91347285238841e-12	1	0	0	39	2330
PR00990	RIBOKINASE	1.00000000000191	1.91347285238841e-12	1	0	0	39	2330
PR00076	6PGDHDRGNASE	1.00000000000191	1.91347285238841e-12	1	0	0	39	2330
PR00720	MAMMALPTPASE	1.00000000000191	1.91347285238841e-12	1	0	0	39	2330
PR00192	FACTINCAPB	1.00000000000191	1.91347285238841e-12	1	0	0	39	2330
PR00154	AMPBINDING	1.00000000000191	1.91347285238841e-12	1	0	0	39	2330
PR01250	RIBOSOMALL34	1.00000000000191	1.91347285238841e-12	1	0	0	39	2330
PR01629	TVDCCALPHA1	1.00000000000191	1.91347285238841e-12	1	0	0	39	2330
PR00115	F16BPHPHTASE	1.00000000000191	1.91347285238841e-12	1	0	0	39	2330
PR00896	VASOPRESSINR	1.00000000000191	1.91347285238841e-12	1	0	0	39	2330
PR00662	G6PISOMERASE	1.00000000000191	1.91347285238841e-12	1	0	0	39	2330
PR00928	GRAVESDC	1.00000000000191	1.91347285238841e-12	1	0	0	39	2330
PR01368	SYNAPSIN	1.00000000000191	1.91347285238841e-12	1	0	0	39	2330
PR02011	RCMTNCL1	1.00000000000191	1.91347285238841e-12	1	0	0	39	2330
PR00664	OCTOPAMINER	1.00000000000191	1.91347285238841e-12	1	0	0	39	2330
PR00982	TRNASYNTHLYS	1.00000000000191	1.91347285238841e-12	1	0	0	39	2330
PR01873	CYTCOXIDASE4	1.00000000000191	1.91347285238841e-12	1	0	0	39	2330
PR02031	CYSSERRICHNP	1.00000000000191	1.91347285238841e-12	1	0	0	39	2330
PR01232	NAHCO3TRSPRT	1.00000000000191	1.91347285238841e-12	1	0	0	39	2330
PR00086	LLDHDRGNASE	1.00000000000191	1.91347285238841e-12	1	0	0	39	2330
PR00043	LEUZIPPRJUN	1.00000000000191	1.91347285238841e-12	1	0	0	39	2330
PR00373	GLYCHORMONER	1.00000000000191	1.91347285238841e-12	1	0	0	39	2330
PR00322	G10	1.00000000000191	1.91347285238841e-12	1	0	0	39	2330
PR00960	LMBPPROTEIN	1.00000000000191	1.91347285238841e-12	1	0	0	39	2330
PR00971	RIBOSOMALS10	1.00000000000191	1.91347285238841e-12	1	0	0	39	2330
PR00773	GRPEPROTEIN	1.00000000000191	1.91347285238841e-12	1	0	0	39	2330
PR00456	RIBOSOMALP2	1.00000000000191	1.91347285238841e-12	1	0	0	39	2330
PR00867	DNAPOLG	1.00000000000191	1.91347285238841e-12	1	0	0	39	2330
PR01164	GAMMATUBULIN	1.00000000000191	1.91347285238841e-12	1	0	0	39	2330
PR00085	THFDHDRGNASE	1.00000000000191	1.91347285238841e-12	1	0	0	39	2330
PR00603	CYTOCHROMEC1	1.00000000000191	1.91347285238841e-12	1	0	0	39	2330
PR00904	FRATAXIN	1.00000000000191	1.91347285238841e-12	1	0	0	39	2330
PR00339	PCNACYCLIN	1.00000000000191	1.91347285238841e-12	1	0	0	39	2330
PR01246	RAD1REPAIR	1.00000000000191	1.91347285238841e-12	1	0	0	39	2330
PR00127	CLPPROTEASEP	1.00000000000191	1.91347285238841e-12	1	0	0	39	2330
PR00985	TRNASYNTHLEU	1.00000000000191	1.91347285238841e-12	1	0	0	39	2330
PR01868	ABCEFAMILY	1.00000000000191	1.91347285238841e-12	1	0	0	39	2330
PR01850	GROUCHOFAMLY	1.00000000000191	1.91347285238841e-12	1	0	0	39	2330
PR00217	POSTSYNAPTIC	1.00000000000191	1.91347285238841e-12	1	0	0	39	2330
PR00728	SIGNALPTASE	1.00000000000191	1.91347285238841e-12	1	0	0	39	2330
PR01348	ICLNCHANNEL	1.00000000000191	1.91347285238841e-12	1	0	0	39	2330
PR00414	PPTHIESTRASE	1.00000000000191	1.91347285238841e-12	1	0	0	39	2330
PR01183	RIBORDTASEM1	1.00000000000191	1.91347285238841e-12	1	0	0	39	2330
PR00978	STARPROTEIN	1.00000000000191	1.91347285238841e-12	1	0	0	39	2330
PR00663	GALANINR	1.00000000000191	1.91347285238841e-12	1	0	0	39	2330
PR01546	YEAST73DUF	1.00000000000191	1.91347285238841e-12	1	0	0	39	2330
PR00191	FACTINCAPA	1.00000000000191	1.91347285238841e-12	1	0	0	39	2330
PR00472	CASNKINASEII	1.00000000000191	1.91347285238841e-12	1	0	0	39	2330
PR00298	CHAPERONIN60	1.00000000000191	1.91347285238841e-12	1	0	0	39	2330
PR00407	EUMOPTERIN	1.00000000000191	1.91347285238841e-12	1	0	0	39	2330
PR00477	PHGLYCKINASE	1.00000000000191	1.91347285238841e-12	1	0	0	39	2330
PR00082	GLFDHDRGNASE	1.00000000000191	1.91347285238841e-12	1	0	0	39	2330
PR00442	GPROTEINAQ	1.00000000000191	1.91347285238841e-12	1	0	0	39	2330
PR01662	MCMPROTEIN6	1.00000000000191	1.91347285238841e-12	1	0	0	39	2330
PR01797	SAPOSIN	1.00000000000191	1.91347285238841e-12	1	0	0	39	2330
PR00448	NSFATTACHMNT	1.00000000000191	1.91347285238841e-12	1	0	0	39	2330
PR01218	PSTLEXTENSIN	1.00000000000191	1.91347285238841e-12	1	0	0	39	2330
PR00785	NCTRNSLOCATR	1.00000000000191	1.91347285238841e-12	1	0	0	39	2330
PR01663	MCMPROTEIN7	1.00000000000191	1.91347285238841e-12	1	0	0	39	2330
PR01659	MCMPROTEIN3	1.00000000000191	1.91347285238841e-12	1	0	0	39	2330
PR00194	TROPOMYOSIN	1.00000000000191	1.91347285238841e-12	1	0	0	39	2330
PR00979	TAFAZZIN	1.00000000000191	1.91347285238841e-12	1	0	0	39	2330
PR01101	5HTRECEPTOR	1.00000000000191	1.91347285238841e-12	1	0	0	39	2330
PR01630	LVDCCALPHA1	1.00000000000191	1.91347285238841e-12	1	0	0	39	2330
PR01365	TELOMERASERT	1.00000000000191	1.91347285238841e-12	1	0	0	39	2330
PR01088	NAHEXCHNGR6	1.00000000000191	1.91347285238841e-12	1	0	0	39	2330
PR01443	TFIID30KDSUB	1.00000000000191	1.91347285238841e-12	1	0	0	39	2330
PR00056	HSFDOMAIN	1.00000000000191	1.91347285238841e-12	1	0	0	39	2330
PR01660	MCMPROTEIN4	1.00000000000191	1.91347285238841e-12	1	0	0	39	2330
PR00203	AMYLOIDA4	1.00000000000191	1.91347285238841e-12	1	0	0	39	2330
PR00989	ADENOKINASE	1.00000000000191	1.91347285238841e-12	1	0	0	39	2330
PR00464	EP450II	1.00000000000191	1.91347285238841e-12	1	0	0	39	2330
PR01716	DEATHASSOCP3	1.00000000000191	1.91347285238841e-12	1	0	0	39	2330
PR00336	LYSASSOCTDMP	1.00000000000191	1.91347285238841e-12	1	0	0	39	2330
PR00355	ADRENODOXIN	1.00000000000191	1.91347285238841e-12	1	0	0	39	2330
PR00627	GTPRANTC4	1.00000000000191	1.91347285238841e-12	1	0	0	39	2330
PR01075	PRESENILNSEL	1.00000000000191	1.91347285238841e-12	1	0	0	39	2330
PR00741	GLHYDRLASE29	1.00000000000191	1.91347285238841e-12	1	0	0	39	2330
PR01838	NCAMFAMILY	1.00000000000191	1.91347285238841e-12	1	0	0	39	2330
PR00784	MTUNCOUPLING	1.00000000000191	1.91347285238841e-12	1	0	0	39	2330
PR00104	CGMPKINASE	1.00000000000191	1.91347285238841e-12	1	0	0	39	2330
PR00938	BRACHYURY	1.00000000000191	1.91347285238841e-12	1	0	0	39	2330
PR00139	ASNGLNASE	1.00000000000191	1.91347285238841e-12	1	0	0	39	2330
PR01043	TRNASYNTHGLY	1.00000000000191	1.91347285238841e-12	1	0	0	39	2330
PR00351	OM20RECEPTOR	1.00000000000191	1.91347285238841e-12	1	0	0	39	2330
PR00058	RIBOSOMALL5	1.00000000000191	1.91347285238841e-12	1	0	0	39	2330
PR00967	ONCOGENEAML1	1.00000000000191	1.91347285238841e-12	1	0	0	39	2330
PR00378	LIIMPHPHTASE	1.00000000000191	1.91347285238841e-12	1	0	0	39	2330
PR01243	NUCDPKINASE	1.00000000000191	1.91347285238841e-12	1	0	0	39	2330
PR00882	RIBOSOMALL7A	1.00000000000191	1.91347285238841e-12	1	0	0	39	2330
PR00044	LEUZIPPRMYC	1.00000000000191	1.91347285238841e-12	1	0	0	39	2330
PR01661	MCMPROTEIN5	1.00000000000191	1.91347285238841e-12	1	0	0	39	2330
PR00143	CITRTSNTHASE	1.00000000000191	1.91347285238841e-12	1	0	0	39	2330
PR00321	GPROTEING	1.00000000000191	1.91347285238841e-12	1	0	0	39	2330
PR01551	SPO11HOMOLOG	1.00000000000191	1.91347285238841e-12	1	0	0	39	2330
PR01692	LIPOCALINIMR	1.00000000000191	1.91347285238841e-12	1	0	0	39	2330
PR01698	CYTOFMRPINTP	1.00000000000191	1.91347285238841e-12	1	0	0	39	2330
PR01738	RNABINDINGM8	1.00000000000191	1.91347285238841e-12	1	0	0	39	2330
PR00003	4DISULPHCORE	1.00000000000191	1.91347285238841e-12	1	0	0	39	2330
PR00110	ALPHAAMYLASE	1.00000000000191	1.91347285238841e-12	1	0	0	39	2330
PR01405	TETRPHPHTASE	1.00000000000191	1.91347285238841e-12	1	0	0	39	2330
PR00492	RHOGDI	1.00000000000191	1.91347285238841e-12	1	0	0	39	2330
PR01839	RAD23PROTEIN	1.00000000000191	1.91347285238841e-12	1	0	0	39	2330
PR00220	SYNAPTOPHYSN	1.00000000000191	1.91347285238841e-12	1	0	0	39	2330
PR00972	RIBSOMALS12E	1.00000000000191	1.91347285238841e-12	1	0	0	39	2330
PR00072	MALOXRDTASE	1.00000000000191	1.91347285238841e-12	1	0	0	39	2330
PR01848	U2AUXFACTOR	1.00000000000191	1.91347285238841e-12	1	0	0	39	2330
PR01497	SHALCHANNEL	1.00000000000191	1.91347285238841e-12	1	0	0	39	2330
PR00440	GPROTEINA12	1.00000000000191	1.91347285238841e-12	1	0	0	39	2330
PR00545	RETINOIDXR	1.00000000000191	1.91347285238841e-12	1	0	0	39	2330
PR01854	BR22PROTEIN	1.00000000000191	1.91347285238841e-12	1	0	0	39	2330
PR00185	EUKARYTPORIN	1.00000000000191	1.91347285238841e-12	1	0	0	39	2330
PR00025	ANTENNAPEDIA	1.00000000000191	1.91347285238841e-12	1	0	0	39	2330
PR00392	PROFILIN	1.00000000000191	1.91347285238841e-12	1	0	0	39	2330
PR00297	CHAPERONIN10	1.00000000000191	1.91347285238841e-12	1	0	0	39	2330
PR00126	ATPASEGAMMA	1.00000000000191	1.91347285238841e-12	1	0	0	39	2330
PR00973	RIBOSOMALS17	1.00000000000191	1.91347285238841e-12	1	0	0	39	2330
PR01770	ERK1ERK2MAPK	1.00000000000191	1.91347285238841e-12	1	0	0	39	2330
PR00738	GLHYDRLASE20	1.00000000000191	1.91347285238841e-12	1	0	0	39	2330
PR01586	TWIKCHANNEL	1.00000000000191	1.91347285238841e-12	1	0	0	39	2330
PR00975	RIBOSOMALS19	1.00000000000191	1.91347285238841e-12	1	0	0	39	2330
PR00132	GLHYDRLASE2	1.00000000000191	1.91347285238841e-12	1	0	0	39	2330
PR00473	GALCTOKINASE	1.00000000000191	1.91347285238841e-12	1	0	0	39	2330
PR01802	SYNEMBRYN	1.00000000000191	1.91347285238841e-12	1	0	0	39	2330
PR00309	ARRESTIN	1.00000000000191	1.91347285238841e-12	1	0	0	39	2330
PR00850	GLHYDRLASE59	1.00000000000191	1.91347285238841e-12	1	0	0	39	2330
PR00932	AMINO1PTASE	1.00000000000191	1.91347285238841e-12	1	0	0	39	2330
PR00065	TEADOMAIN	1.00000000000191	1.91347285238841e-12	1	0	0	39	2330
PR01849	UBIQUITINACT	1.00000000000191	1.91347285238841e-12	1	0	0	39	2330
PR00600	PP2APR55	1.00000000000191	1.91347285238841e-12	1	0	0	39	2330
PR01989	EUOM20RECPTR	1.00000000000191	1.91347285238841e-12	1	0	0	39	2330
PR01658	MCMPROTEIN2	1.00000000000191	1.91347285238841e-12	1	0	0	39	2330
PR00623	HISTONEH4	1.00000000000191	1.91347285238841e-12	1	0	0	39	2330
PR00465	EP450IV	1.00000000000191	1.91347285238841e-12	1	0	0	39	2330
PR00052	FIBRILLARIN	1.00000000000191	1.91347285238841e-12	1	0	0	39	2330
PR00125	ATPASEDELTA	1.00000000000191	1.91347285238841e-12	1	0	0	39	2330
PR00108	THYMDSNTHASE	1.00000000000191	1.91347285238841e-12	1	0	0	39	2330
PR00740	GLHYDRLASE27	1.00000000000191	1.91347285238841e-12	1	0	0	39	2330
PR00100	AOTCASE	1.00000000000191	1.91347285238841e-12	1	0	0	39	2330
PR00162	RIESKE	1.00000000000191	1.91347285238841e-12	1	0	0	39	2330
PR01464	EAGCHANNEL	1.00000000000191	1.91347285238841e-12	1	0	0	39	2330
PR00846	GLHYDRLASE56	1.00000000000191	1.91347285238841e-12	1	0	0	39	2330
PR01245	RAD1REC1	1.00000000000191	1.91347285238841e-12	1	0	0	39	2330
PR01550	TOP6AFAMILY	1.00000000000191	1.91347285238841e-12	1	0	0	39	2330
PR01433	POLYCYSTIN2	1.00000000000191	1.91347285238841e-12	1	0	0	39	2330
PR00767	DBMONOXGNASE	1.00000000000191	1.91347285238841e-12	1	0	0	39	2330
PR00071	HMGCOARDTASE	1.00000000000191	1.91347285238841e-12	1	0	0	39	2330
PR01588	THIKCHANNEL	1.00000000000191	1.91347285238841e-12	1	0	0	39	2330
PR00926	MITOCARRIER	1.00000000000212	2.11562906734706e-12	16	0	0	39	2330
PR00620	HISTONEH2A	1.00000000000224	2.23690692465878e-12	5	0	0	39	2330
PR00248	GPCRMGR	1.00000000000224	2.23690692465878e-12	5	0	0	39	2330
PR01625	GSTRNSFRASEO	1.00000000000224	2.23690692465878e-12	5	0	0	39	2330
PR00371	FPNCR	1.00000000000224	2.23690692465878e-12	5	0	0	39	2330
PR01349	WNTPROTEIN	1.00000000000224	2.23690692465878e-12	5	0	0	39	2330
PR01130	DERENTRNSPRT	1.00000000000224	2.23690692465878e-12	5	0	0	39	2330
PR00249	GPCRSECRETIN	1.00000000000224	2.23690692465878e-12	5	0	0	39	2330
PR01125	FMOXYGENASE5	1.00000000000224	2.23690692465878e-12	5	0	0	39	2330
PR00744	GLHYDRLASE37	1.00000000000224	2.23690692465878e-12	5	0	0	39	2330
PR00800	YHDCRBOXLASE	1.00000000000224	2.23690692465878e-12	5	0	0	39	2330
PR00111	ABHYDROLASE	1.00000000000224	2.23690692465878e-12	5	0	0	39	2330
PR00347	THAUMATIN	1.00000000000224	2.23690692465878e-12	5	0	0	39	2330
PR00160	GLUTAREDOXIN	1.00000000000224	2.23690692465878e-12	5	0	0	39	2330
PR01609	CD36FAMILY	1.00000000000224	2.23690692465878e-12	5	0	0	39	2330
PR00723	SUBTILISIN	1.00000000000224	2.23690692465878e-12	5	0	0	39	2330
PR00412	EPOXHYDRLASE	1.00000000000224	2.23690692465878e-12	5	0	0	39	2330
PR00661	ERMFAMILY	1.00000000000224	2.23690692465878e-12	5	0	0	39	2330
PR00320	GPROTEINBRPT	1.00000000000256	2.56202187654049e-12	41	0	0	39	2330
PR00178	FATTYACIDBP	1.0000000000026	2.59829085626504e-12	10	0	0	39	2330
PR00756	ALADIPTASE	1.0000000000026	2.59829085626504e-12	10	0	0	39	2330
PR01162	ALPHATUBULIN	1.0000000000026	2.59829085626504e-12	10	0	0	39	2330
PR00171	SUGRTRNSPORT	1.0000000000026	2.59829085626504e-12	10	0	0	39	2330
PR00053	FORKHEAD	1.00000000000268	2.6848931085007e-12	14	0	0	39	2330
PR00699	TMPROTEINSRB	1.00000000000268	2.6848931085007e-12	14	0	0	39	2330
PR00315	ELONGATNFCT	1.00000000000268	2.6848931085007e-12	14	0	0	39	2330
PR00452	SH3DOMAIN	1.00000000000306	3.06259937104861e-12	22	0	0	39	2330
PR00205	CADHERIN	1.00000000000346	3.45928685100438e-12	11	0	0	39	2330
PR01491	KVCHANNEL	1.00000000000346	3.45928685100438e-12	11	0	0	39	2330
PR00261	LDLRECEPTOR	1.00000000000363	3.63327446685848e-12	15	0	0	39	2330
PR00024	HOMEOBOX	1.00000000000366	3.66330821231888e-12	26	0	0	39	2330
PR00697	TMPROTEINSRA	1.00000000000368	3.68104014261951e-12	29	0	0	39	2330
PR01095	TASKCHANNEL	1.00000000000371	3.71405463702079e-12	9	0	0	39	2330
PR00027	PAIREDBOX	1.00000000000371	3.71405463702079e-12	9	0	0	39	2330
PR00783	MINTRINSICP	1.00000000000371	3.71405463702079e-12	9	0	0	39	2330
PR00304	TCOMPLEXTCP1	1.00000000000371	3.71405463702079e-12	9	0	0	39	2330
PR01084	NAHEXCHNGR	1.00000000000371	3.71405463702079e-12	9	0	0	39	2330
PR00326	GTP1OBG	1.00000000000371	3.71405463702079e-12	9	0	0	39	2330
PR00622	HISTONEH3	1.00000000000371	3.71405463702079e-12	9	0	0	39	2330
PR00724	CRBOXYPTASEC	1.00000000000371	3.71405463702079e-12	9	0	0	39	2330
PR00765	CRBOXYPTASEA	1.000000000004	4.00084339790401e-12	12	0	0	39	2330
PR00069	ALDKETRDTASE	1.000000000004	4.00084339790401e-12	12	0	0	39	2330
PR00031	HTHREPRESSR	1.000000000004	4.00084339790401e-12	12	0	0	39	2330
PR00176	NANEUSMPORT	1.000000000004	4.00084339790401e-12	12	0	0	39	2330
PR00401	SH2DOMAIN	1.00000000000425	4.25171662095558e-12	19	0	0	39	2330
PR00838	V5ALLERGEN	1.00000000000425	4.25171662095558e-12	19	0	0	39	2330
PR00891	RABGDIREP	1.00000000000431	4.30987428905183e-12	2	0	0	39	2330
PR00660	ERLUMENR	1.00000000000431	4.30987428905183e-12	2	0	0	39	2330
PR01626	LCACHANNELB	1.00000000000431	4.30987428905183e-12	2	0	0	39	2330
PR01160	GABAARBETA	1.00000000000431	4.30987428905183e-12	2	0	0	39	2330
PR00789	OSIALOPTASE	1.00000000000431	4.30987428905183e-12	2	0	0	39	2330
PR00395	RIBOSOMALS2	1.00000000000431	4.30987428905183e-12	2	0	0	39	2330
PR00296	CYCLINKINASE	1.00000000000431	4.30987428905183e-12	2	0	0	39	2330
PR00122	VACATPASE	1.00000000000431	4.30987428905183e-12	2	0	0	39	2330
PR01179	ODADCRBXLASE	1.00000000000431	4.30987428905183e-12	2	0	0	39	2330
PR00984	TRNASYNTHILE	1.00000000000431	4.30987428905183e-12	2	0	0	39	2330
PR00727	LEADERPTASE	1.00000000000431	4.30987428905183e-12	2	0	0	39	2330
PR01452	LNOTCHREPEAT	1.00000000000431	4.30987428905183e-12	2	0	0	39	2330
PR00415	ACONITASE	1.00000000000431	4.30987428905183e-12	2	0	0	39	2330
PR01040	TRNASYNTHTYR	1.00000000000431	4.30987428905183e-12	2	0	0	39	2330
PR01459	KCNQCHANNEL	1.00000000000431	4.30987428905183e-12	2	0	0	39	2330
PR00685	TIFACTORIIB	1.00000000000431	4.30987428905183e-12	2	0	0	39	2330
PR00717	GPCRKINASE	1.00000000000431	4.30987428905183e-12	2	0	0	39	2330
PR01908	ADSPHPHTASE	1.00000000000431	4.30987428905183e-12	2	0	0	39	2330
PR01822	CCYSTOKININR	1.00000000000431	4.30987428905183e-12	2	0	0	39	2330
PR00342	RHESUSRHD	1.00000000000431	4.30987428905183e-12	2	0	0	39	2330
PR01186	INTEGRINB	1.00000000000431	4.30987428905183e-12	2	0	0	39	2330
PR00509	PGMPMM	1.00000000000431	4.30987428905183e-12	2	0	0	39	2330
PR01050	PYRUVTKNASE	1.00000000000431	4.30987428905183e-12	2	0	0	39	2330
PR00876	MTNEMATODE	1.00000000000431	4.30987428905183e-12	2	0	0	39	2330
PR00131	GLHYDRLASE1	1.00000000000431	4.30987428905183e-12	2	0	0	39	2330
PR00742	GLHYDRLASE35	1.00000000000431	4.30987428905183e-12	2	0	0	39	2330
PR01268	GSTRNSFRASEP	1.00000000000431	4.30987428905183e-12	2	0	0	39	2330
PR00714	MAN6PISMRASE	1.00000000000431	4.30987428905183e-12	2	0	0	39	2330
PR00702	ACRIFLAVINRP	1.00000000000431	4.30987428905183e-12	2	0	0	39	2330
PR00377	IMPHPHTASES	1.00000000000431	4.30987428905183e-12	2	0	0	39	2330
PR00189	TRNSTHYRETIN	1.00000000000431	4.30987428905183e-12	2	0	0	39	2330
PR01573	SUPERTUBBY	1.00000000000431	4.30987428905183e-12	2	0	0	39	2330
PR00604	CYTCHRMECIAB	1.00000000000431	4.30987428905183e-12	2	0	0	39	2330
PR01764	MAPKPHPHTASE	1.00000000000431	4.30987428905183e-12	2	0	0	39	2330
PR00599	MAPEPTIDASE	1.00000000000431	4.30987428905183e-12	2	0	0	39	2330
PR00381	KINESINLIGHT	1.00000000000431	4.30987428905183e-12	2	0	0	39	2330
PR00980	TRNASYNTHALA	1.00000000000431	4.30987428905183e-12	2	0	0	39	2330
PR00679	PROHIBITIN	1.00000000000431	4.30987428905183e-12	2	0	0	39	2330
PR00991	6PFRUCTKNASE	1.00000000000431	4.30987428905183e-12	2	0	0	39	2330
PR00476	PHFRCTKINASE	1.00000000000431	4.30987428905183e-12	2	0	0	39	2330
PR00962	LETHAL2GIANT	1.00000000000431	4.30987428905183e-12	2	0	0	39	2330
PR00616	CCAATSUBUNTB	1.00000000000431	4.30987428905183e-12	2	0	0	39	2330
PR01041	TRNASYNTHMET	1.00000000000431	4.30987428905183e-12	2	0	0	39	2330
PR00141	PROTEASOME	1.00000000000431	4.30987428905183e-12	2	0	0	39	2330
PR00120	HATPASE	1.00000000000431	4.30987428905183e-12	2	0	0	39	2330
PR01072	PRESENILIN	1.00000000000431	4.30987428905183e-12	2	0	0	39	2330
PR01703	MNSODISMTASE	1.00000000000431	4.30987428905183e-12	2	0	0	39	2330
PR01869	BCATNINFAMLY	1.00000000000431	4.30987428905183e-12	2	0	0	39	2330
PR00883	NUCLEARHMG	1.00000000000431	4.30987428905183e-12	2	0	0	39	2330
PR00776	HEMOGLOBNASE	1.00000000000431	4.30987428905183e-12	2	0	0	39	2330
PR00805	ALPHACATENIN	1.00000000000431	4.30987428905183e-12	2	0	0	39	2330
PR00149	FUMRATELYASE	1.00000000000431	4.30987428905183e-12	2	0	0	39	2330
PR00504	CHROMODOMAIN	1.00000000000431	4.30987428905183e-12	2	0	0	39	2330
PR00626	CALRETICULIN	1.00000000000431	4.30987428905183e-12	2	0	0	39	2330
PR00653	ACTIVIN2R	1.00000000000431	4.30987428905183e-12	2	0	0	39	2330
PR00892	RABGDI	1.00000000000431	4.30987428905183e-12	2	0	0	39	2330
PR01182	ORNDCRBXLASE	1.00000000000431	4.30987428905183e-12	2	0	0	39	2330
PR01046	TRNASYNTHPRO	1.00000000000431	4.30987428905183e-12	2	0	0	39	2330
PR01035	TCRTETA	1.00000000000431	4.30987428905183e-12	2	0	0	39	2330
PR00986	TRNASYNTHVAL	1.00000000000431	4.30987428905183e-12	2	0	0	39	2330
PR00417	PRTPISMRASEI	1.00000000000431	4.30987428905183e-12	2	0	0	39	2330
PR00597	GELSOLIN	1.00000000000431	4.30987428905183e-12	2	0	0	39	2330
PR00481	LAMNOPPTDASE	1.00000000000431	4.30987428905183e-12	2	0	0	39	2330
PR00077	GPDHDRGNASE	1.00000000000431	4.30987428905183e-12	2	0	0	39	2330
PR01185	INTEGRINA	1.00000000000431	4.30987428905183e-12	2	0	0	39	2330
PR00404	MADSDOMAIN	1.00000000000431	4.30987428905183e-12	2	0	0	39	2330
PR00686	TIFACTORIID	1.00000000000431	4.30987428905183e-12	2	0	0	39	2330
PR00981	TRNASYNTHSER	1.00000000000431	4.30987428905183e-12	2	0	0	39	2330
PR01038	TRNASYNTHARG	1.00000000000431	4.30987428905183e-12	2	0	0	39	2330
PR00937	TBOX	1.00000000000434	4.34004862997317e-12	17	0	0	39	2330
PR00792	PEPSIN	1.00000000000434	4.34004862997317e-12	17	0	0	39	2330
PR00380	KINESINHEAVY	1.00000000000434	4.34004862997317e-12	17	0	0	39	2330
PR00370	FMOXYGENASE	1.0000000000044	4.40008351114147e-12	7	0	0	39	2330
PR00722	CHYMOTRYPSIN	1.0000000000044	4.40008351114147e-12	7	0	0	39	2330
PR00138	MATRIXIN	1.0000000000044	4.40008351114147e-12	7	0	0	39	2330
PR00190	ACTIN	1.0000000000044	4.40008351114147e-12	7	0	0	39	2330
PR00196	ANNEXIN	1.00000000000441	4.41471426702864e-12	4	0	0	39	2330
PR00078	G3PDHDRGNASE	1.00000000000441	4.41471426702864e-12	4	0	0	39	2330
PR00621	HISTONEH2B	1.00000000000441	4.41471426702864e-12	4	0	0	39	2330
PR00300	CLPPROTEASEA	1.00000000000441	4.41471426702864e-12	4	0	0	39	2330
PR00716	MPIPHPHTASE	1.00000000000441	4.41471426702864e-12	4	0	0	39	2330
PR01042	TRNASYNTHASP	1.00000000000441	4.41471426702864e-12	4	0	0	39	2330
PR02008	RCMTFAMILY	1.00000000000441	4.41471426702864e-12	4	0	0	39	2330
PR00843	GLHYDRLASE30	1.00000000000441	4.41471426702864e-12	4	0	0	39	2330
PR00314	CLATHRINADPT	1.00000000000441	4.41471426702864e-12	4	0	0	39	2330
PR01231	HCO3TRNSPORT	1.00000000000441	4.41471426702864e-12	4	0	0	39	2330
PR00050	COLDSHOCK	1.00000000000441	4.41471426702864e-12	4	0	0	39	2330
PR00878	CHOLNESTRASE	1.00000000000441	4.41471426702864e-12	4	0	0	39	2330
PR02095	TRNSPORTRHRG	1.00000000000441	4.41471426702864e-12	4	0	0	39	2330
PR00363	CYTOCHROMEB5	1.00000000000441	4.41471426702864e-12	4	0	0	39	2330
PR00888	SM22CALPONIN	1.00000000000441	4.41471426702864e-12	4	0	0	39	2330
PR00929	ATHOOK	1.00000000000441	4.41471426702864e-12	4	0	0	39	2330
PR00253	GABAARECEPTR	1.00000000000549	5.4928551856057e-12	37	0	0	39	2330
PR00457	ANPEROXIDASE	1.00000000000578	5.77871394335242e-12	13	0	0	39	2330
PR00259	TMFOUR	1.00000000000578	5.77871394335242e-12	13	0	0	39	2330
PR01012	NRPEPTIDEYR	1.00000000000578	5.77871394335242e-12	13	0	0	39	2330
PR01333	2POREKCHANEL	1.00000000000689	6.88599685291881e-12	43	0	0	39	2330
PR00700	PRTYPHPHTASE	1.00000000000717	7.16574244088501e-12	57	0	0	39	2330
PR00080	SDRFAMILY	1.00000000000797	7.9705357728405e-12	48	0	0	39	2330
PR00698	TMPROTEINSRG	1.00000000000898	8.97659096502802e-12	39	0	0	39	2330
PR00480	ASTACIN	1.00000000000898	8.97659096502802e-12	39	0	0	39	2330
PR00385	P450	1.00000000001064	1.06363191304409e-11	71	0	0	39	2330
PR00252	NRIONCHANNEL	1.00000000001066	1.06632469597257e-11	84	0	0	39	2330
PR00109	TYRKINASE	1.00000000001381	1.38072807539235e-11	70	0	0	39	2330
PR00463	EP450I	1.00000000001388	1.38776449243642e-11	72	0	0	39	2330
PR00237	GPCRRHODOPSN	1.00000000002215	2.21480839680634e-11	144	0	0	39	2330
