TermID	Term	Enrichment	logP	Genes in Term	Target Genes in Term	Fraction of Targets in Term	Total Target Genes	Total Genes	Entrez Gene IDs	Gene Symbols
PR00398	STRDHORMONER	0.0110335966826357	-4.50681041703525	43	2	0.222222222222222	9	2330	172836,183862	nhr-62,nhr-173
PR00092	TYROSINASE	0.0229777412860822	-3.77322930181523	6	1	0.111111111111111	9	2330	172263	tyr-4
PR00047	STROIDFINGER	0.0514855014485186	-2.96645503621961	231	3	0.333333333333333	9	2330	183862,178568,172836	nhr-173,nhr-98,nhr-62
PR00926	MITOCARRIER	0.0602325642876177	-2.8095421379097	16	1	0.111111111111111	9	2330	175242	K02F3.2
PR00401	SH2DOMAIN	0.0711599838863688	-2.64282464262679	19	1	0.111111111111111	9	2330	181153	vav-1
PR00759	BASICPTASE	0.0747772751647784	-2.5932412481182	20	1	0.111111111111111	9	2330	176299	ZC84.6
PR00452	SH3DOMAIN	0.0819743134535019	-2.50134933135814	22	1	0.111111111111111	9	2330	181153	vav-1
PR00385	P450	0.243460917592437	-1.41279885204189	71	1	0.111111111111111	9	2330	178695	cyp-33C2
PR00081	GDHRDH	0.246475017523396	-1.400494639425	72	1	0.111111111111111	9	2330	186315	drd-5
PR00463	EP450I	0.246475017523396	-1.400494639425	72	1	0.111111111111111	9	2330	178695	cyp-33C2
PR00700	PRTYPHPHTASE	0.999999999998264	-1.73581695646923e-12	57	0	0	9	2330
PR00838	V5ALLERGEN	0.999999999998497	-1.50276978403844e-12	19	0	0	9	2330
PR01078	AMINACHANNEL	0.999999999998741	-1.25905428028163e-12	21	0	0	9	2330
PR00837	V5TPXLIKE	0.999999999999362	-6.38149050360962e-13	25	0	0	9	2330
PR01262	INNEXIN	0.999999999999362	-6.38149050360962e-13	25	0	0	9	2330
PR00625	JDOMAIN	0.999999999999362	-6.38149050360962e-13	25	0	0	9	2330
PR00252	NRIONCHANNEL	0.999999999999909	-9.07339095430268e-14	84	0	0	9	2330
PR00762	CLCHANNEL	0.999999999999966	-3.4207792868129e-14	6	0	0	9	2330
PR00387	PDIESTERASE1	0.999999999999966	-3.4207792868129e-14	6	0	0	9	2330
PR01163	BETATUBULIN	0.999999999999966	-3.4207792868129e-14	6	0	0	9	2330
PR01494	KV9CHANNEL	0.999999999999966	-3.4207792868129e-14	6	0	0	9	2330
PR00390	PHPHLIPASEC	0.999999999999966	-3.4207792868129e-14	6	0	0	9	2330
PR00632	SONICHHOG	0.999999999999966	-3.4207792868129e-14	6	0	0	9	2330
PR01657	MCMFAMILY	0.999999999999966	-3.4207792868129e-14	6	0	0	9	2330
PR00633	RCCNDNSATION	0.999999999999966	-3.4207792868129e-14	6	0	0	9	2330
PR00348	UBIQUITIN	0.999999999999966	-3.4207792868129e-14	6	0	0	9	2330
PR00094	ADENYLTKNASE	0.999999999999966	-3.4207792868129e-14	6	0	0	9	2330
PR00689	ACOABINDINGP	0.999999999999966	-3.4207792868129e-14	6	0	0	9	2330
PR00399	SYNAPTOTAGMN	0.999999999999966	-3.4207792868129e-14	6	0	0	9	2330
PR00243	MUSCARINICR	1.00000000000044	4.38561342988777e-13	3	0	0	9	2330
PR01772	JNKMAPKINASE	1.00000000000044	4.38561342988777e-13	3	0	0	9	2330
PR01097	TRNSRECEPTRP	1.00000000000044	4.38561342988777e-13	3	0	0	9	2330
PR00372	FYWHYDRXLASE	1.00000000000044	4.38561342988777e-13	3	0	0	9	2330
PR01463	EAGCHANLFMLY	1.00000000000044	4.38561342988777e-13	3	0	0	9	2330
PR00068	CUZNDISMTASE	1.00000000000044	4.38561342988777e-13	3	0	0	9	2330
PR00413	HADHALOGNASE	1.00000000000044	4.38561342988777e-13	3	0	0	9	2330
PR01320	KIRCHANNEL	1.00000000000044	4.38561342988777e-13	3	0	0	9	2330
PR00707	UBCTHYDRLASE	1.00000000000044	4.38561342988777e-13	3	0	0	9	2330
PR00489	FRIZZLED	1.00000000000044	4.38561342988777e-13	3	0	0	9	2330
PR00376	IL1BCENZYME	1.00000000000044	4.38561342988777e-13	3	0	0	9	2330
PR00255	NATPEPTIDER	1.00000000000044	4.38561342988777e-13	3	0	0	9	2330
PR00106	DNAPOLB	1.00000000000044	4.38561342988777e-13	3	0	0	9	2330
PR00775	HEATSHOCK90	1.00000000000044	4.38561342988777e-13	3	0	0	9	2330
PR00406	CYTB5RDTASE	1.00000000000044	4.38561342988777e-13	3	0	0	9	2330
PR00167	CACHANNEL	1.00000000000044	4.38561342988777e-13	3	0	0	9	2330
PR01271	HISDACETLASE	1.00000000000044	4.38561342988777e-13	3	0	0	9	2330
PR00799	TRANSAMINASE	1.00000000000044	4.38561342988777e-13	3	0	0	9	2330
PR00067	CATALASE	1.00000000000044	4.38561342988777e-13	3	0	0	9	2330
PR00447	NATRESASSCMP	1.00000000000044	4.38561342988777e-13	3	0	0	9	2330
PR00391	PITRANSFER	1.00000000000044	4.38561342988777e-13	3	0	0	9	2330
PR02050	B14GALTRFASE	1.00000000000044	4.38561342988777e-13	3	0	0	9	2330
PR00028	POUDOMAIN	1.00000000000044	4.38561342988777e-13	3	0	0	9	2330
PR00502	NUDIXFAMILY	1.00000000000044	4.38561342988777e-13	3	0	0	9	2330
PR00683	SPECTRINPH	1.00000000000044	4.38561342988777e-13	3	0	0	9	2330
PR00881	L7ARS6FAMILY	1.00000000000044	4.38561342988777e-13	3	0	0	9	2330
PR01315	BATTENIN	1.00000000000044	4.38561342988777e-13	3	0	0	9	2330
PR01498	SHAWCHANNEL	1.00000000000044	4.38561342988777e-13	3	0	0	9	2330
PR00987	TRNASYNTHGLU	1.00000000000044	4.38561342988777e-13	3	0	0	9	2330
PR01259	NACAEXCHNGR	1.00000000000044	4.38561342988777e-13	3	0	0	9	2330
PR00389	PHPHLIPASEA2	1.00000000000044	4.38561342988777e-13	3	0	0	9	2330
PR00195	DYNAMIN	1.00000000000044	4.38561342988777e-13	3	0	0	9	2330
PR00369	FLAVODOXIN	1.00000000000044	4.38561342988777e-13	3	0	0	9	2330
PR00319	GPROTEINB	1.00000000000044	4.38561342988777e-13	3	0	0	9	2330
PR01857	ADAMTSFAMILY	1.00000000000044	4.38561342988777e-13	3	0	0	9	2330
PR00075	FACDDSATRASE	1.00000000000044	4.38561342988777e-13	3	0	0	9	2330
PR00305	1433ZETA	1.00000000000044	4.38561342988777e-13	3	0	0	9	2330
PR01347	EPHRIN	1.00000000000044	4.38561342988777e-13	3	0	0	9	2330
PR00593	MTABOTROPICR	1.00000000000044	4.38561342988777e-13	3	0	0	9	2330
PR00790	PAMONOXGNASE	1.00000000000044	4.38561342988777e-13	3	0	0	9	2330
PR00254	NICOTINICR	1.00000000000088	8.76626389012089e-13	20	0	0	9	2330
PR00705	PAPAIN	1.00000000000088	8.76626389012089e-13	20	0	0	9	2330
PR00024	HOMEOBOX	1.00000000000092	9.15509521156675e-13	26	0	0	9	2330
PR00315	ELONGATNFCT	1.0000000000011	1.10289851900549e-12	14	0	0	9	2330
PR00053	FORKHEAD	1.0000000000011	1.10289851900549e-12	14	0	0	9	2330
PR00699	TMPROTEINSRB	1.0000000000011	1.10289851900549e-12	14	0	0	9	2330
PR00320	GPROTEINBRPT	1.00000000000118	1.17708651762182e-12	41	0	0	9	2330
PR00219	SYNAPTOBREVN	1.00000000000119	1.19056112168576e-12	8	0	0	9	2330
PR00721	STOMATIN	1.00000000000119	1.19056112168576e-12	8	0	0	9	2330
PR00619	GATAZNFINGER	1.00000000000119	1.19056112168576e-12	8	0	0	9	2330
PR00927	ADPTRNSLCASE	1.00000000000119	1.19056112168576e-12	8	0	0	9	2330
PR00624	HISTONEH5	1.00000000000119	1.19056112168576e-12	8	0	0	9	2330
PR01270	HDASUPER	1.00000000000119	1.19056112168576e-12	8	0	0	9	2330
PR00935	BAND41	1.00000000000119	1.19056112168576e-12	8	0	0	9	2330
PR00454	ETSDOMAIN	1.00000000000119	1.19056112168576e-12	8	0	0	9	2330
PR00177	NMDARECEPTOR	1.00000000000119	1.19056112168576e-12	8	0	0	9	2330
PR00786	NEPRILYSIN	1.00000000000119	1.19056112168576e-12	8	0	0	9	2330
PR00301	HEATSHOCK70	1.00000000000172	1.72203296547362e-12	11	0	0	9	2330
PR00360	C2DOMAIN	1.00000000000172	1.72203296547362e-12	11	0	0	9	2330
PR00205	CADHERIN	1.00000000000172	1.72203296547362e-12	11	0	0	9	2330
PR01491	KVCHANNEL	1.00000000000172	1.72203296547362e-12	11	0	0	9	2330
PR00620	HISTONEH2A	1.00000000000187	1.87257771805282e-12	5	0	0	9	2330
PR01625	GSTRNSFRASEO	1.00000000000187	1.87257771805282e-12	5	0	0	9	2330
PR00800	YHDCRBOXLASE	1.00000000000187	1.87257771805282e-12	5	0	0	9	2330
PR01609	CD36FAMILY	1.00000000000187	1.87257771805282e-12	5	0	0	9	2330
PR01130	DERENTRNSPRT	1.00000000000187	1.87257771805282e-12	5	0	0	9	2330
PR00248	GPCRMGR	1.00000000000187	1.87257771805282e-12	5	0	0	9	2330
PR00412	EPOXHYDRLASE	1.00000000000187	1.87257771805282e-12	5	0	0	9	2330
PR00347	THAUMATIN	1.00000000000187	1.87257771805282e-12	5	0	0	9	2330
PR00744	GLHYDRLASE37	1.00000000000187	1.87257771805282e-12	5	0	0	9	2330
PR00661	ERMFAMILY	1.00000000000187	1.87257771805282e-12	5	0	0	9	2330
PR01125	FMOXYGENASE5	1.00000000000187	1.87257771805282e-12	5	0	0	9	2330
PR00723	SUBTILISIN	1.00000000000187	1.87257771805282e-12	5	0	0	9	2330
PR00111	ABHYDROLASE	1.00000000000187	1.87257771805282e-12	5	0	0	9	2330
PR00405	REVINTRACTNG	1.00000000000187	1.87257771805282e-12	5	0	0	9	2330
PR00160	GLUTAREDOXIN	1.00000000000187	1.87257771805282e-12	5	0	0	9	2330
PR00371	FPNCR	1.00000000000187	1.87257771805282e-12	5	0	0	9	2330
PR01349	WNTPROTEIN	1.00000000000187	1.87257771805282e-12	5	0	0	9	2330
PR00249	GPCRSECRETIN	1.00000000000187	1.87257771805282e-12	5	0	0	9	2330
PR00109	TYRKINASE	1.000000000002	2.00068472621908e-12	70	0	0	9	2330
PR00190	ACTIN	1.00000000000219	2.18928171697974e-12	7	0	0	9	2330
PR01011	GLUTPROXDASE	1.00000000000219	2.18928171697974e-12	7	0	0	9	2330
PR00441	GPROTEINAI	1.00000000000219	2.18928171697974e-12	7	0	0	9	2330
PR00370	FMOXYGENASE	1.00000000000219	2.18928171697974e-12	7	0	0	9	2330
PR00138	MATRIXIN	1.00000000000219	2.18928171697974e-12	7	0	0	9	2330
PR00722	CHYMOTRYPSIN	1.00000000000219	2.18928171697974e-12	7	0	0	9	2330
PR00747	GLYHDRLASE47	1.00000000000219	2.18928171697974e-12	7	0	0	9	2330
PR00697	TMPROTEINSRA	1.00000000000222	2.22469578840595e-12	29	0	0	9	2330
PR00380	KINESINHEAVY	1.00000000000242	2.42093270740792e-12	17	0	0	9	2330
PR00937	TBOX	1.00000000000242	2.42093270740792e-12	17	0	0	9	2330
PR00792	PEPSIN	1.00000000000242	2.42093270740792e-12	17	0	0	9	2330
PR00193	MYOSINHEAVY	1.00000000000242	2.42093270740792e-12	17	0	0	9	2330
PR00457	ANPEROXIDASE	1.00000000000248	2.48284782748819e-12	13	0	0	9	2330
PR00503	BROMODOMAIN	1.00000000000248	2.48284782748819e-12	13	0	0	9	2330
PR00328	SAR1GTPBP	1.00000000000248	2.48284782748819e-12	13	0	0	9	2330
PR00008	DAGPEDOMAIN	1.00000000000248	2.48284782748819e-12	13	0	0	9	2330
PR00704	CALPAIN	1.00000000000248	2.48284782748819e-12	13	0	0	9	2330
PR01012	NRPEPTIDEYR	1.00000000000248	2.48284782748819e-12	13	0	0	9	2330
PR00259	TMFOUR	1.00000000000248	2.48284782748819e-12	13	0	0	9	2330
PR00253	GABAARECEPTR	1.00000000000252	2.51726251716341e-12	37	0	0	9	2330
PR01047	TRNASYNTHTHR	1.00000000000256	2.55751583105868e-12	1	0	0	9	2330
PR01546	YEAST73DUF	1.00000000000256	2.55751583105868e-12	1	0	0	9	2330
PR00492	RHOGDI	1.00000000000256	2.55751583105868e-12	1	0	0	9	2330
PR01770	ERK1ERK2MAPK	1.00000000000256	2.55751583105868e-12	1	0	0	9	2330
PR00779	INSP3RECEPTR	1.00000000000256	2.55751583105868e-12	1	0	0	9	2330
PR00663	GALANINR	1.00000000000256	2.55751583105868e-12	1	0	0	9	2330
PR01653	TCTPROTEIN	1.00000000000256	2.55751583105868e-12	1	0	0	9	2330
PR01989	EUOM20RECPTR	1.00000000000256	2.55751583105868e-12	1	0	0	9	2330
PR00148	ENOLASE	1.00000000000256	2.55751583105868e-12	1	0	0	9	2330
PR00339	PCNACYCLIN	1.00000000000256	2.55751583105868e-12	1	0	0	9	2330
PR01000	SREBPS2PTASE	1.00000000000256	2.55751583105868e-12	1	0	0	9	2330
PR00472	CASNKINASEII	1.00000000000256	2.55751583105868e-12	1	0	0	9	2330
PR00867	DNAPOLG	1.00000000000256	2.55751583105868e-12	1	0	0	9	2330
PR01748	AP2TNSCPFCT	1.00000000000256	2.55751583105868e-12	1	0	0	9	2330
PR01663	MCMPROTEIN7	1.00000000000256	2.55751583105868e-12	1	0	0	9	2330
PR00056	HSFDOMAIN	1.00000000000256	2.55751583105868e-12	1	0	0	9	2330
PR00217	POSTSYNAPTIC	1.00000000000256	2.55751583105868e-12	1	0	0	9	2330
PR01049	PHOSPHBKNASE	1.00000000000256	2.55751583105868e-12	1	0	0	9	2330
PR00896	VASOPRESSINR	1.00000000000256	2.55751583105868e-12	1	0	0	9	2330
PR01245	RAD1REC1	1.00000000000256	2.55751583105868e-12	1	0	0	9	2330
PR01232	NAHCO3TRSPRT	1.00000000000256	2.55751583105868e-12	1	0	0	9	2330
PR01692	LIPOCALINIMR	1.00000000000256	2.55751583105868e-12	1	0	0	9	2330
PR01588	THIKCHANNEL	1.00000000000256	2.55751583105868e-12	1	0	0	9	2330
PR00110	ALPHAAMYLASE	1.00000000000256	2.55751583105868e-12	1	0	0	9	2330
PR00100	AOTCASE	1.00000000000256	2.55751583105868e-12	1	0	0	9	2330
PR00043	LEUZIPPRJUN	1.00000000000256	2.55751583105868e-12	1	0	0	9	2330
PR00139	ASNGLNASE	1.00000000000256	2.55751583105868e-12	1	0	0	9	2330
PR00477	PHGLYCKINASE	1.00000000000256	2.55751583105868e-12	1	0	0	9	2330
PR00076	6PGDHDRGNASE	1.00000000000256	2.55751583105868e-12	1	0	0	9	2330
PR00464	EP450II	1.00000000000256	2.55751583105868e-12	1	0	0	9	2330
PR01433	POLYCYSTIN2	1.00000000000256	2.55751583105868e-12	1	0	0	9	2330
PR01658	MCMPROTEIN2	1.00000000000256	2.55751583105868e-12	1	0	0	9	2330
PR01183	RIBORDTASEM1	1.00000000000256	2.55751583105868e-12	1	0	0	9	2330
PR00850	GLHYDRLASE59	1.00000000000256	2.55751583105868e-12	1	0	0	9	2330
PR01497	SHALCHANNEL	1.00000000000256	2.55751583105868e-12	1	0	0	9	2330
PR00086	LLDHDRGNASE	1.00000000000256	2.55751583105868e-12	1	0	0	9	2330
PR00126	ATPASEGAMMA	1.00000000000256	2.55751583105868e-12	1	0	0	9	2330
PR01738	RNABINDINGM8	1.00000000000256	2.55751583105868e-12	1	0	0	9	2330
PR00127	CLPPROTEASEP	1.00000000000256	2.55751583105868e-12	1	0	0	9	2330
PR01760	DISHEVELLED	1.00000000000256	2.55751583105868e-12	1	0	0	9	2330
PR00785	NCTRNSLOCATR	1.00000000000256	2.55751583105868e-12	1	0	0	9	2330
PR00162	RIESKE	1.00000000000256	2.55751583105868e-12	1	0	0	9	2330
PR00309	ARRESTIN	1.00000000000256	2.55751583105868e-12	1	0	0	9	2330
PR00773	GRPEPROTEIN	1.00000000000256	2.55751583105868e-12	1	0	0	9	2330
PR00545	RETINOIDXR	1.00000000000256	2.55751583105868e-12	1	0	0	9	2330
PR00938	BRACHYURY	1.00000000000256	2.55751583105868e-12	1	0	0	9	2330
PR00623	HISTONEH4	1.00000000000256	2.55751583105868e-12	1	0	0	9	2330
PR00960	LMBPPROTEIN	1.00000000000256	2.55751583105868e-12	1	0	0	9	2330
PR00740	GLHYDRLASE27	1.00000000000256	2.55751583105868e-12	1	0	0	9	2330
PR00603	CYTOCHROMEC1	1.00000000000256	2.55751583105868e-12	1	0	0	9	2330
PR00846	GLHYDRLASE56	1.00000000000256	2.55751583105868e-12	1	0	0	9	2330
PR00220	SYNAPTOPHYSN	1.00000000000256	2.55751583105868e-12	1	0	0	9	2330
PR01443	TFIID30KDSUB	1.00000000000256	2.55751583105868e-12	1	0	0	9	2330
PR00322	G10	1.00000000000256	2.55751583105868e-12	1	0	0	9	2330
PR01251	AMPHIPHYSIN	1.00000000000256	2.55751583105868e-12	1	0	0	9	2330
PR00154	AMPBINDING	1.00000000000256	2.55751583105868e-12	1	0	0	9	2330
PR01246	RAD1REPAIR	1.00000000000256	2.55751583105868e-12	1	0	0	9	2330
PR00041	LEUZIPPRCREB	1.00000000000256	2.55751583105868e-12	1	0	0	9	2330
PR00044	LEUZIPPRMYC	1.00000000000256	2.55751583105868e-12	1	0	0	9	2330
PR01551	SPO11HOMOLOG	1.00000000000256	2.55751583105868e-12	1	0	0	9	2330
PR00971	RIBOSOMALS10	1.00000000000256	2.55751583105868e-12	1	0	0	9	2330
PR00143	CITRTSNTHASE	1.00000000000256	2.55751583105868e-12	1	0	0	9	2330
PR00443	GPROTEINAS	1.00000000000256	2.55751583105868e-12	1	0	0	9	2330
PR00978	STARPROTEIN	1.00000000000256	2.55751583105868e-12	1	0	0	9	2330
PR01365	TELOMERASERT	1.00000000000256	2.55751583105868e-12	1	0	0	9	2330
PR00378	LIIMPHPHTASE	1.00000000000256	2.55751583105868e-12	1	0	0	9	2330
PR00058	RIBOSOMALL5	1.00000000000256	2.55751583105868e-12	1	0	0	9	2330
PR01101	5HTRECEPTOR	1.00000000000256	2.55751583105868e-12	1	0	0	9	2330
PR01348	ICLNCHANNEL	1.00000000000256	2.55751583105868e-12	1	0	0	9	2330
PR00407	EUMOPTERIN	1.00000000000256	2.55751583105868e-12	1	0	0	9	2330
PR00192	FACTINCAPB	1.00000000000256	2.55751583105868e-12	1	0	0	9	2330
PR00085	THFDHDRGNASE	1.00000000000256	2.55751583105868e-12	1	0	0	9	2330
PR01660	MCMPROTEIN4	1.00000000000256	2.55751583105868e-12	1	0	0	9	2330
PR01661	MCMPROTEIN5	1.00000000000256	2.55751583105868e-12	1	0	0	9	2330
PR00741	GLHYDRLASE29	1.00000000000256	2.55751583105868e-12	1	0	0	9	2330
PR00125	ATPASEDELTA	1.00000000000256	2.55751583105868e-12	1	0	0	9	2330
PR00302	LUPUSLA	1.00000000000256	2.55751583105868e-12	1	0	0	9	2330
PR02012	RCMTNOP2	1.00000000000256	2.55751583105868e-12	1	0	0	9	2330
PR01368	SYNAPSIN	1.00000000000256	2.55751583105868e-12	1	0	0	9	2330
PR00662	G6PISOMERASE	1.00000000000256	2.55751583105868e-12	1	0	0	9	2330
PR00351	OM20RECEPTOR	1.00000000000256	2.55751583105868e-12	1	0	0	9	2330
PR00767	DBMONOXGNASE	1.00000000000256	2.55751583105868e-12	1	0	0	9	2330
PR00972	RIBSOMALS12E	1.00000000000256	2.55751583105868e-12	1	0	0	9	2330
PR00440	GPROTEINA12	1.00000000000256	2.55751583105868e-12	1	0	0	9	2330
PR00882	RIBOSOMALL7A	1.00000000000256	2.55751583105868e-12	1	0	0	9	2330
PR00975	RIBOSOMALS19	1.00000000000256	2.55751583105868e-12	1	0	0	9	2330
PR00904	FRATAXIN	1.00000000000256	2.55751583105868e-12	1	0	0	9	2330
PR01470	ERGCHANNEL	1.00000000000256	2.55751583105868e-12	1	0	0	9	2330
PR00373	GLYCHORMONER	1.00000000000256	2.55751583105868e-12	1	0	0	9	2330
PR01662	MCMPROTEIN6	1.00000000000256	2.55751583105868e-12	1	0	0	9	2330
PR00967	ONCOGENEAML1	1.00000000000256	2.55751583105868e-12	1	0	0	9	2330
PR00108	THYMDSNTHASE	1.00000000000256	2.55751583105868e-12	1	0	0	9	2330
PR00989	ADENOKINASE	1.00000000000256	2.55751583105868e-12	1	0	0	9	2330
PR01630	LVDCCALPHA1	1.00000000000256	2.55751583105868e-12	1	0	0	9	2330
PR01850	GROUCHOFAMLY	1.00000000000256	2.55751583105868e-12	1	0	0	9	2330
PR00448	NSFATTACHMNT	1.00000000000256	2.55751583105868e-12	1	0	0	9	2330
PR00098	CPSASE	1.00000000000256	2.55751583105868e-12	1	0	0	9	2330
PR00191	FACTINCAPA	1.00000000000256	2.55751583105868e-12	1	0	0	9	2330
PR00600	PP2APR55	1.00000000000256	2.55751583105868e-12	1	0	0	9	2330
PR01698	CYTOFMRPINTP	1.00000000000256	2.55751583105868e-12	1	0	0	9	2330
PR01873	CYTCOXIDASE4	1.00000000000256	2.55751583105868e-12	1	0	0	9	2330
PR00185	EUKARYTPORIN	1.00000000000256	2.55751583105868e-12	1	0	0	9	2330
PR01088	NAHEXCHNGR6	1.00000000000256	2.55751583105868e-12	1	0	0	9	2330
PR01659	MCMPROTEIN3	1.00000000000256	2.55751583105868e-12	1	0	0	9	2330
PR00321	GPROTEING	1.00000000000256	2.55751583105868e-12	1	0	0	9	2330
PR01550	TOP6AFAMILY	1.00000000000256	2.55751583105868e-12	1	0	0	9	2330
PR01586	TWIKCHANNEL	1.00000000000256	2.55751583105868e-12	1	0	0	9	2330
PR01164	GAMMATUBULIN	1.00000000000256	2.55751583105868e-12	1	0	0	9	2330
PR00961	HUDSXLRNA	1.00000000000256	2.55751583105868e-12	1	0	0	9	2330
PR00071	HMGCOARDTASE	1.00000000000256	2.55751583105868e-12	1	0	0	9	2330
PR01243	NUCDPKINASE	1.00000000000256	2.55751583105868e-12	1	0	0	9	2330
PR01475	PARKIN	1.00000000000256	2.55751583105868e-12	1	0	0	9	2330
PR00072	MALOXRDTASE	1.00000000000256	2.55751583105868e-12	1	0	0	9	2330
PR00720	MAMMALPTPASE	1.00000000000256	2.55751583105868e-12	1	0	0	9	2330
PR00416	EUTPISMRASEI	1.00000000000256	2.55751583105868e-12	1	0	0	9	2330
PR00982	TRNASYNTHLYS	1.00000000000256	2.55751583105868e-12	1	0	0	9	2330
PR01854	BR22PROTEIN	1.00000000000256	2.55751583105868e-12	1	0	0	9	2330
PR00336	LYSASSOCTDMP	1.00000000000256	2.55751583105868e-12	1	0	0	9	2330
PR00456	RIBOSOMALP2	1.00000000000256	2.55751583105868e-12	1	0	0	9	2330
PR01716	DEATHASSOCP3	1.00000000000256	2.55751583105868e-12	1	0	0	9	2330
PR00791	PEPDIPTASEA	1.00000000000256	2.55751583105868e-12	1	0	0	9	2330
PR00297	CHAPERONIN10	1.00000000000256	2.55751583105868e-12	1	0	0	9	2330
PR00784	MTUNCOUPLING	1.00000000000256	2.55751583105868e-12	1	0	0	9	2330
PR01405	TETRPHPHTASE	1.00000000000256	2.55751583105868e-12	1	0	0	9	2330
PR00868	DNAPOLI	1.00000000000256	2.55751583105868e-12	1	0	0	9	2330
PR01043	TRNASYNTHGLY	1.00000000000256	2.55751583105868e-12	1	0	0	9	2330
PR00738	GLHYDRLASE20	1.00000000000256	2.55751583105868e-12	1	0	0	9	2330
PR00414	PPTHIESTRASE	1.00000000000256	2.55751583105868e-12	1	0	0	9	2330
PR02011	RCMTNCL1	1.00000000000256	2.55751583105868e-12	1	0	0	9	2330
PR00203	AMYLOIDA4	1.00000000000256	2.55751583105868e-12	1	0	0	9	2330
PR00132	GLHYDRLASE2	1.00000000000256	2.55751583105868e-12	1	0	0	9	2330
PR01868	ABCEFAMILY	1.00000000000256	2.55751583105868e-12	1	0	0	9	2330
PR00465	EP450IV	1.00000000000256	2.55751583105868e-12	1	0	0	9	2330
PR00115	F16BPHPHTASE	1.00000000000256	2.55751583105868e-12	1	0	0	9	2330
PR00979	TAFAZZIN	1.00000000000256	2.55751583105868e-12	1	0	0	9	2330
PR00928	GRAVESDC	1.00000000000256	2.55751583105868e-12	1	0	0	9	2330
PR01629	TVDCCALPHA1	1.00000000000256	2.55751583105868e-12	1	0	0	9	2330
PR00276	INSULINFAMLY	1.00000000000256	2.55751583105868e-12	1	0	0	9	2330
PR00332	HISTRIAD	1.00000000000256	2.55751583105868e-12	1	0	0	9	2330
PR00124	ATPASEC	1.00000000000256	2.55751583105868e-12	1	0	0	9	2330
PR00065	TEADOMAIN	1.00000000000256	2.55751583105868e-12	1	0	0	9	2330
PR00473	GALCTOKINASE	1.00000000000256	2.55751583105868e-12	1	0	0	9	2330
PR00082	GLFDHDRGNASE	1.00000000000256	2.55751583105868e-12	1	0	0	9	2330
PR01797	SAPOSIN	1.00000000000256	2.55751583105868e-12	1	0	0	9	2330
PR00719	LMWPTPASE	1.00000000000256	2.55751583105868e-12	1	0	0	9	2330
PR00932	AMINO1PTASE	1.00000000000256	2.55751583105868e-12	1	0	0	9	2330
PR01849	UBIQUITINACT	1.00000000000256	2.55751583105868e-12	1	0	0	9	2330
PR00104	CGMPKINASE	1.00000000000256	2.55751583105868e-12	1	0	0	9	2330
PR00003	4DISULPHCORE	1.00000000000256	2.55751583105868e-12	1	0	0	9	2330
PR01802	SYNEMBRYN	1.00000000000256	2.55751583105868e-12	1	0	0	9	2330
PR00990	RIBOKINASE	1.00000000000256	2.55751583105868e-12	1	0	0	9	2330
PR00298	CHAPERONIN60	1.00000000000256	2.55751583105868e-12	1	0	0	9	2330
PR00392	PROFILIN	1.00000000000256	2.55751583105868e-12	1	0	0	9	2330
PR00052	FIBRILLARIN	1.00000000000256	2.55751583105868e-12	1	0	0	9	2330
PR01250	RIBOSOMALL34	1.00000000000256	2.55751583105868e-12	1	0	0	9	2330
PR00728	SIGNALPTASE	1.00000000000256	2.55751583105868e-12	1	0	0	9	2330
PR00079	G6PDHDRGNASE	1.00000000000256	2.55751583105868e-12	1	0	0	9	2330
PR01846	TRHRFAMILY	1.00000000000256	2.55751583105868e-12	1	0	0	9	2330
PR01075	PRESENILNSEL	1.00000000000256	2.55751583105868e-12	1	0	0	9	2330
PR00025	ANTENNAPEDIA	1.00000000000256	2.55751583105868e-12	1	0	0	9	2330
PR00474	GLU5KINASE	1.00000000000256	2.55751583105868e-12	1	0	0	9	2330
PR01640	PROFILINPLNT	1.00000000000256	2.55751583105868e-12	1	0	0	9	2330
PR01218	PSTLEXTENSIN	1.00000000000256	2.55751583105868e-12	1	0	0	9	2330
PR00973	RIBOSOMALS17	1.00000000000256	2.55751583105868e-12	1	0	0	9	2330
PR00442	GPROTEINAQ	1.00000000000256	2.55751583105868e-12	1	0	0	9	2330
PR00985	TRNASYNTHLEU	1.00000000000256	2.55751583105868e-12	1	0	0	9	2330
PR00627	GTPRANTC4	1.00000000000256	2.55751583105868e-12	1	0	0	9	2330
PR00355	ADRENODOXIN	1.00000000000256	2.55751583105868e-12	1	0	0	9	2330
PR01848	U2AUXFACTOR	1.00000000000256	2.55751583105868e-12	1	0	0	9	2330
PR00194	TROPOMYOSIN	1.00000000000256	2.55751583105868e-12	1	0	0	9	2330
PR00983	TRNASYNTHCYS	1.00000000000256	2.55751583105868e-12	1	0	0	9	2330
PR01838	NCAMFAMILY	1.00000000000256	2.55751583105868e-12	1	0	0	9	2330
PR01839	RAD23PROTEIN	1.00000000000256	2.55751583105868e-12	1	0	0	9	2330
PR01034	RIBOSOMALS12	1.00000000000256	2.55751583105868e-12	1	0	0	9	2330
PR00664	OCTOPAMINER	1.00000000000256	2.55751583105868e-12	1	0	0	9	2330
PR01464	EAGCHANNEL	1.00000000000256	2.55751583105868e-12	1	0	0	9	2330
PR02031	CYSSERRICHNP	1.00000000000256	2.55751583105868e-12	1	0	0	9	2330
PR00326	GTP1OBG	1.00000000000259	2.58675842813421e-12	9	0	0	9	2330
PR00622	HISTONEH3	1.00000000000259	2.58675842813421e-12	9	0	0	9	2330
PR00783	MINTRINSICP	1.00000000000259	2.58675842813421e-12	9	0	0	9	2330
PR01095	TASKCHANNEL	1.00000000000259	2.58675842813421e-12	9	0	0	9	2330
PR00304	TCOMPLEXTCP1	1.00000000000259	2.58675842813421e-12	9	0	0	9	2330
PR01084	NAHEXCHNGR	1.00000000000259	2.58675842813421e-12	9	0	0	9	2330
PR00027	PAIREDBOX	1.00000000000259	2.58675842813421e-12	9	0	0	9	2330
PR00724	CRBOXYPTASEC	1.00000000000259	2.58675842813421e-12	9	0	0	9	2330
PR00756	ALADIPTASE	1.00000000000264	2.63992655784661e-12	10	0	0	9	2330
PR01162	ALPHATUBULIN	1.00000000000264	2.63992655784661e-12	10	0	0	9	2330
PR00171	SUGRTRNSPORT	1.00000000000264	2.63992655784661e-12	10	0	0	9	2330
PR00178	FATTYACIDBP	1.00000000000264	2.63992655784661e-12	10	0	0	9	2330
PR02095	TRNSPORTRHRG	1.00000000000265	2.65431555550254e-12	4	0	0	9	2330
PR00196	ANNEXIN	1.00000000000265	2.65431555550254e-12	4	0	0	9	2330
PR00078	G3PDHDRGNASE	1.00000000000265	2.65431555550254e-12	4	0	0	9	2330
PR00843	GLHYDRLASE30	1.00000000000265	2.65431555550254e-12	4	0	0	9	2330
PR00300	CLPPROTEASEA	1.00000000000265	2.65431555550254e-12	4	0	0	9	2330
PR01231	HCO3TRNSPORT	1.00000000000265	2.65431555550254e-12	4	0	0	9	2330
PR00888	SM22CALPONIN	1.00000000000265	2.65431555550254e-12	4	0	0	9	2330
PR00853	XPGRADSUPER	1.00000000000265	2.65431555550254e-12	4	0	0	9	2330
PR00050	COLDSHOCK	1.00000000000265	2.65431555550254e-12	4	0	0	9	2330
PR00621	HISTONEH2B	1.00000000000265	2.65431555550254e-12	4	0	0	9	2330
PR00363	CYTOCHROMEB5	1.00000000000265	2.65431555550254e-12	4	0	0	9	2330
PR00929	ATHOOK	1.00000000000265	2.65431555550254e-12	4	0	0	9	2330
PR01042	TRNASYNTHASP	1.00000000000265	2.65431555550254e-12	4	0	0	9	2330
PR02008	RCMTFAMILY	1.00000000000265	2.65431555550254e-12	4	0	0	9	2330
PR00716	MPIPHPHTASE	1.00000000000265	2.65431555550254e-12	4	0	0	9	2330
PR00878	CHOLNESTRASE	1.00000000000265	2.65431555550254e-12	4	0	0	9	2330
PR00314	CLATHRINADPT	1.00000000000265	2.65431555550254e-12	4	0	0	9	2330
PR00504	CHROMODOMAIN	1.00000000000267	2.67364547453072e-12	2	0	0	9	2330
PR00891	RABGDIREP	1.00000000000267	2.67364547453072e-12	2	0	0	9	2330
PR01050	PYRUVTKNASE	1.00000000000267	2.67364547453072e-12	2	0	0	9	2330
PR00120	HATPASE	1.00000000000267	2.67364547453072e-12	2	0	0	9	2330
PR00404	MADSDOMAIN	1.00000000000267	2.67364547453072e-12	2	0	0	9	2330
PR01703	MNSODISMTASE	1.00000000000267	2.67364547453072e-12	2	0	0	9	2330
PR01626	LCACHANNELB	1.00000000000267	2.67364547453072e-12	2	0	0	9	2330
PR01182	ORNDCRBXLASE	1.00000000000267	2.67364547453072e-12	2	0	0	9	2330
PR00714	MAN6PISMRASE	1.00000000000267	2.67364547453072e-12	2	0	0	9	2330
PR01773	P38MAPKINASE	1.00000000000267	2.67364547453072e-12	2	0	0	9	2330
PR01160	GABAARBETA	1.00000000000267	2.67364547453072e-12	2	0	0	9	2330
PR01039	TRNASYNTHTRP	1.00000000000267	2.67364547453072e-12	2	0	0	9	2330
PR01764	MAPKPHPHTASE	1.00000000000267	2.67364547453072e-12	2	0	0	9	2330
PR00962	LETHAL2GIANT	1.00000000000267	2.67364547453072e-12	2	0	0	9	2330
PR01573	SUPERTUBBY	1.00000000000267	2.67364547453072e-12	2	0	0	9	2330
PR00616	CCAATSUBUNTB	1.00000000000267	2.67364547453072e-12	2	0	0	9	2330
PR01040	TRNASYNTHTYR	1.00000000000267	2.67364547453072e-12	2	0	0	9	2330
PR00597	GELSOLIN	1.00000000000267	2.67364547453072e-12	2	0	0	9	2330
PR00685	TIFACTORIIB	1.00000000000267	2.67364547453072e-12	2	0	0	9	2330
PR00381	KINESINLIGHT	1.00000000000267	2.67364547453072e-12	2	0	0	9	2330
PR01186	INTEGRINB	1.00000000000267	2.67364547453072e-12	2	0	0	9	2330
PR01459	KCNQCHANNEL	1.00000000000267	2.67364547453072e-12	2	0	0	9	2330
PR00149	FUMRATELYASE	1.00000000000267	2.67364547453072e-12	2	0	0	9	2330
PR00789	OSIALOPTASE	1.00000000000267	2.67364547453072e-12	2	0	0	9	2330
PR00984	TRNASYNTHILE	1.00000000000267	2.67364547453072e-12	2	0	0	9	2330
PR00131	GLHYDRLASE1	1.00000000000267	2.67364547453072e-12	2	0	0	9	2330
PR00189	TRNSTHYRETIN	1.00000000000267	2.67364547453072e-12	2	0	0	9	2330
PR01185	INTEGRINA	1.00000000000267	2.67364547453072e-12	2	0	0	9	2330
PR01869	BCATNINFAMLY	1.00000000000267	2.67364547453072e-12	2	0	0	9	2330
PR01908	ADSPHPHTASE	1.00000000000267	2.67364547453072e-12	2	0	0	9	2330
PR00077	GPDHDRGNASE	1.00000000000267	2.67364547453072e-12	2	0	0	9	2330
PR00476	PHFRCTKINASE	1.00000000000267	2.67364547453072e-12	2	0	0	9	2330
PR01822	CCYSTOKININR	1.00000000000267	2.67364547453072e-12	2	0	0	9	2330
PR00887	SSRCOGNITION	1.00000000000267	2.67364547453072e-12	2	0	0	9	2330
PR01035	TCRTETA	1.00000000000267	2.67364547453072e-12	2	0	0	9	2330
PR00883	NUCLEARHMG	1.00000000000267	2.67364547453072e-12	2	0	0	9	2330
PR00892	RABGDI	1.00000000000267	2.67364547453072e-12	2	0	0	9	2330
PR00876	MTNEMATODE	1.00000000000267	2.67364547453072e-12	2	0	0	9	2330
PR00653	ACTIVIN2R	1.00000000000267	2.67364547453072e-12	2	0	0	9	2330
PR01038	TRNASYNTHARG	1.00000000000267	2.67364547453072e-12	2	0	0	9	2330
PR01452	LNOTCHREPEAT	1.00000000000267	2.67364547453072e-12	2	0	0	9	2330
PR00660	ERLUMENR	1.00000000000267	2.67364547453072e-12	2	0	0	9	2330
PR00686	TIFACTORIID	1.00000000000267	2.67364547453072e-12	2	0	0	9	2330
PR00626	CALRETICULIN	1.00000000000267	2.67364547453072e-12	2	0	0	9	2330
PR00980	TRNASYNTHALA	1.00000000000267	2.67364547453072e-12	2	0	0	9	2330
PR00742	GLHYDRLASE35	1.00000000000267	2.67364547453072e-12	2	0	0	9	2330
PR01179	ODADCRBXLASE	1.00000000000267	2.67364547453072e-12	2	0	0	9	2330
PR00717	GPCRKINASE	1.00000000000267	2.67364547453072e-12	2	0	0	9	2330
PR00415	ACONITASE	1.00000000000267	2.67364547453072e-12	2	0	0	9	2330
PR00604	CYTCHRMECIAB	1.00000000000267	2.67364547453072e-12	2	0	0	9	2330
PR00509	PGMPMM	1.00000000000267	2.67364547453072e-12	2	0	0	9	2330
PR01046	TRNASYNTHPRO	1.00000000000267	2.67364547453072e-12	2	0	0	9	2330
PR00702	ACRIFLAVINRP	1.00000000000267	2.67364547453072e-12	2	0	0	9	2330
PR00377	IMPHPHTASES	1.00000000000267	2.67364547453072e-12	2	0	0	9	2330
PR01001	FADG3PDH	1.00000000000267	2.67364547453072e-12	2	0	0	9	2330
PR00679	PROHIBITIN	1.00000000000267	2.67364547453072e-12	2	0	0	9	2330
PR00986	TRNASYNTHVAL	1.00000000000267	2.67364547453072e-12	2	0	0	9	2330
PR00141	PROTEASOME	1.00000000000267	2.67364547453072e-12	2	0	0	9	2330
PR00122	VACATPASE	1.00000000000267	2.67364547453072e-12	2	0	0	9	2330
PR00395	RIBOSOMALS2	1.00000000000267	2.67364547453072e-12	2	0	0	9	2330
PR01041	TRNASYNTHMET	1.00000000000267	2.67364547453072e-12	2	0	0	9	2330
PR00727	LEADERPTASE	1.00000000000267	2.67364547453072e-12	2	0	0	9	2330
PR01072	PRESENILIN	1.00000000000267	2.67364547453072e-12	2	0	0	9	2330
PR00805	ALPHACATENIN	1.00000000000267	2.67364547453072e-12	2	0	0	9	2330
PR00342	RHESUSRHD	1.00000000000267	2.67364547453072e-12	2	0	0	9	2330
PR00776	HEMOGLOBNASE	1.00000000000267	2.67364547453072e-12	2	0	0	9	2330
PR00481	LAMNOPPTDASE	1.00000000000267	2.67364547453072e-12	2	0	0	9	2330
PR00991	6PFRUCTKNASE	1.00000000000267	2.67364547453072e-12	2	0	0	9	2330
PR00599	MAPEPTIDASE	1.00000000000267	2.67364547453072e-12	2	0	0	9	2330
PR00981	TRNASYNTHSER	1.00000000000267	2.67364547453072e-12	2	0	0	9	2330
PR00296	CYCLINKINASE	1.00000000000267	2.67364547453072e-12	2	0	0	9	2330
PR01268	GSTRNSFRASEP	1.00000000000267	2.67364547453072e-12	2	0	0	9	2330
PR00417	PRTPISMRASEI	1.00000000000267	2.67364547453072e-12	2	0	0	9	2330
PR00114	STPHPHTASE	1.00000000000319	3.19356683232738e-12	45	0	0	9	2330
PR00031	HTHREPRESSR	1.00000000000326	3.26018869380678e-12	12	0	0	9	2330
PR01301	RGSPROTEIN	1.00000000000326	3.26018869380678e-12	12	0	0	9	2330
PR00176	NANEUSMPORT	1.00000000000326	3.26018869380678e-12	12	0	0	9	2330
PR00069	ALDKETRDTASE	1.00000000000326	3.26018869380678e-12	12	0	0	9	2330
PR00765	CRBOXYPTASEA	1.00000000000326	3.26018869380678e-12	12	0	0	9	2330
PR00261	LDLRECEPTOR	1.00000000000327	3.27173319189029e-12	15	0	0	9	2330
PR00299	ACRYSTALLIN	1.00000000000327	3.27173319189029e-12	15	0	0	9	2330
PR00237	GPCRRHODOPSN	1.00000000000358	3.57970917915005e-12	144	0	0	9	2330
PR00153	CSAPPISMRASE	1.00000000000362	3.61992097462215e-12	18	0	0	9	2330
PR00480	ASTACIN	1.00000000000381	3.81400403690582e-12	39	0	0	9	2330
PR00698	TMPROTEINSRG	1.00000000000381	3.81400403690582e-12	39	0	0	9	2330
PR01333	2POREKCHANEL	1.00000000000383	3.82631520839992e-12	43	0	0	9	2330
PR00080	SDRFAMILY	1.00000000000399	3.99019654320622e-12	48	0	0	9	2330
PR01161	TUBULIN	1.00000000000408	4.08182869509132e-12	16	0	0	9	2330
PR01415	ANKYRIN	1.00000000000408	4.08182869509132e-12	16	0	0	9	2330
PR00318	GPROTEINA	1.00000000000411	4.11292094378525e-12	22	0	0	9	2330
