TermID	Term	Enrichment	logP	Genes in Term	Target Genes in Term	Fraction of Targets in Term	Total Target Genes	Total Genes	Entrez Gene IDs	Gene Symbols
SM00430	HOLI	0.0020596053286043	-6.18524090259215	250	6	0.2	30	5448	178821,180053,182727,179588,183865,179589	nhr-114,nhr-53,nhr-156,nhr-101,nhr-137,nhr-68
SM00399	ZnF_C4	0.00227790218846802	-6.08450035233815	255	6	0.2	30	5448	178821,179588,182727,180053,183865,179589	nhr-114,nhr-101,nhr-156,nhr-53,nhr-137,nhr-68
SM01293	DUF3402	0.00550660792953691	-5.20180646616329	1	1	0.0333333333333333	30	5448	174165	farl-11
SM00996	AdoHcyase	0.00550660792953691	-5.20180646616329	1	1	0.0333333333333333	30	5448	172408	ahcy-1
SM01120	Dak2	0.00550660792953691	-5.20180646616329	1	1	0.0333333333333333	30	5448	178730	W02H5.8
SM01292	N1221	0.00550660792953691	-5.20180646616329	1	1	0.0333333333333333	30	5448	174165	farl-11
SM01018	B12-binding_2	0.00550660792953691	-5.20180646616329	1	1	0.0333333333333333	30	5448	174681	metr-1
SM00997	AdoHcyase_NAD	0.00550660792953691	-5.20180646616329	1	1	0.0333333333333333	30	5448	172408	ahcy-1
SM00882	CoA_trans	0.00550660792953691	-5.20180646616329	1	1	0.0333333333333333	30	5448	174548	C05C10.3
SM00587	CHK	0.00750465770106639	-4.89223142438837	24	2	0.0666666666666667	30	5448	178784,186806	F59B1.8,H37A05.2
SM01003	AlaDh_PNT_N	0.0109838985044486	-4.51132485086792	2	1	0.0333333333333333	30	5448	176842	aass-1
SM01002	AlaDh_PNT_C	0.0109838985044486	-4.51132485086792	2	1	0.0333333333333333	30	5448	176842	aass-1
SM00947	Pro_CA	0.0109838985044486	-4.51132485086792	2	1	0.0333333333333333	30	5448	180890	bca-1
SM00775	LNS2	0.0109838985044486	-4.51132485086792	2	1	0.0333333333333333	30	5448	179853	lpin-1
SM00446	LRRcap	0.0218511297714137	-3.82350265299171	4	1	0.0333333333333333	30	5448	184268	F09G8.5
SM00674	CENPB	0.0218511297714137	-3.82350265299171	4	1	0.0333333333333333	30	5448	187007	K04G2.7
SM00327	VWA	0.0230166692370388	-3.77153657612057	43	2	0.0666666666666667	30	5448	181431,178736	vwa-8,C24B9.3
SM00186	FBG	0.0272413696881466	-3.60301851672754	5	1	0.0333333333333333	30	5448	188512	T15B7.1
SM00878	Biotin_carb_C	0.0272413696881466	-3.60301851672754	5	1	0.0333333333333333	30	5448	179616	pyc-1
SM00744	RINGv	0.037935840593337	-3.27185895165713	7	1	0.0333333333333333	30	5448	172053	rnf-145
SM00612	Kelch	0.0537647301061064	-2.92313760103309	10	1	0.0333333333333333	30	5448	3565011	kel-8
SM00875	BACK	0.0693417289096476	-2.66870840523674	13	1	0.0333333333333333	30	5448	3565011	kel-8
SM00034	CLECT	0.101442649026379	-2.28826167441516	205	3	0.1	30	5448	180188,180025,188512	clec-48,clec-47,T15B7.1
SM00275	G_alpha	0.114599818023988	-2.16630906262607	22	1	0.0333333333333333	30	5448	179746	gpa-13
SM00408	IGc2	0.242206158880226	-1.41796601928379	50	1	0.0333333333333333	30	5448	192088	zig-3
SM00409	IG	0.24641768448886	-1.40072727843369	51	1	0.0333333333333333	30	5448	192088	zig-3
SM00254	ShKT	0.436819455101435	-0.828235315475933	103	1	0.0333333333333333	30	5448	191243	ZK218.1
SM00382	AAA	0.446251012279844	-0.806873677476646	106	1	0.0333333333333333	30	5448	181677	mrp-3
SM00184	RING	0.467667999212817	-0.75999663820156	113	1	0.0333333333333333	30	5448	172053	rnf-145
SM00225	BTB	0.505337316656222	-0.682529118913915	126	1	0.0333333333333333	30	5448	3565011	kel-8
SM00049	DEP	0.999999999992511	-7.48931388608331e-12	9	0	0	30	5448
SM00015	IQ	0.999999999992511	-7.48931388608331e-12	9	0	0	30	5448
SM00918	Lig_chan-Glu_bd	0.999999999992511	-7.48931388608331e-12	9	0	0	30	5448
SM00494	ChtBD2	0.999999999992511	-7.48931388608331e-12	9	0	0	30	5448
SM00595	MADF	0.999999999992511	-7.48931388608331e-12	9	0	0	30	5448
SM01189	ELM2	0.999999999992511	-7.48931388608331e-12	9	0	0	30	5448
SM00702	P4Hc	0.999999999992511	-7.48931388608331e-12	9	0	0	30	5448
SM01117	Cyt-b5	0.999999999992511	-7.48931388608331e-12	9	0	0	30	5448
SM00314	RA	0.999999999992511	-7.48931388608331e-12	9	0	0	30	5448
SM00471	HDc	0.999999999992511	-7.48931388608331e-12	9	0	0	30	5448
SM00451	ZnF_U1	0.999999999992511	-7.48931388608331e-12	9	0	0	30	5448
SM00328	BPI1	0.999999999992511	-7.48931388608331e-12	9	0	0	30	5448
SM00119	HECTc	0.999999999992511	-7.48931388608331e-12	9	0	0	30	5448
SM00848	Inhibitor_I29	0.999999999992511	-7.48931388608331e-12	9	0	0	30	5448
SM00724	TLC	0.999999999992511	-7.48931388608331e-12	9	0	0	30	5448
SM00072	GuKc	0.999999999992511	-7.48931388608331e-12	9	0	0	30	5448
SM00079	PBPe	0.999999999992511	-7.48931388608331e-12	9	0	0	30	5448
SM00116	CBS	0.999999999992511	-7.48931388608331e-12	9	0	0	30	5448
SM00428	H3	0.999999999992511	-7.48931388608331e-12	9	0	0	30	5448
SM00033	CH	0.999999999992619	-7.38125539724329e-12	24	0	0	30	5448
SM00636	Glyco_18	0.999999999997419	-2.58143643856316e-12	31	0	0	30	5448
SM00109	C1	0.999999999997419	-2.58143643856316e-12	31	0	0	30	5448
SM01391	Filament	0.999999999997615	-2.38523588470951e-12	10	0	0	30	5448
SM00329	BPI2	0.999999999997615	-2.38523588470951e-12	10	0	0	30	5448
SM00146	PI3Kc	0.999999999997615	-2.38523588470951e-12	10	0	0	30	5448
SM01196	FERM_C	0.999999999997615	-2.38523588470951e-12	10	0	0	30	5448
SM00020	Tryp_SPc	0.999999999997615	-2.38523588470951e-12	10	0	0	30	5448
SM00185	ARM	0.999999999997615	-2.38523588470951e-12	10	0	0	30	5448
SM00479	EXOIII	0.999999999997615	-2.38523588470951e-12	10	0	0	30	5448
SM00051	DSL	0.999999999997615	-2.38523588470951e-12	10	0	0	30	5448
SM00240	FHA	0.999999999997615	-2.38523588470951e-12	10	0	0	30	5448
SM00306	HintN	0.999999999997615	-2.38523588470951e-12	10	0	0	30	5448
SM00351	PAX	0.999999999997615	-2.38523588470951e-12	10	0	0	30	5448
SM00305	HintC	0.999999999997615	-2.38523588470951e-12	10	0	0	30	5448
SM00291	ZnF_ZZ	0.999999999997615	-2.38523588470951e-12	10	0	0	30	5448
SM00061	MATH	0.999999999998249	-1.7505450483153e-12	75	0	0	30	5448
SM00112	CA	0.999999999999301	-6.99233004520613e-13	11	0	0	30	5448
SM00312	PX	0.999999999999301	-6.99233004520613e-13	11	0	0	30	5448
SM00831	Cation_ATPase_N	0.999999999999301	-6.99233004520613e-13	11	0	0	30	5448
SM00449	SPRY	0.999999999999301	-6.99233004520613e-13	11	0	0	30	5448
SM00180	EGF_Lam	0.999999999999301	-6.99233004520613e-13	11	0	0	30	5448
SM00301	DM	0.999999999999301	-6.99233004520613e-13	11	0	0	30	5448
SM00268	ACTIN	0.999999999999301	-6.99233004520613e-13	11	0	0	30	5448
SM00332	PP2Cc	0.999999999999301	-6.99233004520613e-13	11	0	0	30	5448
SM00847	HA2	0.999999999999301	-6.99233004520613e-13	11	0	0	30	5448
SM00025	Pumilio	0.999999999999301	-6.99233004520613e-13	11	0	0	30	5448
SM00343	ZnF_C2HC	0.999999999999301	-6.99233004520613e-13	11	0	0	30	5448
SM00244	PHB	0.999999999999301	-6.99233004520613e-13	11	0	0	30	5448
SM00647	IBR	0.999999999999301	-6.99233004520613e-13	11	0	0	30	5448
SM01349	TOG	1.00000000000014	1.42737457104332e-13	8	0	0	30	5448
SM00524	DWB	1.00000000000014	1.42737457104332e-13	8	0	0	30	5448
SM00274	FOLN	1.00000000000014	1.42737457104332e-13	8	0	0	30	5448
SM01190	EMP24_GP25L	1.00000000000014	1.42737457104332e-13	8	0	0	30	5448
SM00413	ETS	1.00000000000014	1.42737457104332e-13	8	0	0	30	5448
SM00547	ZnF_RBZ	1.00000000000014	1.42737457104332e-13	8	0	0	30	5448
SM00458	RICIN	1.00000000000014	1.42737457104332e-13	8	0	0	30	5448
SM00358	DSRM	1.00000000000014	1.42737457104332e-13	8	0	0	30	5448
SM00285	PBD	1.00000000000014	1.42737457104332e-13	8	0	0	30	5448
SM00667	LisH	1.00000000000014	1.42737457104332e-13	8	0	0	30	5448
SM00333	TUDOR	1.00000000000014	1.42737457104332e-13	8	0	0	30	5448
SM00147	RasGEF	1.00000000000014	1.42737457104332e-13	8	0	0	30	5448
SM00082	LRRCT	1.00000000000014	1.42737457104332e-13	8	0	0	30	5448
SM00645	Pept_C1	1.00000000000019	1.91165807443521e-13	29	0	0	30	5448
SM00216	VWD	1.00000000000114	1.1372043219124e-12	7	0	0	30	5448
SM00948	Proteasome_A_N	1.00000000000114	1.1372043219124e-12	7	0	0	30	5448
SM00498	FH2	1.00000000000114	1.1372043219124e-12	7	0	0	30	5448
SM00396	ZnF_UBR1	1.00000000000114	1.1372043219124e-12	7	0	0	30	5448
SM00386	HAT	1.00000000000114	1.1372043219124e-12	7	0	0	30	5448
SM00165	UBA	1.00000000000114	1.1372043219124e-12	7	0	0	30	5448
SM00232	JAB_MPN	1.00000000000114	1.1372043219124e-12	7	0	0	30	5448
SM00234	START	1.00000000000114	1.1372043219124e-12	7	0	0	30	5448
SM00664	DoH	1.00000000000114	1.1372043219124e-12	7	0	0	30	5448
SM00523	DWA	1.00000000000114	1.1372043219124e-12	7	0	0	30	5448
SM00032	CCP	1.00000000000114	1.1372043219124e-12	7	0	0	30	5448
SM00055	FCH	1.00000000000114	1.1372043219124e-12	7	0	0	30	5448
SM00513	SAP	1.00000000000114	1.1372043219124e-12	7	0	0	30	5448
SM00150	SPEC	1.00000000000114	1.1372043219124e-12	7	0	0	30	5448
SM00182	CULLIN	1.00000000000114	1.1372043219124e-12	7	0	0	30	5448
SM00526	H15	1.00000000000114	1.1372043219124e-12	7	0	0	30	5448
SM00865	Tubulin_C	1.00000000000239	2.39012134624613e-12	15	0	0	30	5448
SM00297	BROMO	1.00000000000239	2.39012134624613e-12	15	0	0	30	5448
SM00563	PlsC	1.00000000000239	2.39012134624613e-12	15	0	0	30	5448
SM00703	NRF	1.00000000000239	2.39012134624613e-12	15	0	0	30	5448
SM00230	CysPc	1.0000000000026	2.60123138812469e-12	12	0	0	30	5448
SM00558	JmjC	1.0000000000026	2.60123138812469e-12	12	0	0	30	5448
SM00849	Lactamase_B	1.0000000000026	2.60123138812469e-12	12	0	0	30	5448
SM00829	PKS_ER	1.0000000000026	2.60123138812469e-12	12	0	0	30	5448
SM00326	SH3	1.00000000000272	2.72067402590149e-12	57	0	0	30	5448
SM00638	LPD_N	1.00000000000392	3.92401362968738e-12	5	0	0	30	5448
SM00861	Transket_pyr	1.00000000000392	3.92401362968738e-12	5	0	0	30	5448
SM00423	PSI	1.00000000000392	3.92401362968738e-12	5	0	0	30	5448
SM01230	Gln-synt_C	1.00000000000392	3.92401362968738e-12	5	0	0	30	5448
SM00063	FRI	1.00000000000392	3.92401362968738e-12	5	0	0	30	5448
SM00461	WH1	1.00000000000392	3.92401362968738e-12	5	0	0	30	5448
SM00800	uDENN	1.00000000000392	3.92401362968738e-12	5	0	0	30	5448
SM00014	acidPPc	1.00000000000392	3.92401362968738e-12	5	0	0	30	5448
SM00630	Sema	1.00000000000392	3.92401362968738e-12	5	0	0	30	5448
SM00670	PINc	1.00000000000392	3.92401362968738e-12	5	0	0	30	5448
SM00502	BBC	1.00000000000392	3.92401362968738e-12	5	0	0	30	5448
SM00577	CPDc	1.00000000000392	3.92401362968738e-12	5	0	0	30	5448
SM00357	CSP	1.00000000000392	3.92401362968738e-12	5	0	0	30	5448
SM00968	SMC_hinge	1.00000000000392	3.92401362968738e-12	5	0	0	30	5448
SM00710	PbH1	1.00000000000392	3.92401362968738e-12	5	0	0	30	5448
SM00799	DENN	1.00000000000392	3.92401362968738e-12	5	0	0	30	5448
SM00582	RPR	1.00000000000392	3.92401362968738e-12	5	0	0	30	5448
SM01411	Ephrin_rec_like	1.00000000000392	3.92401362968738e-12	5	0	0	30	5448
SM00414	H2A	1.00000000000392	3.92401362968738e-12	5	0	0	30	5448
SM00097	WNT1	1.00000000000392	3.92401362968738e-12	5	0	0	30	5448
SM00501	BRIGHT	1.00000000000392	3.92401362968738e-12	5	0	0	30	5448
SM00290	ZnF_UBP	1.00000000000392	3.92401362968738e-12	5	0	0	30	5448
SM00005	DEATH	1.00000000000392	3.92401362968738e-12	5	0	0	30	5448
SM00503	SynN	1.00000000000392	3.92401362968738e-12	5	0	0	30	5448
SM00222	Sec7	1.00000000000392	3.92401362968738e-12	5	0	0	30	5448
SM00128	IPPc	1.00000000000392	3.92401362968738e-12	5	0	0	30	5448
SM00120	HX	1.00000000000392	3.92401362968738e-12	5	0	0	30	5448
SM00801	dDENN	1.00000000000392	3.92401362968738e-12	5	0	0	30	5448
SM00257	LysM	1.00000000000392	3.92401362968738e-12	5	0	0	30	5448
SM01163	DUF1785	1.00000000000392	3.92401362968738e-12	5	0	0	30	5448
SM00136	LamNT	1.00000000000392	3.92401362968738e-12	5	0	0	30	5448
SM00045	DAGKa	1.00000000000392	3.92401362968738e-12	5	0	0	30	5448
SM00367	LRR_CC	1.00000000000392	3.92401362968738e-12	5	0	0	30	5448
SM00730	PSN	1.00000000000392	3.92401362968738e-12	5	0	0	30	5448
SM00486	POLBc	1.00000000000392	3.92401362968738e-12	5	0	0	30	5448
SM00205	THN	1.00000000000392	3.92401362968738e-12	5	0	0	30	5448
SM00614	ZnF_BED	1.00000000000392	3.92401362968738e-12	5	0	0	30	5448
SM00739	KOW	1.00000000000392	3.92401362968738e-12	5	0	0	30	5448
SM01169	DUF1943	1.00000000000392	3.92401362968738e-12	5	0	0	30	5448
SM00879	Brix	1.00000000000392	3.92401362968738e-12	5	0	0	30	5448
SM01052	CAP_GLY	1.00000000000392	3.92401362968738e-12	5	0	0	30	5448
SM00721	BAR	1.00000000000392	3.92401362968738e-12	5	0	0	30	5448
SM00204	TGFB	1.00000000000392	3.92401362968738e-12	5	0	0	30	5448
SM00036	CNH	1.00000000000392	3.92401362968738e-12	5	0	0	30	5448
SM00751	BSD	1.00000000000401	4.00920720166026e-12	2	0	0	30	5448
SM01415	DUF106	1.00000000000401	4.00920720166026e-12	2	0	0	30	5448
SM00891	ERCC4	1.00000000000401	4.00920720166026e-12	2	0	0	30	5448
SM00671	SEL1	1.00000000000401	4.00920720166026e-12	2	0	0	30	5448
SM00482	POLAc	1.00000000000401	4.00920720166026e-12	2	0	0	30	5448
SM01147	DUF1087	1.00000000000401	4.00920720166026e-12	2	0	0	30	5448
SM01270	Longin	1.00000000000401	4.00920720166026e-12	2	0	0	30	5448
SM00437	TOP1Ac	1.00000000000401	4.00920720166026e-12	2	0	0	30	5448
SM00442	FGF	1.00000000000401	4.00920720166026e-12	2	0	0	30	5448
SM01072	CDC48_2	1.00000000000401	4.00920720166026e-12	2	0	0	30	5448
SM01326	PTEN_C2	1.00000000000401	4.00920720166026e-12	2	0	0	30	5448
SM00873	B3_4	1.00000000000401	4.00920720166026e-12	2	0	0	30	5448
SM00302	GED	1.00000000000401	4.00920720166026e-12	2	0	0	30	5448
SM00962	SRP54	1.00000000000401	4.00920720166026e-12	2	0	0	30	5448
SM00200	SEA	1.00000000000401	4.00920720166026e-12	2	0	0	30	5448
SM00472	MIR	1.00000000000401	4.00920720166026e-12	2	0	0	30	5448
SM00043	CY	1.00000000000401	4.00920720166026e-12	2	0	0	30	5448
SM00323	RasGAP	1.00000000000401	4.00920720166026e-12	2	0	0	30	5448
SM00308	LH2	1.00000000000401	4.00920720166026e-12	2	0	0	30	5448
SM00167	VPS9	1.00000000000401	4.00920720166026e-12	2	0	0	30	5448
SM01383	Ribosomal_L2	1.00000000000401	4.00920720166026e-12	2	0	0	30	5448
SM00521	CBF	1.00000000000401	4.00920720166026e-12	2	0	0	30	5448
SM00755	Grip	1.00000000000401	4.00920720166026e-12	2	0	0	30	5448
SM00559	Ku78	1.00000000000401	4.00920720166026e-12	2	0	0	30	5448
SM00561	MBT	1.00000000000401	4.00920720166026e-12	2	0	0	30	5448
SM00277	GRAN	1.00000000000401	4.00920720166026e-12	2	0	0	30	5448
SM01166	DUF1899	1.00000000000401	4.00920720166026e-12	2	0	0	30	5448
SM00101	14_3_3	1.00000000000401	4.00920720166026e-12	2	0	0	30	5448
SM00955	RNB	1.00000000000401	4.00920720166026e-12	2	0	0	30	5448
SM00493	TOPRIM	1.00000000000401	4.00920720166026e-12	2	0	0	30	5448
SM01084	CKS	1.00000000000401	4.00920720166026e-12	2	0	0	30	5448
SM00978	Tim44	1.00000000000401	4.00920720166026e-12	2	0	0	30	5448
SM01062	Ca_chan_IQ	1.00000000000401	4.00920720166026e-12	2	0	0	30	5448
SM00851	MGS	1.00000000000401	4.00920720166026e-12	2	0	0	30	5448
SM00255	TIR	1.00000000000401	4.00920720166026e-12	2	0	0	30	5448
SM01127	DDHD	1.00000000000401	4.00920720166026e-12	2	0	0	30	5448
SM00086	PAC	1.00000000000401	4.00920720166026e-12	2	0	0	30	5448
SM00608	ACR	1.00000000000401	4.00920720166026e-12	2	0	0	30	5448
SM01340	DNA_mis_repair	1.00000000000401	4.00920720166026e-12	2	0	0	30	5448
SM01070	CDC37_M	1.00000000000401	4.00920720166026e-12	2	0	0	30	5448
SM00657	RPOL4c	1.00000000000401	4.00920720166026e-12	2	0	0	30	5448
SM00300	ChSh	1.00000000000401	4.00920720166026e-12	2	0	0	30	5448
SM00238	BIR	1.00000000000401	4.00920720166026e-12	2	0	0	30	5448
SM00731	SprT	1.00000000000401	4.00920720166026e-12	2	0	0	30	5448
SM00594	UAS	1.00000000000401	4.00920720166026e-12	2	0	0	30	5448
SM00153	VHP	1.00000000000401	4.00920720166026e-12	2	0	0	30	5448
SM00160	RanBD	1.00000000000401	4.00920720166026e-12	2	0	0	30	5448
SM01011	AMP_N	1.00000000000401	4.00920720166026e-12	2	0	0	30	5448
SM00391	MBD	1.00000000000401	4.00920720166026e-12	2	0	0	30	5448
SM01141	DRY_EERY	1.00000000000401	4.00920720166026e-12	2	0	0	30	5448
SM00650	rADc	1.00000000000401	4.00920720166026e-12	2	0	0	30	5448
SM00065	GAF	1.00000000000401	4.00920720166026e-12	2	0	0	30	5448
SM00992	YccV-like	1.00000000000401	4.00920720166026e-12	2	0	0	30	5448
SM00307	ILWEQ	1.00000000000401	4.00920720166026e-12	2	0	0	30	5448
SM00712	PUR	1.00000000000401	4.00920720166026e-12	2	0	0	30	5448
SM01399	Sybindin	1.00000000000401	4.00920720166026e-12	2	0	0	30	5448
SM00467	GS	1.00000000000401	4.00920720166026e-12	2	0	0	30	5448
SM00517	PolyA	1.00000000000401	4.00920720166026e-12	2	0	0	30	5448
SM00572	DZF	1.00000000000401	4.00920720166026e-12	2	0	0	30	5448
SM00331	PP2C_SIG	1.00000000000401	4.00920720166026e-12	2	0	0	30	5448
SM00592	BRK	1.00000000000401	4.00920720166026e-12	2	0	0	30	5448
SM01194	eRF1_1	1.00000000000401	4.00920720166026e-12	2	0	0	30	5448
SM00652	eIF1a	1.00000000000401	4.00920720166026e-12	2	0	0	30	5448
SM01382	Ribosomal_L2_C	1.00000000000401	4.00920720166026e-12	2	0	0	30	5448
SM00736	CADG	1.00000000000401	4.00920720166026e-12	2	0	0	30	5448
SM00191	Int_alpha	1.00000000000401	4.00920720166026e-12	2	0	0	30	5448
SM01407	NAC	1.00000000000401	4.00920720166026e-12	2	0	0	30	5448
SM00732	YqgFc	1.00000000000401	4.00920720166026e-12	2	0	0	30	5448
SM00544	MA3	1.00000000000401	4.00920720166026e-12	2	0	0	30	5448
SM00661	RPOL9	1.00000000000401	4.00920720166026e-12	2	0	0	30	5448
SM00722	CASH	1.00000000000401	4.00920720166026e-12	2	0	0	30	5448
SM01086	ClpB_D2-small	1.00000000000401	4.00920720166026e-12	2	0	0	30	5448
SM00963	SRP54_N	1.00000000000401	4.00920720166026e-12	2	0	0	30	5448
SM00415	HSF	1.00000000000401	4.00920720166026e-12	2	0	0	30	5448
SM01132	DIL	1.00000000000401	4.00920720166026e-12	2	0	0	30	5448
SM01008	Ald_Xan_dh_C	1.00000000000401	4.00920720166026e-12	2	0	0	30	5448
SM00981	THUMP	1.00000000000401	4.00920720166026e-12	2	0	0	30	5448
SM01283	Costars	1.00000000000401	4.00920720166026e-12	2	0	0	30	5448
SM01246	Josephin	1.00000000000401	4.00920720166026e-12	2	0	0	30	5448
SM01376	eIF-5a	1.00000000000401	4.00920720166026e-12	2	0	0	30	5448
SM00545	JmjN	1.00000000000401	4.00920720166026e-12	2	0	0	30	5448
SM00111	C4	1.00000000000401	4.00920720166026e-12	2	0	0	30	5448
SM01010	AMPKBI	1.00000000000401	4.00920720166026e-12	2	0	0	30	5448
SM01146	DUF1086	1.00000000000401	4.00920720166026e-12	2	0	0	30	5448
SM01336	zf-PARP	1.00000000000401	4.00920720166026e-12	2	0	0	30	5448
SM01201	FerB	1.00000000000401	4.00920720166026e-12	2	0	0	30	5448
SM00881	CoA_binding	1.00000000000401	4.00920720166026e-12	2	0	0	30	5448
SM00535	RIBOc	1.00000000000401	4.00920720166026e-12	2	0	0	30	5448
SM00259	ZnF_A20	1.00000000000401	4.00920720166026e-12	2	0	0	30	5448
SM00662	RPOLD	1.00000000000401	4.00920720166026e-12	2	0	0	30	5448
SM01263	Leuk-A4-hydro_C	1.00000000000401	4.00920720166026e-12	2	0	0	30	5448
SM00214	VWC	1.00000000000401	4.00920720166026e-12	2	0	0	30	5448
SM00785	AARP2CN	1.00000000000401	4.00920720166026e-12	2	0	0	30	5448
SM00695	DUSP	1.00000000000401	4.00920720166026e-12	2	0	0	30	5448
SM00253	SOCS	1.00000000000401	4.00920720166026e-12	2	0	0	30	5448
SM00202	SR	1.00000000000401	4.00920720166026e-12	2	0	0	30	5448
SM00580	PUG	1.00000000000401	4.00920720166026e-12	2	0	0	30	5448
SM00468	PreSET	1.00000000000401	4.00920720166026e-12	2	0	0	30	5448
SM01390	Ribosomal_S4	1.00000000000401	4.00920720166026e-12	2	0	0	30	5448
SM00960	Robl_LC7	1.00000000000401	4.00920720166026e-12	2	0	0	30	5448
SM00144	PI3K_rbd	1.00000000000401	4.00920720166026e-12	2	0	0	30	5448
SM00500	SFM	1.00000000000401	4.00920720166026e-12	2	0	0	30	5448
SM01338	NOD	1.00000000000401	4.00920720166026e-12	2	0	0	30	5448
SM00460	TGc	1.00000000000401	4.00920720166026e-12	2	0	0	30	5448
SM01362	DUF663	1.00000000000401	4.00920720166026e-12	2	0	0	30	5448
SM00893	ETF	1.00000000000401	4.00920720166026e-12	2	0	0	30	5448
SM00311	PWI	1.00000000000401	4.00920720166026e-12	2	0	0	30	5448
SM00436	TOP1Bc	1.00000000000401	4.00920720166026e-12	2	0	0	30	5448
SM00649	RL11	1.00000000000401	4.00920720166026e-12	2	0	0	30	5448
SM01374	Ribosomal_L14	1.00000000000401	4.00920720166026e-12	2	0	0	30	5448
SM00004	NL	1.00000000000401	4.00920720166026e-12	2	0	0	30	5448
SM00394	RIIa	1.00000000000401	4.00920720166026e-12	2	0	0	30	5448
SM01378	Romo1	1.00000000000401	4.00920720166026e-12	2	0	0	30	5448
SM01114	CXC	1.00000000000401	4.00920720166026e-12	2	0	0	30	5448
SM01142	DSHCT	1.00000000000401	4.00920720166026e-12	2	0	0	30	5448
SM00438	ZnF_NFX	1.00000000000401	4.00920720166026e-12	2	0	0	30	5448
SM00114	CARD	1.00000000000401	4.00920720166026e-12	2	0	0	30	5448
SM00576	BTP	1.00000000000401	4.00920720166026e-12	2	0	0	30	5448
SM00956	RQC	1.00000000000401	4.00920720166026e-12	2	0	0	30	5448
SM00363	S4	1.00000000000401	4.00920720166026e-12	2	0	0	30	5448
SM01269	Lipid_DES	1.00000000000401	4.00920720166026e-12	2	0	0	30	5448
SM01200	FerA	1.00000000000401	4.00920720166026e-12	2	0	0	30	5448
SM00836	DALR_1	1.00000000000401	4.00920720166026e-12	2	0	0	30	5448
SM00018	PD	1.00000000000401	4.00920720166026e-12	2	0	0	30	5448
SM00907	GDNF	1.00000000000401	4.00920720166026e-12	2	0	0	30	5448
SM00888	EF1_GNE	1.00000000000401	4.00920720166026e-12	2	0	0	30	5448
SM00384	AT_hook	1.00000000000401	4.00920720166026e-12	2	0	0	30	5448
SM01370	TAFII55_N	1.00000000000401	4.00920720166026e-12	2	0	0	30	5448
SM00432	MADS	1.00000000000401	4.00920720166026e-12	2	0	0	30	5448
SM01182	EF-1_beta_acid	1.00000000000401	4.00920720166026e-12	2	0	0	30	5448
SM00223	APPLE	1.00000000000401	4.00920720166026e-12	2	0	0	30	5448
SM01145	DUF1041	1.00000000000401	4.00920720166026e-12	2	0	0	30	5448
SM00299	CLH	1.00000000000401	4.00920720166026e-12	2	0	0	30	5448
SM01271	LSM14	1.00000000000401	4.00920720166026e-12	2	0	0	30	5448
SM00251	SAM_PNT	1.00000000000401	4.00920720166026e-12	2	0	0	30	5448
SM01065	CBM_2	1.00000000000401	4.00920720166026e-12	2	0	0	30	5448
SM00562	NDK	1.00000000000401	4.00920720166026e-12	2	0	0	30	5448
SM00757	CRA	1.00000000000401	4.00920720166026e-12	2	0	0	30	5448
SM00313	PXA	1.00000000000401	4.00920720166026e-12	2	0	0	30	5448
SM01339	NODP	1.00000000000401	4.00920720166026e-12	2	0	0	30	5448
SM00573	HSA	1.00000000000401	4.00920720166026e-12	2	0	0	30	5448
SM00246	WH2	1.00000000000409	4.08682331770019e-12	4	0	0	30	5448
SM00727	STI1	1.00000000000409	4.08682331770019e-12	4	0	0	30	5448
SM00390	GoLoco	1.00000000000409	4.08682331770019e-12	4	0	0	30	5448
SM01053	CaMBD	1.00000000000409	4.08682331770019e-12	4	0	0	30	5448
SM01027	Beta-Casp	1.00000000000409	4.08682331770019e-12	4	0	0	30	5448
SM00217	WAP	1.00000000000409	4.08682331770019e-12	4	0	0	30	5448
SM00429	IPT	1.00000000000409	4.08682331770019e-12	4	0	0	30	5448
SM00335	ANX	1.00000000000409	4.08682331770019e-12	4	0	0	30	5448
SM00679	CTNS	1.00000000000409	4.08682331770019e-12	4	0	0	30	5448
SM00584	TLDc	1.00000000000409	4.08682331770019e-12	4	0	0	30	5448
SM00013	LRRNT	1.00000000000409	4.08682331770019e-12	4	0	0	30	5448
SM01388	Mob1_phocein	1.00000000000409	4.08682331770019e-12	4	0	0	30	5448
SM00258	SAND	1.00000000000409	4.08682331770019e-12	4	0	0	30	5448
SM00027	EH	1.00000000000409	4.08682331770019e-12	4	0	0	30	5448
SM00440	ZnF_C2C2	1.00000000000409	4.08682331770019e-12	4	0	0	30	5448
SM00474	35EXOc	1.00000000000409	4.08682331770019e-12	4	0	0	30	5448
SM01195	FA	1.00000000000409	4.08682331770019e-12	4	0	0	30	5448
SM00642	Aamy	1.00000000000409	4.08682331770019e-12	4	0	0	30	5448
SM00846	Gp_dh_N	1.00000000000409	4.08682331770019e-12	4	0	0	30	5448
SM00050	DISIN	1.00000000000409	4.08682331770019e-12	4	0	0	30	5448
SM01372	E2F_TDP	1.00000000000409	4.08682331770019e-12	4	0	0	30	5448
SM00387	HATPase_c	1.00000000000409	4.08682331770019e-12	4	0	0	30	5448
SM01343	FATC	1.00000000000409	4.08682331770019e-12	4	0	0	30	5448
SM00463	SMR	1.00000000000409	4.08682331770019e-12	4	0	0	30	5448
SM00281	LamB	1.00000000000409	4.08682331770019e-12	4	0	0	30	5448
SM01330	Frizzled	1.00000000000409	4.08682331770019e-12	4	0	0	30	5448
SM00534	MUTSac	1.00000000000409	4.08682331770019e-12	4	0	0	30	5448
SM01026	Beach	1.00000000000409	4.08682331770019e-12	4	0	0	30	5448
SM00484	XPGI	1.00000000000409	4.08682331770019e-12	4	0	0	30	5448
SM00439	BAH	1.00000000000409	4.08682331770019e-12	4	0	0	30	5448
SM00485	XPGN	1.00000000000409	4.08682331770019e-12	4	0	0	30	5448
SM00666	PB1	1.00000000000409	4.08682331770019e-12	4	0	0	30	5448
SM00444	GYF	1.00000000000409	4.08682331770019e-12	4	0	0	30	5448
SM00604	MD	1.00000000000409	4.08682331770019e-12	4	0	0	30	5448
SM00279	HhH2	1.00000000000409	4.08682331770019e-12	4	0	0	30	5448
SM00533	MUTSd	1.00000000000409	4.08682331770019e-12	4	0	0	30	5448
SM00115	CASc	1.00000000000409	4.08682331770019e-12	4	0	0	30	5448
SM00427	H2B	1.00000000000409	4.08682331770019e-12	4	0	0	30	5448
SM00288	VHS	1.00000000000409	4.08682331770019e-12	4	0	0	30	5448
SM00568	GRAM	1.00000000000409	4.08682331770019e-12	4	0	0	30	5448
SM00678	WWE	1.00000000000409	4.08682331770019e-12	4	0	0	30	5448
SM00889	EFG_IV	1.00000000000409	4.08682331770019e-12	4	0	0	30	5448
SM00913	IBN_N	1.00000000000409	4.08682331770019e-12	4	0	0	30	5448
SM00145	PI3Ka	1.00000000000409	4.08682331770019e-12	4	0	0	30	5448
SM00546	CUE	1.00000000000409	4.08682331770019e-12	4	0	0	30	5448
SM00224	GGL	1.00000000000409	4.08682331770019e-12	4	0	0	30	5448
SM00406	IGv	1.00000000000409	4.08682331770019e-12	4	0	0	30	5448
SM00102	ADF	1.00000000000409	4.08682331770019e-12	4	0	0	30	5448
SM00745	MIT	1.00000000000409	4.08682331770019e-12	4	0	0	30	5448
SM00557	IG_FLMN	1.00000000000409	4.08682331770019e-12	4	0	0	30	5448
SM00631	Zn_pept	1.00000000000477	4.7668541934221e-12	13	0	0	30	5448
SM00088	PINT	1.00000000000477	4.7668541934221e-12	13	0	0	30	5448
SM00714	LITAF	1.00000000000477	4.7668541934221e-12	13	0	0	30	5448
SM00613	PAW	1.00000000000477	4.7668541934221e-12	13	0	0	30	5448
SM00401	ZnF_GATA	1.00000000000477	4.7668541934221e-12	13	0	0	30	5448
SM00361	RRM_1	1.00000000000477	4.7668541934221e-12	13	0	0	30	5448
SM00450	RHOD	1.00000000000477	4.7668541934221e-12	13	0	0	30	5448
SM00487	DEXDc	1.0000000000049	4.89611647979086e-12	79	0	0	30	5448
SM00209	TSP1	1.00000000000495	4.94870611090047e-12	28	0	0	30	5448
SM00276	GLECT	1.00000000000547	5.47486462233553e-12	25	0	0	30	5448
SM01017	Arrestin_C	1.00000000000547	5.47486462233553e-12	25	0	0	30	5448
SM00908	Gal-bind_lectin	1.00000000000547	5.47486462233553e-12	25	0	0	30	5448
SM00213	UBQ	1.00000000000547	5.47486462233553e-12	25	0	0	30	5448
SM00252	SH2	1.00000000000548	5.47555796773363e-12	53	0	0	30	5448
SM00054	EFh	1.00000000000548	5.47555796773363e-12	53	0	0	30	5448
SM00164	TBC	1.0000000000055	5.50021192327541e-12	19	0	0	30	5448
SM00292	BRCT	1.0000000000055	5.50021192327541e-12	19	0	0	30	5448
SM00325	RhoGEF	1.0000000000055	5.50021192327541e-12	19	0	0	30	5448
SM00456	WW	1.0000000000055	5.50021192327541e-12	19	0	0	30	5448
SM00129	KISc	1.0000000000055	5.50021192327541e-12	19	0	0	30	5448
SM00320	WD40	1.00000000000563	5.62495144891448e-12	127	0	0	30	5448
SM00233	PH	1.00000000000581	5.81348214202129e-12	66	0	0	30	5448
SM00949	PAZ	1.00000000000583	5.83138596568653e-12	18	0	0	30	5448
SM00295	B41	1.00000000000583	5.83138596568653e-12	18	0	0	30	5448
SM00315	RGS	1.00000000000583	5.83138596568653e-12	18	0	0	30	5448
SM00385	CYCLIN	1.00000000000583	5.83138596568653e-12	18	0	0	30	5448
SM00339	FH	1.00000000000583	5.83138596568653e-12	18	0	0	30	5448
SM00242	MYSc	1.00000000000583	5.83138596568653e-12	18	0	0	30	5448
SM00338	BRLZ	1.00000000000588	5.8815657835398e-12	17	0	0	30	5448
SM01048	C6	1.00000000000588	5.8815657835398e-12	17	0	0	30	5448
SM00454	SAM	1.00000000000588	5.8815657835398e-12	17	0	0	30	5448
SM00651	Sm	1.00000000000588	5.8815657835398e-12	17	0	0	30	5448
SM00249	PHD	1.00000000000619	6.18876626244557e-12	35	0	0	30	5448
SM00131	KU	1.00000000000619	6.18876626244557e-12	35	0	0	30	5448
SM00235	ZnMc	1.00000000000622	6.22352179769991e-12	46	0	0	30	5448
SM00398	HMG	1.00000000000625	6.24986731130638e-12	16	0	0	30	5448
SM00064	FYVE	1.00000000000625	6.24986731130638e-12	16	0	0	30	5448
SM00462	PTB	1.00000000000625	6.24986731130638e-12	16	0	0	30	5448
SM00864	Tubulin	1.00000000000625	6.24986731130638e-12	16	0	0	30	5448
SM00717	SANT	1.00000000000625	6.24986731130638e-12	16	0	0	30	5448
SM00239	C2	1.00000000000639	6.39079819657482e-12	41	0	0	30	5448
SM00179	EGF_CA	1.00000000000639	6.39079819657482e-12	41	0	0	30	5448
SM00539	NIDO	1.00000000000654	6.54150632174947e-12	6	0	0	30	5448
SM00229	RasGEFN	1.00000000000654	6.54150632174947e-12	6	0	0	30	5448
SM00105	ArfGap	1.00000000000654	6.54150632174947e-12	6	0	0	30	5448
SM00551	ZnF_TAZ	1.00000000000654	6.54150632174947e-12	6	0	0	30	5448
SM00316	S1	1.00000000000654	6.54150632174947e-12	6	0	0	30	5448
SM00838	EFG_C	1.00000000000654	6.54150632174947e-12	6	0	0	30	5448
SM00148	PLCXc	1.00000000000654	6.54150632174947e-12	6	0	0	30	5448
SM00273	ENTH	1.00000000000654	6.54150632174947e-12	6	0	0	30	5448
SM01109	CUT	1.00000000000654	6.54150632174947e-12	6	0	0	30	5448
SM00091	PAS	1.00000000000654	6.54150632174947e-12	6	0	0	30	5448
SM00543	MIF4G	1.00000000000654	6.54150632174947e-12	6	0	0	30	5448
SM01329	Iso_dh	1.00000000000654	6.54150632174947e-12	6	0	0	30	5448
SM00537	DCX	1.00000000000654	6.54150632174947e-12	6	0	0	30	5448
SM00211	TY	1.00000000000654	6.54150632174947e-12	6	0	0	30	5448
SM00668	CTLH	1.00000000000654	6.54150632174947e-12	6	0	0	30	5448
SM00855	PGAM	1.00000000000654	6.54150632174947e-12	6	0	0	30	5448
SM00720	calpain_III	1.00000000000654	6.54150632174947e-12	6	0	0	30	5448
SM00591	RWD	1.00000000000654	6.54150632174947e-12	6	0	0	30	5448
SM00729	Elp3	1.00000000000654	6.54150632174947e-12	6	0	0	30	5448
SM00155	PLDc	1.00000000000654	6.54150632174947e-12	6	0	0	30	5448
SM01375	Dynein_light	1.00000000000654	6.54150632174947e-12	6	0	0	30	5448
SM00046	DAGKc	1.00000000000654	6.54150632174947e-12	6	0	0	30	5448
SM00508	PostSET	1.00000000000654	6.54150632174947e-12	6	0	0	30	5448
SM00135	LY	1.00000000000654	6.54150632174947e-12	6	0	0	30	5448
SM00665	B561	1.00000000000654	6.54150632174947e-12	6	0	0	30	5448
SM00884	Cullin_Nedd8	1.00000000000654	6.54150632174947e-12	6	0	0	30	5448
SM00008	HormR	1.00000000000654	6.54150632174947e-12	6	0	0	30	5448
SM01057	Carb_anhydrase	1.00000000000654	6.54150632174947e-12	6	0	0	30	5448
SM00350	MCM	1.00000000000654	6.54150632174947e-12	6	0	0	30	5448
SM00593	RUN	1.00000000000654	6.54150632174947e-12	6	0	0	30	5448
SM01332	Cyclin_C	1.00000000000654	6.54150632174947e-12	6	0	0	30	5448
SM00149	PLCYc	1.00000000000654	6.54150632174947e-12	6	0	0	30	5448
SM00093	SERPIN	1.00000000000654	6.54150632174947e-12	6	0	0	30	5448
SM00303	GPS	1.00000000000654	6.54150632174947e-12	6	0	0	30	5448
SM00219	TyrKc	1.00000000000711	7.11359541011943e-12	67	0	0	30	5448
SM00271	DnaJ	1.00000000000734	7.33815093360421e-12	32	0	0	30	5448
SM00356	ZnF_C3H1	1.00000000000734	7.33815093360421e-12	32	0	0	30	5448
SM00198	SCP	1.00000000000734	7.33815093360421e-12	32	0	0	30	5448
SM00248	ANK	1.00000000000778	7.77899859865445e-12	77	0	0	30	5448
SM00583	SPK	1.00000000000811	8.11095655675183e-12	37	0	0	30	5448
SM00044	CYCc	1.00000000000811	8.11095655675183e-12	37	0	0	30	5448
SM00389	HOX	1.00000000000829	8.29255584025416e-12	96	0	0	30	5448
SM00404	PTPc_motif	1.00000000000847	8.46495039437588e-12	88	0	0	30	5448
SM00605	CW	1.00000000000863	8.63180091958253e-12	50	0	0	30	5448
SM00042	CUB	1.00000000000863	8.63180091958253e-12	50	0	0	30	5448
SM00360	RRM	1.00000000000903	9.03407791278681e-12	100	0	0	30	5448
SM00132	LIM	1.00000000000914	9.13707367805158e-12	30	0	0	30	5448
SM00317	SET	1.00000000000914	9.13707367805158e-12	30	0	0	30	5448
SM00181	EGF	1.00000000000918	9.18427498669653e-12	73	0	0	30	5448
SM00228	PDZ	1.00000000000926	9.25604722251116e-12	54	0	0	30	5448
SM00298	CHROMO	1.00000000000965	9.65022085690246e-12	20	0	0	30	5448
SM00133	S_TK_X	1.00000000000965	9.65022085690246e-12	20	0	0	30	5448
SM01381	7TM_GPCR_Srsx	1.00000000000983	9.83170738827856e-12	76	0	0	30	5448
SM00353	HLH	1.00000000001006	1.00614629996206e-11	36	0	0	30	5448
SM00464	LON	1.0000000000101	1.01048179140107e-11	3	0	0	30	5448
SM00809	Alpha_adaptinC2	1.0000000000101	1.01048179140107e-11	3	0	0	30	5448
SM01175	DUF4206	1.0000000000101	1.01048179140107e-11	3	0	0	30	5448
SM01041	BRO1	1.0000000000101	1.01048179140107e-11	3	0	0	30	5448
SM00991	WHEP-TRS	1.0000000000101	1.01048179140107e-11	3	0	0	30	5448
SM01178	DUF4217	1.0000000000101	1.01048179140107e-11	3	0	0	30	5448
SM00261	FU	1.0000000000101	1.01048179140107e-11	3	0	0	30	5448
SM00166	UBX	1.0000000000101	1.01048179140107e-11	3	0	0	30	5448
SM00726	UIM	1.0000000000101	1.01048179140107e-11	3	0	0	30	5448
SM00723	AMOP	1.0000000000101	1.01048179140107e-11	3	0	0	30	5448
SM00151	SWIB	1.0000000000101	1.01048179140107e-11	3	0	0	30	5448
SM00359	PUA	1.0000000000101	1.01048179140107e-11	3	0	0	30	5448
SM00693	DysFN	1.0000000000101	1.01048179140107e-11	3	0	0	30	5448
SM00735	ZM	1.0000000000101	1.01048179140107e-11	3	0	0	30	5448
SM00852	MoCF_biosynth	1.0000000000101	1.01048179140107e-11	3	0	0	30	5448
SM00916	L51_S25_CI-B8	1.0000000000101	1.01048179140107e-11	3	0	0	30	5448
SM00137	MAM	1.0000000000101	1.01048179140107e-11	3	0	0	30	5448
SM00648	SWAP	1.0000000000101	1.01048179140107e-11	3	0	0	30	5448
SM00552	ADEAMc	1.0000000000101	1.01048179140107e-11	3	0	0	30	5448
SM00341	HRDC	1.0000000000101	1.01048179140107e-11	3	0	0	30	5448
SM01161	DUF1767	1.0000000000101	1.01048179140107e-11	3	0	0	30	5448
SM00827	PKS_AT	1.0000000000101	1.01048179140107e-11	3	0	0	30	5448
SM00863	tRNA_SAD	1.0000000000101	1.01048179140107e-11	3	0	0	30	5448
SM00218	ZU5	1.0000000000101	1.01048179140107e-11	3	0	0	30	5448
SM00139	MyTH4	1.0000000000101	1.01048179140107e-11	3	0	0	30	5448
SM00704	ZnF_CDGSH	1.0000000000101	1.01048179140107e-11	3	0	0	30	5448
SM00488	DEXDc2	1.0000000000101	1.01048179140107e-11	3	0	0	30	5448
SM00569	L27	1.0000000000101	1.01048179140107e-11	3	0	0	30	5448
SM00564	PQQ	1.0000000000101	1.01048179140107e-11	3	0	0	30	5448
SM00053	DYNc	1.0000000000101	1.01048179140107e-11	3	0	0	30	5448
SM00441	FF	1.0000000000101	1.01048179140107e-11	3	0	0	30	5448
SM01073	CDC48_N	1.0000000000101	1.01048179140107e-11	3	0	0	30	5448
SM00969	SOCS_box	1.0000000000101	1.01048179140107e-11	3	0	0	30	5448
SM00284	OLF	1.0000000000101	1.01048179140107e-11	3	0	0	30	5448
SM00021	DAX	1.0000000000101	1.01048179140107e-11	3	0	0	30	5448
SM00694	DysFC	1.0000000000101	1.01048179140107e-11	3	0	0	30	5448
SM00773	WGR	1.0000000000101	1.01048179140107e-11	3	0	0	30	5448
SM00540	LEM	1.0000000000101	1.01048179140107e-11	3	0	0	30	5448
SM00872	Alpha-mann_mid	1.0000000000101	1.01048179140107e-11	3	0	0	30	5448
SM01139	Drf_FH3	1.0000000000101	1.01048179140107e-11	3	0	0	30	5448
SM00154	ZnF_AN1	1.0000000000101	1.01048179140107e-11	3	0	0	30	5448
SM01403	Ribosomal_S10	1.0000000000101	1.01048179140107e-11	3	0	0	30	5448
SM00433	TOP2c	1.0000000000101	1.01048179140107e-11	3	0	0	30	5448
SM00673	CARP	1.0000000000101	1.01048179140107e-11	3	0	0	30	5448
SM00491	HELICc2	1.0000000000101	1.01048179140107e-11	3	0	0	30	5448
SM00243	GAS2	1.0000000000101	1.01048179140107e-11	3	0	0	30	5448
SM01060	Catalase	1.0000000000101	1.01048179140107e-11	3	0	0	30	5448
SM00715	LA	1.0000000000101	1.01048179140107e-11	3	0	0	30	5448
SM00231	FA58C	1.0000000000101	1.01048179140107e-11	3	0	0	30	5448
SM00393	R3H	1.0000000000101	1.01048179140107e-11	3	0	0	30	5448
SM01337	APC10	1.0000000000101	1.01048179140107e-11	3	0	0	30	5448
SM00330	PIPKc	1.0000000000101	1.01048179140107e-11	3	0	0	30	5448
SM00090	RIO	1.0000000000101	1.01048179140107e-11	3	0	0	30	5448
SM00352	POU	1.0000000000101	1.01048179140107e-11	3	0	0	30	5448
SM01007	Aldolase_II	1.0000000000101	1.01048179140107e-11	3	0	0	30	5448
SM00973	Sec63	1.0000000000101	1.01048179140107e-11	3	0	0	30	5448
SM00931	NOSIC	1.0000000000101	1.01048179140107e-11	3	0	0	30	5448
SM00262	GEL	1.0000000000101	1.01048179140107e-11	3	0	0	30	5448
SM00663	RPOLA_N	1.0000000000101	1.01048179140107e-11	3	0	0	30	5448
SM00980	THAP	1.0000000000101	1.01048179140107e-11	3	0	0	30	5448
SM00280	KAZAL	1.0000000000101	1.01048179140107e-11	3	0	0	30	5448
SM00264	BAG	1.0000000000101	1.01048179140107e-11	3	0	0	30	5448
SM00504	Ubox	1.0000000000101	1.01048179140107e-11	3	0	0	30	5448
SM01015	Arfaptin	1.0000000000101	1.01048179140107e-11	3	0	0	30	5448
SM00825	PKS_KS	1.0000000000101	1.01048179140107e-11	3	0	0	30	5448
SM00142	PI3K_C2	1.0000000000101	1.01048179140107e-11	3	0	0	30	5448
SM00434	TOP4c	1.0000000000101	1.01048179140107e-11	3	0	0	30	5448
SM00130	KR	1.0000000000101	1.01048179140107e-11	3	0	0	30	5448
SM00570	AWS	1.0000000000101	1.01048179140107e-11	3	0	0	30	5448
SM00392	PROF	1.0000000000101	1.01048179140107e-11	3	0	0	30	5448
SM00571	DDT	1.0000000000101	1.01048179140107e-11	3	0	0	30	5448
SM00270	ChtBD1	1.0000000000101	1.01048179140107e-11	3	0	0	30	5448
SM00134	LU	1.0000000000101	1.01048179140107e-11	3	0	0	30	5448
SM00581	PSP	1.0000000000101	1.01048179140107e-11	3	0	0	30	5448
SM00686	DM13	1.0000000000101	1.01048179140107e-11	3	0	0	30	5448
SM00823	PKS_PP	1.0000000000101	1.01048179140107e-11	3	0	0	30	5448
SM00085	PA2c	1.0000000000101	1.01048179140107e-11	3	0	0	30	5448
SM00237	Calx_beta	1.0000000000101	1.01048179140107e-11	3	0	0	30	5448
SM01218	FoP_duplication	1.0000000000101	1.01048179140107e-11	3	0	0	30	5448
SM01287	Rtt106	1.0000000000101	1.01048179140107e-11	3	0	0	30	5448
SM01140	Drf_GBD	1.0000000000101	1.01048179140107e-11	3	0	0	30	5448
SM00041	CT	1.0000000000101	1.01048179140107e-11	3	0	0	30	5448
SM00256	FBOX	1.00000000001096	1.09628621229108e-11	171	0	0	30	5448
SM01088	Col_cuticle_N	1.00000000001134	1.13445699143264e-11	156	0	0	30	5448
SM00322	KH	1.00000000001137	1.13659286360744e-11	27	0	0	30	5448
SM00983	TPK_B1_binding	1.0000000000115	1.15019859955878e-11	1	0	0	30	5448
SM01124	DBR1	1.0000000000115	1.15019859955878e-11	1	0	0	30	5448
SM01386	Ribosomal_S13_N	1.0000000000115	1.15019859955878e-11	1	0	0	30	5448
SM01242	Integrin_B_tail	1.0000000000115	1.15019859955878e-11	1	0	0	30	5448
SM01360	A2M	1.0000000000115	1.15019859955878e-11	1	0	0	30	5448
SM01001	AIRC	1.0000000000115	1.15019859955878e-11	1	0	0	30	5448
SM01267	LAG1_DNAbind	1.0000000000115	1.15019859955878e-11	1	0	0	30	5448
SM01168	DUF1907	1.0000000000115	1.15019859955878e-11	1	0	0	30	5448
SM00265	BH4	1.0000000000115	1.15019859955878e-11	1	0	0	30	5448
SM00321	WSC	1.0000000000115	1.15019859955878e-11	1	0	0	30	5448
SM01402	Ribosomal_S27	1.0000000000115	1.15019859955878e-11	1	0	0	30	5448
SM01308	RICTOR_N	1.0000000000115	1.15019859955878e-11	1	0	0	30	5448
SM01044	Btz	1.0000000000115	1.15019859955878e-11	1	0	0	30	5448
SM01176	DUF4208	1.0000000000115	1.15019859955878e-11	1	0	0	30	5448
SM00984	UDPG_MGDP_dh_C	1.0000000000115	1.15019859955878e-11	1	0	0	30	5448
SM01083	Cir_N	1.0000000000115	1.15019859955878e-11	1	0	0	30	5448
SM01097	CPSase_sm_chain	1.0000000000115	1.15019859955878e-11	1	0	0	30	5448
SM00121	IB	1.0000000000115	1.15019859955878e-11	1	0	0	30	5448
SM00152	THY	1.0000000000115	1.15019859955878e-11	1	0	0	30	5448
SM00509	TFS2N	1.0000000000115	1.15019859955878e-11	1	0	0	30	5448
SM01138	DP	1.0000000000115	1.15019859955878e-11	1	0	0	30	5448
SM00615	EPH_lbd	1.0000000000115	1.15019859955878e-11	1	0	0	30	5448
SM01013	APC2	1.0000000000115	1.15019859955878e-11	1	0	0	30	5448
SM01265	Mab-21	1.0000000000115	1.15019859955878e-11	1	0	0	30	5448
SM00777	Mad3_BUB1_I	1.0000000000115	1.15019859955878e-11	1	0	0	30	5448
SM01311	RPOL_N	1.0000000000115	1.15019859955878e-11	1	0	0	30	5448
SM00538	POP4	1.0000000000115	1.15019859955878e-11	1	0	0	30	5448
SM01395	Tbf5	1.0000000000115	1.15019859955878e-11	1	0	0	30	5448
SM00643	C345C	1.0000000000115	1.15019859955878e-11	1	0	0	30	5448
SM01377	Ribosomal_L40e	1.0000000000115	1.15019859955878e-11	1	0	0	30	5448
SM00798	AICARFT_IMPCHas	1.0000000000115	1.15019859955878e-11	1	0	0	30	5448
SM00208	TNFR	1.0000000000115	1.15019859955878e-11	1	0	0	30	5448
SM01387	Ribosomal_S15	1.0000000000115	1.15019859955878e-11	1	0	0	30	5448
SM00435	TOPEUc	1.0000000000115	1.15019859955878e-11	1	0	0	30	5448
SM00828	PKS_MT	1.0000000000115	1.15019859955878e-11	1	0	0	30	5448
SM01281	Med12	1.0000000000115	1.15019859955878e-11	1	0	0	30	5448
SM01396	BC10	1.0000000000115	1.15019859955878e-11	1	0	0	30	5448
SM01075	CDT1	1.0000000000115	1.15019859955878e-11	1	0	0	30	5448
SM01384	Ribosomal_L15e	1.0000000000115	1.15019859955878e-11	1	0	0	30	5448
SM01241	Integrin_b_cyt	1.0000000000115	1.15019859955878e-11	1	0	0	30	5448
SM01102	CRM1_C	1.0000000000115	1.15019859955878e-11	1	0	0	30	5448
SM01033	BING4CT	1.0000000000115	1.15019859955878e-11	1	0	0	30	5448
SM00536	AXH	1.0000000000115	1.15019859955878e-11	1	0	0	30	5448
SM00187	INB	1.0000000000115	1.15019859955878e-11	1	0	0	30	5448
SM01280	Mcm10	1.0000000000115	1.15019859955878e-11	1	0	0	30	5448
SM00706	TECPR	1.0000000000115	1.15019859955878e-11	1	0	0	30	5448
SM00839	ELFV_dehydrog	1.0000000000115	1.15019859955878e-11	1	0	0	30	5448
SM00632	Aamy_C	1.0000000000115	1.15019859955878e-11	1	0	0	30	5448
SM00635	BID_2	1.0000000000115	1.15019859955878e-11	1	0	0	30	5448
SM00734	ZnF_Rad18	1.0000000000115	1.15019859955878e-11	1	0	0	30	5448
SM00808	FABD	1.0000000000115	1.15019859955878e-11	1	0	0	30	5448
SM01100	CRAL_TRIO_N	1.0000000000115	1.15019859955878e-11	1	0	0	30	5448
SM00518	AP2Ec	1.0000000000115	1.15019859955878e-11	1	0	0	30	5448
SM00762	Cog4	1.0000000000115	1.15019859955878e-11	1	0	0	30	5448
SM00531	TFIIE	1.0000000000115	1.15019859955878e-11	1	0	0	30	5448
SM01389	Spt4	1.0000000000115	1.15019859955878e-11	1	0	0	30	5448
SM01165	DUF1866	1.0000000000115	1.15019859955878e-11	1	0	0	30	5448
SM00874	B5	1.0000000000115	1.15019859955878e-11	1	0	0	30	5448
SM01210	GARS_C	1.0000000000115	1.15019859955878e-11	1	0	0	30	5448
SM01020	B2-adapt-app_C	1.0000000000115	1.15019859955878e-11	1	0	0	30	5448
SM00510	TFS2M	1.0000000000115	1.15019859955878e-11	1	0	0	30	5448
SM00653	eIF2B_5	1.0000000000115	1.15019859955878e-11	1	0	0	30	5448
SM00078	IlGF	1.0000000000115	1.15019859955878e-11	1	0	0	30	5448
SM01397	Ribosomal_S3Ae	1.0000000000115	1.15019859955878e-11	1	0	0	30	5448
SM00659	RPOLCX	1.0000000000115	1.15019859955878e-11	1	0	0	30	5448
SM00719	Plus3	1.0000000000115	1.15019859955878e-11	1	0	0	30	5448
SM00826	PKS_DH	1.0000000000115	1.15019859955878e-11	1	0	0	30	5448
SM01016	Arg_tRNA_synt_N	1.0000000000115	1.15019859955878e-11	1	0	0	30	5448
SM00896	FDX-ACB	1.0000000000115	1.15019859955878e-11	1	0	0	30	5448
SM01030	BHD_1	1.0000000000115	1.15019859955878e-11	1	0	0	30	5448
SM01028	Beta-TrCP_D	1.0000000000115	1.15019859955878e-11	1	0	0	30	5448
SM01408	ING	1.0000000000115	1.15019859955878e-11	1	0	0	30	5448
SM01198	FBA	1.0000000000115	1.15019859955878e-11	1	0	0	30	5448
SM00226	LMWPc	1.0000000000115	1.15019859955878e-11	1	0	0	30	5448
SM00709	Zpr1	1.0000000000115	1.15019859955878e-11	1	0	0	30	5448
SM00986	UDG	1.0000000000115	1.15019859955878e-11	1	0	0	30	5448
SM00554	FAS1	1.0000000000115	1.15019859955878e-11	1	0	0	30	5448
SM00310	PTBI	1.0000000000115	1.15019859955878e-11	1	0	0	30	5448
SM01071	CDC37_N	1.0000000000115	1.15019859955878e-11	1	0	0	30	5448
SM00892	Endonuclease_NS	1.0000000000115	1.15019859955878e-11	1	0	0	30	5448
SM01122	DBC1	1.0000000000115	1.15019859955878e-11	1	0	0	30	5448
SM01000	Aha1_N	1.0000000000115	1.15019859955878e-11	1	0	0	30	5448
SM01347	Mre11_DNA_bind	1.0000000000115	1.15019859955878e-11	1	0	0	30	5448
SM00417	H4	1.0000000000115	1.15019859955878e-11	1	0	0	30	5448
SM01268	BTD	1.0000000000115	1.15019859955878e-11	1	0	0	30	5448
SM01405	Ribosomal_S6e	1.0000000000115	1.15019859955878e-11	1	0	0	30	5448
SM00250	PLEC	1.0000000000115	1.15019859955878e-11	1	0	0	30	5448
SM00750	KIND	1.0000000000115	1.15019859955878e-11	1	0	0	30	5448
SM00506	A1pp	1.0000000000115	1.15019859955878e-11	1	0	0	30	5448
SM01346	DUF3385	1.0000000000115	1.15019859955878e-11	1	0	0	30	5448
SM00804	TAP_C	1.0000000000115	1.15019859955878e-11	1	0	0	30	5448
SM00859	Semialdhyde_dh	1.0000000000115	1.15019859955878e-11	1	0	0	30	5448
SM01133	DeoC	1.0000000000115	1.15019859955878e-11	1	0	0	30	5448
SM01233	HABP4_PAI-RBP1	1.0000000000115	1.15019859955878e-11	1	0	0	30	5448
SM00870	Asparaginase	1.0000000000115	1.15019859955878e-11	1	0	0	30	5448
SM01181	E2_bind	1.0000000000115	1.15019859955878e-11	1	0	0	30	5448
SM00990	VRR_NUC	1.0000000000115	1.15019859955878e-11	1	0	0	30	5448
SM01023	BAF	1.0000000000115	1.15019859955878e-11	1	0	0	30	5448
SM00682	G2F	1.0000000000115	1.15019859955878e-11	1	0	0	30	5448
SM00426	TEA	1.0000000000115	1.15019859955878e-11	1	0	0	30	5448
SM00685	DM14	1.0000000000115	1.15019859955878e-11	1	0	0	30	5448
SM00707	RPEL	1.0000000000115	1.15019859955878e-11	1	0	0	30	5448
SM01328	zf-3CxxC	1.0000000000115	1.15019859955878e-11	1	0	0	30	5448
SM01371	TFIIA	1.0000000000115	1.15019859955878e-11	1	0	0	30	5448
SM01153	DUF1693	1.0000000000115	1.15019859955878e-11	1	0	0	30	5448
SM01250	KAT11	1.0000000000115	1.15019859955878e-11	1	0	0	30	5448
SM01393	Ribosomal_L32e	1.0000000000115	1.15019859955878e-11	1	0	0	30	5448
SM00985	UBA_e1_C	1.0000000000115	1.15019859955878e-11	1	0	0	30	5448
SM01291	N-SET	1.0000000000115	1.15019859955878e-11	1	0	0	30	5448
SM00684	DM15	1.0000000000115	1.15019859955878e-11	1	0	0	30	5448
SM01214	Fmp27_GFWDK	1.0000000000115	1.15019859955878e-11	1	0	0	30	5448
SM00761	HDAC_interact	1.0000000000115	1.15019859955878e-11	1	0	0	30	5448
SM00553	SEP	1.0000000000115	1.15019859955878e-11	1	0	0	30	5448
SM00530	HTH_XRE	1.0000000000115	1.15019859955878e-11	1	0	0	30	5448
SM01350	6PGD	1.0000000000115	1.15019859955878e-11	1	0	0	30	5448
SM00658	RPOL8c	1.0000000000115	1.15019859955878e-11	1	0	0	30	5448
SM01087	COG6	1.0000000000115	1.15019859955878e-11	1	0	0	30	5448
SM00455	RBD	1.0000000000115	1.15019859955878e-11	1	0	0	30	5448
SM01307	RICTOR_M	1.0000000000115	1.15019859955878e-11	1	0	0	30	5448
SM00465	GIYc	1.0000000000115	1.15019859955878e-11	1	0	0	30	5448
SM01398	Cornichon	1.0000000000115	1.15019859955878e-11	1	0	0	30	5448
SM01096	CPSase_L_D3	1.0000000000115	1.15019859955878e-11	1	0	0	30	5448
SM01285	FACT-Spt16_Nlob	1.0000000000115	1.15019859955878e-11	1	0	0	30	5448
SM01296	N2227	1.0000000000115	1.15019859955878e-11	1	0	0	30	5448
SM00227	NEBU	1.0000000000115	1.15019859955878e-11	1	0	0	30	5448
SM01355	AP3B1_C	1.0000000000115	1.15019859955878e-11	1	0	0	30	5448
SM01278	MAPKK1_Int	1.0000000000115	1.15019859955878e-11	1	0	0	30	5448
SM01286	SPT16	1.0000000000115	1.15019859955878e-11	1	0	0	30	5448
SM00206	NTR	1.0000000000115	1.15019859955878e-11	1	0	0	30	5448
SM01128	DDRGK	1.0000000000115	1.15019859955878e-11	1	0	0	30	5448
SM00062	PBPb	1.0000000000115	1.15019859955878e-11	1	0	0	30	5448
SM01413	Ribosomal_S19e	1.0000000000115	1.15019859955878e-11	1	0	0	30	5448
SM00934	OMPdecase	1.0000000000115	1.15019859955878e-11	1	0	0	30	5448
SM00293	PWWP	1.0000000000115	1.15019859955878e-11	1	0	0	30	5448
SM01192	Enolase_C	1.0000000000115	1.15019859955878e-11	1	0	0	30	5448
SM00998	ADSL_C	1.0000000000115	1.15019859955878e-11	1	0	0	30	5448
SM01125	DCP2	1.0000000000115	1.15019859955878e-11	1	0	0	30	5448
SM01186	eIF3_N	1.0000000000115	1.15019859955878e-11	1	0	0	30	5448
SM01137	DMAP_binding	1.0000000000115	1.15019859955878e-11	1	0	0	30	5448
SM00006	A4_EXTRA	1.0000000000115	1.15019859955878e-11	1	0	0	30	5448
SM01047	C1_4	1.0000000000115	1.15019859955878e-11	1	0	0	30	5448
SM01273	Mago-bind	1.0000000000115	1.15019859955878e-11	1	0	0	30	5448
SM01183	EF1G	1.0000000000115	1.15019859955878e-11	1	0	0	30	5448
SM01069	CDC37_C	1.0000000000115	1.15019859955878e-11	1	0	0	30	5448
SM00549	TAFH	1.0000000000115	1.15019859955878e-11	1	0	0	30	5448
SM00904	Flavokinase	1.0000000000115	1.15019859955878e-11	1	0	0	30	5448
SM00542	FYRC	1.0000000000115	1.15019859955878e-11	1	0	0	30	5448
SM00698	MORN	1.0000000000115	1.15019859955878e-11	1	0	0	30	5448
SM01144	DTW	1.0000000000115	1.15019859955878e-11	1	0	0	30	5448
SM01284	ECSIT_Cterm	1.0000000000115	1.15019859955878e-11	1	0	0	30	5448
SM01180	DWNN	1.0000000000115	1.15019859955878e-11	1	0	0	30	5448
SM01092	CO_deh_flav_C	1.0000000000115	1.15019859955878e-11	1	0	0	30	5448
SM00095	TR_THY	1.0000000000115	1.15019859955878e-11	1	0	0	30	5448
SM00967	SpoU_sub_bind	1.0000000000115	1.15019859955878e-11	1	0	0	30	5448
SM01024	BCS1_N	1.0000000000115	1.15019859955878e-11	1	0	0	30	5448
SM01123	DBP10CT	1.0000000000115	1.15019859955878e-11	1	0	0	30	5448
SM01036	BP28CT	1.0000000000115	1.15019859955878e-11	1	0	0	30	5448
SM01249	KASH	1.0000000000115	1.15019859955878e-11	1	0	0	30	5448
SM01220	FSA_C	1.0000000000115	1.15019859955878e-11	1	0	0	30	5448
SM00478	ENDO3c	1.0000000000115	1.15019859955878e-11	1	0	0	30	5448
SM00932	Nfu_N	1.0000000000115	1.15019859955878e-11	1	0	0	30	5448
SM00505	Knot1	1.0000000000115	1.15019859955878e-11	1	0	0	30	5448
SM01051	CAMSAP_CKK	1.0000000000115	1.15019859955878e-11	1	0	0	30	5448
SM01359	A2M_N_2	1.0000000000115	1.15019859955878e-11	1	0	0	30	5448
SM01367	DUF3452	1.0000000000115	1.15019859955878e-11	1	0	0	30	5448
SM00951	QLQ	1.0000000000115	1.15019859955878e-11	1	0	0	30	5448
SM00919	Malic_M	1.0000000000115	1.15019859955878e-11	1	0	0	30	5448
SM01159	DUF1744	1.0000000000115	1.15019859955878e-11	1	0	0	30	5448
SM00683	DM16	1.0000000000115	1.15019859955878e-11	1	0	0	30	5448
SM01179	DUF862	1.0000000000115	1.15019859955878e-11	1	0	0	30	5448
SM00929	NADH-G_4Fe-4S_3	1.0000000000115	1.15019859955878e-11	1	0	0	30	5448
SM00099	btg1	1.0000000000115	1.15019859955878e-11	1	0	0	30	5448
SM01118	CYTH	1.0000000000115	1.15019859955878e-11	1	0	0	30	5448
SM00993	YL1_C	1.0000000000115	1.15019859955878e-11	1	0	0	30	5448
SM00853	MutL_C	1.0000000000115	1.15019859955878e-11	1	0	0	30	5448
SM00469	WIF	1.0000000000115	1.15019859955878e-11	1	0	0	30	5448
SM01416	Ribosomal_L19e	1.0000000000115	1.15019859955878e-11	1	0	0	30	5448
SM01385	DSS1_SEM1	1.0000000000115	1.15019859955878e-11	1	0	0	30	5448
SM01199	FDF	1.0000000000115	1.15019859955878e-11	1	0	0	30	5448
SM00742	Hr1	1.0000000000115	1.15019859955878e-11	1	0	0	30	5448
SM01302	Raptor_N	1.0000000000115	1.15019859955878e-11	1	0	0	30	5448
SM01310	RICTOR_V	1.0000000000115	1.15019859955878e-11	1	0	0	30	5448
SM00692	DM3	1.0000000000115	1.15019859955878e-11	1	0	0	30	5448
SM01193	Enolase_N	1.0000000000115	1.15019859955878e-11	1	0	0	30	5448
SM01253	Kin17_mid	1.0000000000115	1.15019859955878e-11	1	0	0	30	5448
SM01104	CTD	1.0000000000115	1.15019859955878e-11	1	0	0	30	5448
SM00548	IRO	1.0000000000115	1.15019859955878e-11	1	0	0	30	5448
SM01032	BHD_3	1.0000000000115	1.15019859955878e-11	1	0	0	30	5448
SM00803	TAF	1.0000000000115	1.15019859955878e-11	1	0	0	30	5448
SM01368	RB_A	1.0000000000115	1.15019859955878e-11	1	0	0	30	5448
SM01136	DKCLD	1.0000000000115	1.15019859955878e-11	1	0	0	30	5448
SM00937	PCRF	1.0000000000115	1.15019859955878e-11	1	0	0	30	5448
SM00995	AD	1.0000000000115	1.15019859955878e-11	1	0	0	30	5448
SM00811	Alpha_kinase	1.0000000000115	1.15019859955878e-11	1	0	0	30	5448
SM00788	Adenylsucc_synt	1.0000000000115	1.15019859955878e-11	1	0	0	30	5448
SM00654	eIF6	1.0000000000115	1.15019859955878e-11	1	0	0	30	5448
SM01085	CK_II_beta	1.0000000000115	1.15019859955878e-11	1	0	0	30	5448
SM00515	eIF5C	1.0000000000115	1.15019859955878e-11	1	0	0	30	5448
SM00477	NUC	1.0000000000115	1.15019859955878e-11	1	0	0	30	5448
SM01115	cwf21	1.0000000000115	1.15019859955878e-11	1	0	0	30	5448
SM00541	FYRN	1.0000000000115	1.15019859955878e-11	1	0	0	30	5448
SM01039	BRICHOS	1.0000000000115	1.15019859955878e-11	1	0	0	30	5448
SM00812	Alpha_L_fucos	1.0000000000115	1.15019859955878e-11	1	0	0	30	5448
SM01173	DUF4187	1.0000000000115	1.15019859955878e-11	1	0	0	30	5448
SM00738	NGN	1.0000000000115	1.15019859955878e-11	1	0	0	30	5448
SM01076	CG-1	1.0000000000115	1.15019859955878e-11	1	0	0	30	5448
SM01152	DUF167	1.0000000000115	1.15019859955878e-11	1	0	0	30	5448
SM00588	NEUZ	1.0000000000115	1.15019859955878e-11	1	0	0	30	5448
SM01335	PADR1	1.0000000000115	1.15019859955878e-11	1	0	0	30	5448
SM00555	GIT	1.0000000000115	1.15019859955878e-11	1	0	0	30	5448
SM01380	Ribosomal_L31e	1.0000000000115	1.15019859955878e-11	1	0	0	30	5448
SM00676	DM10	1.0000000000115	1.15019859955878e-11	1	0	0	30	5448
SM00928	NADH_4Fe-4S	1.0000000000115	1.15019859955878e-11	1	0	0	30	5448
SM00278	HhH1	1.0000000000115	1.15019859955878e-11	1	0	0	30	5448
SM01254	KLRAQ	1.0000000000115	1.15019859955878e-11	1	0	0	30	5448
SM00946	ProRS-C_1	1.0000000000115	1.15019859955878e-11	1	0	0	30	5448
SM01035	BOP1NT	1.0000000000115	1.15019859955878e-11	1	0	0	30	5448
SM01272	LsmAD	1.0000000000115	1.15019859955878e-11	1	0	0	30	5448
SM01098	CPSF73-100_C	1.0000000000115	1.15019859955878e-11	1	0	0	30	5448
SM01206	Fibrillarin	1.0000000000115	1.15019859955878e-11	1	0	0	30	5448
SM00711	TDU	1.0000000000115	1.15019859955878e-11	1	0	0	30	5448
SM00737	ML	1.0000000000115	1.15019859955878e-11	1	0	0	30	5448
SM01361	A2M_recep	1.0000000000115	1.15019859955878e-11	1	0	0	30	5448
SM01077	Cg6151-P	1.0000000000115	1.15019859955878e-11	1	0	0	30	5448
SM01219	Frataxin_Cyay	1.0000000000115	1.15019859955878e-11	1	0	0	30	5448
SM00567	EZ_HEAT	1.0000000000115	1.15019859955878e-11	1	0	0	30	5448
SM00746	TRASH	1.0000000000115	1.15019859955878e-11	1	0	0	30	5448
SM01074	Cdc6_C	1.0000000000115	1.15019859955878e-11	1	0	0	30	5448
SM01031	BHD_2	1.0000000000115	1.15019859955878e-11	1	0	0	30	5448
SM01313	Sec3-PIP2_bind	1.0000000000115	1.15019859955878e-11	1	0	0	30	5448
SM01135	DIRP	1.0000000000115	1.15019859955878e-11	1	0	0	30	5448
SM00733	Mterf	1.0000000000115	1.15019859955878e-11	1	0	0	30	5448
SM01156	DUF1716	1.0000000000115	1.15019859955878e-11	1	0	0	30	5448
SM00459	Sorb	1.0000000000115	1.15019859955878e-11	1	0	0	30	5448
SM01274	malic	1.0000000000115	1.15019859955878e-11	1	0	0	30	5448
SM00883	Cpn10	1.0000000000115	1.15019859955878e-11	1	0	0	30	5448
SM00318	SNc	1.0000000000115	1.15019859955878e-11	1	0	0	30	5448
SM00143	PI3K_p85B	1.0000000000115	1.15019859955878e-11	1	0	0	30	5448
SM01314	SnAC	1.0000000000115	1.15019859955878e-11	1	0	0	30	5448
SM00289	WR1	1.00000000001158	1.15787387028417e-11	39	0	0	30	5448
SM00453	WSN	1.00000000001158	1.15787387028417e-11	39	0	0	30	5448
SM00194	PTPc	1.0000000000119	1.19034510544922e-11	78	0	0	30	5448
SM00490	HELICc	1.0000000000119	1.19034510544922e-11	78	0	0	30	5448
SM00324	RhoGAP	1.00000000001192	1.19207989469485e-11	23	0	0	30	5448
SM00741	SapB	1.00000000001192	1.19207989469485e-11	23	0	0	30	5448
SM00192	LDLa	1.00000000001192	1.19207989469485e-11	23	0	0	30	5448
SM00473	PAN_AP	1.00000000001361	1.3614883026819e-11	21	0	0	30	5448
SM00336	BBOX	1.00000000001361	1.3614883026819e-11	21	0	0	30	5448
SM00950	Piwi	1.00000000001361	1.3614883026819e-11	21	0	0	30	5448
SM00425	TBOX	1.00000000001361	1.3614883026819e-11	21	0	0	30	5448
SM00220	S_TKc	1.00000000001472	1.47177427306671e-11	277	0	0	30	5448
SM00369	LRR_TYP	1.00000000001671	1.67111602290079e-11	38	0	0	30	5448
SM00060	FN3	1.00000000001671	1.67111602290079e-11	38	0	0	30	5448
SM00241	ZP	1.00000000001671	1.67111602290079e-11	38	0	0	30	5448
SM00512	Skp1	1.00000000001808	1.80793406199688e-11	22	0	0	30	5448
SM00355	ZnF_C2H2	1.00000000001859	1.85879535841881e-11	135	0	0	30	5448
SM00282	LamG	1.00000000001866	1.86573980808572e-11	14	0	0	30	5448
SM00397	t_SNARE	1.00000000001866	1.86573980808572e-11	14	0	0	30	5448
SM00443	G_patch	1.00000000001866	1.86573980808572e-11	14	0	0	30	5448
SM00516	SEC14	1.00000000001866	1.86573980808572e-11	14	0	0	30	5448
SM00100	cNMP	1.00000000001866	1.86573980808572e-11	14	0	0	30	5448
SM00195	DSPc	1.00000000001866	1.86573980808572e-11	14	0	0	30	5448
SM00156	PP2Ac	1.00000000002009	2.00881950197347e-11	45	0	0	30	5448
SM00028	TPR	1.00000000002009	2.00881950197347e-11	45	0	0	30	5448
