TermID	Term	Enrichment	logP	Genes in Term	Target Genes in Term	Fraction of Targets in Term	Total Target Genes	Total Genes	Entrez Gene IDs	Gene Symbols
SM00034	CLECT	8.00658349911322e-06	-11.7352464173226	205	5	0.555555555555556	9	5448	191390,189948,191381,185374,186002	clec-143,clec-74,clec-58,clec-232,clec-31
SM00327	VWA	3.72323379323483e-05	-10.1983328750503	43	3	0.333333333333333	9	5448	191390,181760,191381	clec-143,T25G12.6,clec-58
SM00703	NRF	0.0245263922592123	-3.70800550616291	15	1	0.111111111111111	9	5448	180094	oac-6
SM00198	SCP	0.0516753545373428	-2.96277431253135	32	1	0.111111111111111	9	5448	191309	scl-20
SM00326	SH3	0.0903805842037279	-2.40372581115922	57	1	0.111111111111111	9	5448	171906	cdap-2
SM00061	MATH	0.999999999979434	-2.0565686505176e-11	75	0	0	9	5448
SM00180	EGF_Lam	0.999999999982911	-1.70887048111285e-11	11	0	0	9	5448
SM00847	HA2	0.999999999982911	-1.70887048111285e-11	11	0	0	9	5448
SM00312	PX	0.999999999982911	-1.70887048111285e-11	11	0	0	9	5448
SM00647	IBR	0.999999999982911	-1.70887048111285e-11	11	0	0	9	5448
SM00831	Cation_ATPase_N	0.999999999982911	-1.70887048111285e-11	11	0	0	9	5448
SM00112	CA	0.999999999982911	-1.70887048111285e-11	11	0	0	9	5448
SM00332	PP2Cc	0.999999999982911	-1.70887048111285e-11	11	0	0	9	5448
SM00449	SPRY	0.999999999982911	-1.70887048111285e-11	11	0	0	9	5448
SM00301	DM	0.999999999982911	-1.70887048111285e-11	11	0	0	9	5448
SM00268	ACTIN	0.999999999982911	-1.70887048111285e-11	11	0	0	9	5448
SM00244	PHB	0.999999999982911	-1.70887048111285e-11	11	0	0	9	5448
SM00343	ZnF_C2HC	0.999999999982911	-1.70887048111285e-11	11	0	0	9	5448
SM00025	Pumilio	0.999999999982911	-1.70887048111285e-11	11	0	0	9	5448
SM00800	uDENN	0.999999999983588	-1.64117353404452e-11	5	0	0	9	5448
SM00120	HX	0.999999999983588	-1.64117353404452e-11	5	0	0	9	5448
SM00205	THN	0.999999999983588	-1.64117353404452e-11	5	0	0	9	5448
SM00357	CSP	0.999999999983588	-1.64117353404452e-11	5	0	0	9	5448
SM00577	CPDc	0.999999999983588	-1.64117353404452e-11	5	0	0	9	5448
SM00222	Sec7	0.999999999983588	-1.64117353404452e-11	5	0	0	9	5448
SM00801	dDENN	0.999999999983588	-1.64117353404452e-11	5	0	0	9	5448
SM00414	H2A	0.999999999983588	-1.64117353404452e-11	5	0	0	9	5448
SM00670	PINc	0.999999999983588	-1.64117353404452e-11	5	0	0	9	5448
SM00879	Brix	0.999999999983588	-1.64117353404452e-11	5	0	0	9	5448
SM00290	ZnF_UBP	0.999999999983588	-1.64117353404452e-11	5	0	0	9	5448
SM00186	FBG	0.999999999983588	-1.64117353404452e-11	5	0	0	9	5448
SM00128	IPPc	0.999999999983588	-1.64117353404452e-11	5	0	0	9	5448
SM00968	SMC_hinge	0.999999999983588	-1.64117353404452e-11	5	0	0	9	5448
SM00501	BRIGHT	0.999999999983588	-1.64117353404452e-11	5	0	0	9	5448
SM00367	LRR_CC	0.999999999983588	-1.64117353404452e-11	5	0	0	9	5448
SM01230	Gln-synt_C	0.999999999983588	-1.64117353404452e-11	5	0	0	9	5448
SM00257	LysM	0.999999999983588	-1.64117353404452e-11	5	0	0	9	5448
SM01163	DUF1785	0.999999999983588	-1.64117353404452e-11	5	0	0	9	5448
SM00136	LamNT	0.999999999983588	-1.64117353404452e-11	5	0	0	9	5448
SM00582	RPR	0.999999999983588	-1.64117353404452e-11	5	0	0	9	5448
SM00005	DEATH	0.999999999983588	-1.64117353404452e-11	5	0	0	9	5448
SM00503	SynN	0.999999999983588	-1.64117353404452e-11	5	0	0	9	5448
SM00063	FRI	0.999999999983588	-1.64117353404452e-11	5	0	0	9	5448
SM00878	Biotin_carb_C	0.999999999983588	-1.64117353404452e-11	5	0	0	9	5448
SM00502	BBC	0.999999999983588	-1.64117353404452e-11	5	0	0	9	5448
SM01169	DUF1943	0.999999999983588	-1.64117353404452e-11	5	0	0	9	5448
SM01052	CAP_GLY	0.999999999983588	-1.64117353404452e-11	5	0	0	9	5448
SM00036	CNH	0.999999999983588	-1.64117353404452e-11	5	0	0	9	5448
SM00730	PSN	0.999999999983588	-1.64117353404452e-11	5	0	0	9	5448
SM00204	TGFB	0.999999999983588	-1.64117353404452e-11	5	0	0	9	5448
SM00045	DAGKa	0.999999999983588	-1.64117353404452e-11	5	0	0	9	5448
SM00739	KOW	0.999999999983588	-1.64117353404452e-11	5	0	0	9	5448
SM00461	WH1	0.999999999983588	-1.64117353404452e-11	5	0	0	9	5448
SM00614	ZnF_BED	0.999999999983588	-1.64117353404452e-11	5	0	0	9	5448
SM00638	LPD_N	0.999999999983588	-1.64117353404452e-11	5	0	0	9	5448
SM00014	acidPPc	0.999999999983588	-1.64117353404452e-11	5	0	0	9	5448
SM01411	Ephrin_rec_like	0.999999999983588	-1.64117353404452e-11	5	0	0	9	5448
SM00097	WNT1	0.999999999983588	-1.64117353404452e-11	5	0	0	9	5448
SM00630	Sema	0.999999999983588	-1.64117353404452e-11	5	0	0	9	5448
SM00861	Transket_pyr	0.999999999983588	-1.64117353404452e-11	5	0	0	9	5448
SM00486	POLBc	0.999999999983588	-1.64117353404452e-11	5	0	0	9	5448
SM00423	PSI	0.999999999983588	-1.64117353404452e-11	5	0	0	9	5448
SM00799	DENN	0.999999999983588	-1.64117353404452e-11	5	0	0	9	5448
SM00710	PbH1	0.999999999983588	-1.64117353404452e-11	5	0	0	9	5448
SM00721	BAR	0.999999999983588	-1.64117353404452e-11	5	0	0	9	5448
SM00109	C1	0.999999999984021	-1.59786156309812e-11	31	0	0	9	5448
SM00636	Glyco_18	0.999999999984021	-1.59786156309812e-11	31	0	0	9	5448
SM00225	BTB	0.999999999985182	-1.48180785902158e-11	126	0	0	9	5448
SM00409	IG	0.999999999987141	-1.28592358406946e-11	51	0	0	9	5448
SM00875	BACK	0.999999999987325	-1.26747820622558e-11	13	0	0	9	5448
SM00613	PAW	0.999999999987325	-1.26747820622558e-11	13	0	0	9	5448
SM00361	RRM_1	0.999999999987325	-1.26747820622558e-11	13	0	0	9	5448
SM00714	LITAF	0.999999999987325	-1.26747820622558e-11	13	0	0	9	5448
SM00450	RHOD	0.999999999987325	-1.26747820622558e-11	13	0	0	9	5448
SM00088	PINT	0.999999999987325	-1.26747820622558e-11	13	0	0	9	5448
SM00631	Zn_pept	0.999999999987325	-1.26747820622558e-11	13	0	0	9	5448
SM00401	ZnF_GATA	0.999999999987325	-1.26747820622558e-11	13	0	0	9	5448
SM00320	WD40	0.999999999987717	-1.22827816304568e-11	127	0	0	9	5448
SM00829	PKS_ER	0.999999999988154	-1.18458586785697e-11	12	0	0	9	5448
SM00849	Lactamase_B	0.999999999988154	-1.18458586785697e-11	12	0	0	9	5448
SM00230	CysPc	0.999999999988154	-1.18458586785697e-11	12	0	0	9	5448
SM00558	JmjC	0.999999999988154	-1.18458586785697e-11	12	0	0	9	5448
SM00184	RING	0.999999999988291	-1.17090790763827e-11	113	0	0	9	5448
SM00248	ANK	0.999999999988508	-1.1492013272522e-11	77	0	0	9	5448
SM00463	SMR	0.999999999988608	-1.13919181514257e-11	4	0	0	9	5448
SM00050	DISIN	0.999999999988608	-1.13919181514257e-11	4	0	0	9	5448
SM00584	TLDc	0.999999999988608	-1.13919181514257e-11	4	0	0	9	5448
SM00027	EH	0.999999999988608	-1.13919181514257e-11	4	0	0	9	5448
SM00427	H2B	0.999999999988608	-1.13919181514257e-11	4	0	0	9	5448
SM00224	GGL	0.999999999988608	-1.13919181514257e-11	4	0	0	9	5448
SM01027	Beta-Casp	0.999999999988608	-1.13919181514257e-11	4	0	0	9	5448
SM01026	Beach	0.999999999988608	-1.13919181514257e-11	4	0	0	9	5448
SM01343	FATC	0.999999999988608	-1.13919181514257e-11	4	0	0	9	5448
SM00474	35EXOc	0.999999999988608	-1.13919181514257e-11	4	0	0	9	5448
SM00013	LRRNT	0.999999999988608	-1.13919181514257e-11	4	0	0	9	5448
SM00727	STI1	0.999999999988608	-1.13919181514257e-11	4	0	0	9	5448
SM00642	Aamy	0.999999999988608	-1.13919181514257e-11	4	0	0	9	5448
SM00666	PB1	0.999999999988608	-1.13919181514257e-11	4	0	0	9	5448
SM00335	ANX	0.999999999988608	-1.13919181514257e-11	4	0	0	9	5448
SM00279	HhH2	0.999999999988608	-1.13919181514257e-11	4	0	0	9	5448
SM00440	ZnF_C2C2	0.999999999988608	-1.13919181514257e-11	4	0	0	9	5448
SM00568	GRAM	0.999999999988608	-1.13919181514257e-11	4	0	0	9	5448
SM01195	FA	0.999999999988608	-1.13919181514257e-11	4	0	0	9	5448
SM00484	XPGI	0.999999999988608	-1.13919181514257e-11	4	0	0	9	5448
SM00429	IPT	0.999999999988608	-1.13919181514257e-11	4	0	0	9	5448
SM00145	PI3Ka	0.999999999988608	-1.13919181514257e-11	4	0	0	9	5448
SM00390	GoLoco	0.999999999988608	-1.13919181514257e-11	4	0	0	9	5448
SM00444	GYF	0.999999999988608	-1.13919181514257e-11	4	0	0	9	5448
SM00679	CTNS	0.999999999988608	-1.13919181514257e-11	4	0	0	9	5448
SM00217	WAP	0.999999999988608	-1.13919181514257e-11	4	0	0	9	5448
SM00534	MUTSac	0.999999999988608	-1.13919181514257e-11	4	0	0	9	5448
SM00387	HATPase_c	0.999999999988608	-1.13919181514257e-11	4	0	0	9	5448
SM00288	VHS	0.999999999988608	-1.13919181514257e-11	4	0	0	9	5448
SM00678	WWE	0.999999999988608	-1.13919181514257e-11	4	0	0	9	5448
SM00889	EFG_IV	0.999999999988608	-1.13919181514257e-11	4	0	0	9	5448
SM00115	CASc	0.999999999988608	-1.13919181514257e-11	4	0	0	9	5448
SM00102	ADF	0.999999999988608	-1.13919181514257e-11	4	0	0	9	5448
SM00604	MD	0.999999999988608	-1.13919181514257e-11	4	0	0	9	5448
SM00439	BAH	0.999999999988608	-1.13919181514257e-11	4	0	0	9	5448
SM00533	MUTSd	0.999999999988608	-1.13919181514257e-11	4	0	0	9	5448
SM00406	IGv	0.999999999988608	-1.13919181514257e-11	4	0	0	9	5448
SM00674	CENPB	0.999999999988608	-1.13919181514257e-11	4	0	0	9	5448
SM00745	MIT	0.999999999988608	-1.13919181514257e-11	4	0	0	9	5448
SM01053	CaMBD	0.999999999988608	-1.13919181514257e-11	4	0	0	9	5448
SM00246	WH2	0.999999999988608	-1.13919181514257e-11	4	0	0	9	5448
SM00546	CUE	0.999999999988608	-1.13919181514257e-11	4	0	0	9	5448
SM01372	E2F_TDP	0.999999999988608	-1.13919181514257e-11	4	0	0	9	5448
SM01330	Frizzled	0.999999999988608	-1.13919181514257e-11	4	0	0	9	5448
SM00557	IG_FLMN	0.999999999988608	-1.13919181514257e-11	4	0	0	9	5448
SM00446	LRRcap	0.999999999988608	-1.13919181514257e-11	4	0	0	9	5448
SM00281	LamB	0.999999999988608	-1.13919181514257e-11	4	0	0	9	5448
SM00846	Gp_dh_N	0.999999999988608	-1.13919181514257e-11	4	0	0	9	5448
SM00913	IBN_N	0.999999999988608	-1.13919181514257e-11	4	0	0	9	5448
SM00485	XPGN	0.999999999988608	-1.13919181514257e-11	4	0	0	9	5448
SM00258	SAND	0.999999999988608	-1.13919181514257e-11	4	0	0	9	5448
SM01388	Mob1_phocein	0.999999999988608	-1.13919181514257e-11	4	0	0	9	5448
SM00487	DEXDc	0.99999999998872	-1.12800143432204e-11	79	0	0	9	5448
SM00645	Pept_C1	0.999999999988724	-1.12762935702987e-11	29	0	0	9	5448
SM00430	HOLI	0.999999999988758	-1.12418438031367e-11	250	0	0	9	5448
SM00295	B41	0.999999999989105	-1.08954241070146e-11	18	0	0	9	5448
SM00385	CYCLIN	0.999999999989105	-1.08954241070146e-11	18	0	0	9	5448
SM00315	RGS	0.999999999989105	-1.08954241070146e-11	18	0	0	9	5448
SM00242	MYSc	0.999999999989105	-1.08954241070146e-11	18	0	0	9	5448
SM00949	PAZ	0.999999999989105	-1.08954241070146e-11	18	0	0	9	5448
SM00339	FH	0.999999999989105	-1.08954241070146e-11	18	0	0	9	5448
SM00382	AAA	0.999999999989569	-1.0431342286125e-11	106	0	0	9	5448
SM00356	ZnF_C3H1	0.999999999989662	-1.03377988990206e-11	32	0	0	9	5448
SM00271	DnaJ	0.999999999989662	-1.03377988990206e-11	32	0	0	9	5448
SM00185	ARM	0.999999999989983	-1.00170087638337e-11	10	0	0	9	5448
SM00291	ZnF_ZZ	0.999999999989983	-1.00170087638337e-11	10	0	0	9	5448
SM00479	EXOIII	0.999999999989983	-1.00170087638337e-11	10	0	0	9	5448
SM00146	PI3Kc	0.999999999989983	-1.00170087638337e-11	10	0	0	9	5448
SM00306	HintN	0.999999999989983	-1.00170087638337e-11	10	0	0	9	5448
SM00305	HintC	0.999999999989983	-1.00170087638337e-11	10	0	0	9	5448
SM00612	Kelch	0.999999999989983	-1.00170087638337e-11	10	0	0	9	5448
SM00020	Tryp_SPc	0.999999999989983	-1.00170087638337e-11	10	0	0	9	5448
SM00351	PAX	0.999999999989983	-1.00170087638337e-11	10	0	0	9	5448
SM00240	FHA	0.999999999989983	-1.00170087638337e-11	10	0	0	9	5448
SM01391	Filament	0.999999999989983	-1.00170087638337e-11	10	0	0	9	5448
SM00051	DSL	0.999999999989983	-1.00170087638337e-11	10	0	0	9	5448
SM01196	FERM_C	0.999999999989983	-1.00170087638337e-11	10	0	0	9	5448
SM00329	BPI2	0.999999999989983	-1.00170087638337e-11	10	0	0	9	5448
SM00182	CULLIN	0.999999999990164	-9.83585101224388e-12	7	0	0	9	5448
SM00744	RINGv	0.999999999990164	-9.83585101224388e-12	7	0	0	9	5448
SM00396	ZnF_UBR1	0.999999999990164	-9.83585101224388e-12	7	0	0	9	5448
SM00032	CCP	0.999999999990164	-9.83585101224388e-12	7	0	0	9	5448
SM00234	START	0.999999999990164	-9.83585101224388e-12	7	0	0	9	5448
SM00948	Proteasome_A_N	0.999999999990164	-9.83585101224388e-12	7	0	0	9	5448
SM00150	SPEC	0.999999999990164	-9.83585101224388e-12	7	0	0	9	5448
SM00216	VWD	0.999999999990164	-9.83585101224388e-12	7	0	0	9	5448
SM00055	FCH	0.999999999990164	-9.83585101224388e-12	7	0	0	9	5448
SM00664	DoH	0.999999999990164	-9.83585101224388e-12	7	0	0	9	5448
SM00513	SAP	0.999999999990164	-9.83585101224388e-12	7	0	0	9	5448
SM00232	JAB_MPN	0.999999999990164	-9.83585101224388e-12	7	0	0	9	5448
SM00523	DWA	0.999999999990164	-9.83585101224388e-12	7	0	0	9	5448
SM00386	HAT	0.999999999990164	-9.83585101224388e-12	7	0	0	9	5448
SM00498	FH2	0.999999999990164	-9.83585101224388e-12	7	0	0	9	5448
SM00165	UBA	0.999999999990164	-9.83585101224388e-12	7	0	0	9	5448
SM00526	H15	0.999999999990164	-9.83585101224388e-12	7	0	0	9	5448
SM00353	HLH	0.999999999990521	-9.47914887659313e-12	36	0	0	9	5448
SM00209	TSP1	0.999999999990867	-9.13340335228737e-12	28	0	0	9	5448
SM00848	Inhibitor_I29	0.999999999991847	-8.15347116886338e-12	9	0	0	9	5448
SM00079	PBPe	0.999999999991847	-8.15347116886338e-12	9	0	0	9	5448
SM00595	MADF	0.999999999991847	-8.15347116886338e-12	9	0	0	9	5448
SM00494	ChtBD2	0.999999999991847	-8.15347116886338e-12	9	0	0	9	5448
SM00072	GuKc	0.999999999991847	-8.15347116886338e-12	9	0	0	9	5448
SM00328	BPI1	0.999999999991847	-8.15347116886338e-12	9	0	0	9	5448
SM00119	HECTc	0.999999999991847	-8.15347116886338e-12	9	0	0	9	5448
SM00015	IQ	0.999999999991847	-8.15347116886338e-12	9	0	0	9	5448
SM00918	Lig_chan-Glu_bd	0.999999999991847	-8.15347116886338e-12	9	0	0	9	5448
SM00428	H3	0.999999999991847	-8.15347116886338e-12	9	0	0	9	5448
SM00724	TLC	0.999999999991847	-8.15347116886338e-12	9	0	0	9	5448
SM00471	HDc	0.999999999991847	-8.15347116886338e-12	9	0	0	9	5448
SM00702	P4Hc	0.999999999991847	-8.15347116886338e-12	9	0	0	9	5448
SM00451	ZnF_U1	0.999999999991847	-8.15347116886338e-12	9	0	0	9	5448
SM00049	DEP	0.999999999991847	-8.15347116886338e-12	9	0	0	9	5448
SM00314	RA	0.999999999991847	-8.15347116886338e-12	9	0	0	9	5448
SM00116	CBS	0.999999999991847	-8.15347116886338e-12	9	0	0	9	5448
SM01117	Cyt-b5	0.999999999991847	-8.15347116886338e-12	9	0	0	9	5448
SM01189	ELM2	0.999999999991847	-8.15347116886338e-12	9	0	0	9	5448
SM00181	EGF	0.999999999991902	-8.09748627987037e-12	73	0	0	9	5448
SM00605	CW	0.999999999992239	-7.76110190383147e-12	50	0	0	9	5448
SM00042	CUB	0.999999999992239	-7.76110190383147e-12	50	0	0	9	5448
SM00408	IGc2	0.999999999992239	-7.76110190383147e-12	50	0	0	9	5448
SM00156	PP2Ac	0.999999999992592	-7.40814895384111e-12	45	0	0	9	5448
SM00028	TPR	0.999999999992592	-7.40814895384111e-12	45	0	0	9	5448
SM00219	TyrKc	0.999999999992635	-7.36535244198457e-12	67	0	0	9	5448
SM00132	LIM	0.999999999992656	-7.34408153563193e-12	30	0	0	9	5448
SM00317	SET	0.999999999992656	-7.34408153563193e-12	30	0	0	9	5448
SM00425	TBOX	0.999999999992758	-7.24198607421434e-12	21	0	0	9	5448
SM00473	PAN_AP	0.999999999992758	-7.24198607421434e-12	21	0	0	9	5448
SM00950	Piwi	0.999999999992758	-7.24198607421434e-12	21	0	0	9	5448
SM00336	BBOX	0.999999999992758	-7.24198607421434e-12	21	0	0	9	5448
SM00413	ETS	0.999999999992983	-7.01674673933701e-12	8	0	0	9	5448
SM01190	EMP24_GP25L	0.999999999992983	-7.01674673933701e-12	8	0	0	9	5448
SM00147	RasGEF	0.999999999992983	-7.01674673933701e-12	8	0	0	9	5448
SM00524	DWB	0.999999999992983	-7.01674673933701e-12	8	0	0	9	5448
SM00458	RICIN	0.999999999992983	-7.01674673933701e-12	8	0	0	9	5448
SM00667	LisH	0.999999999992983	-7.01674673933701e-12	8	0	0	9	5448
SM00274	FOLN	0.999999999992983	-7.01674673933701e-12	8	0	0	9	5448
SM01349	TOG	0.999999999992983	-7.01674673933701e-12	8	0	0	9	5448
SM00547	ZnF_RBZ	0.999999999992983	-7.01674673933701e-12	8	0	0	9	5448
SM00285	PBD	0.999999999992983	-7.01674673933701e-12	8	0	0	9	5448
SM00333	TUDOR	0.999999999992983	-7.01674673933701e-12	8	0	0	9	5448
SM00358	DSRM	0.999999999992983	-7.01674673933701e-12	8	0	0	9	5448
SM00082	LRRCT	0.999999999992983	-7.01674673933701e-12	8	0	0	9	5448
SM00341	HRDC	0.99999999999321	-6.78982029629791e-12	3	0	0	9	5448
SM00569	L27	0.99999999999321	-6.78982029629791e-12	3	0	0	9	5448
SM00564	PQQ	0.99999999999321	-6.78982029629791e-12	3	0	0	9	5448
SM00571	DDT	0.99999999999321	-6.78982029629791e-12	3	0	0	9	5448
SM00243	GAS2	0.99999999999321	-6.78982029629791e-12	3	0	0	9	5448
SM00134	LU	0.99999999999321	-6.78982029629791e-12	3	0	0	9	5448
SM00142	PI3K_C2	0.99999999999321	-6.78982029629791e-12	3	0	0	9	5448
SM00973	Sec63	0.99999999999321	-6.78982029629791e-12	3	0	0	9	5448
SM00863	tRNA_SAD	0.99999999999321	-6.78982029629791e-12	3	0	0	9	5448
SM00916	L51_S25_CI-B8	0.99999999999321	-6.78982029629791e-12	3	0	0	9	5448
SM00090	RIO	0.99999999999321	-6.78982029629791e-12	3	0	0	9	5448
SM01015	Arfaptin	0.99999999999321	-6.78982029629791e-12	3	0	0	9	5448
SM00237	Calx_beta	0.99999999999321	-6.78982029629791e-12	3	0	0	9	5448
SM00261	FU	0.99999999999321	-6.78982029629791e-12	3	0	0	9	5448
SM01161	DUF1767	0.99999999999321	-6.78982029629791e-12	3	0	0	9	5448
SM00504	Ubox	0.99999999999321	-6.78982029629791e-12	3	0	0	9	5448
SM00137	MAM	0.99999999999321	-6.78982029629791e-12	3	0	0	9	5448
SM00552	ADEAMc	0.99999999999321	-6.78982029629791e-12	3	0	0	9	5448
SM01403	Ribosomal_S10	0.99999999999321	-6.78982029629791e-12	3	0	0	9	5448
SM00827	PKS_AT	0.99999999999321	-6.78982029629791e-12	3	0	0	9	5448
SM00823	PKS_PP	0.99999999999321	-6.78982029629791e-12	3	0	0	9	5448
SM01140	Drf_GBD	0.99999999999321	-6.78982029629791e-12	3	0	0	9	5448
SM00284	OLF	0.99999999999321	-6.78982029629791e-12	3	0	0	9	5448
SM00464	LON	0.99999999999321	-6.78982029629791e-12	3	0	0	9	5448
SM00218	ZU5	0.99999999999321	-6.78982029629791e-12	3	0	0	9	5448
SM00488	DEXDc2	0.99999999999321	-6.78982029629791e-12	3	0	0	9	5448
SM00809	Alpha_adaptinC2	0.99999999999321	-6.78982029629791e-12	3	0	0	9	5448
SM00154	ZnF_AN1	0.99999999999321	-6.78982029629791e-12	3	0	0	9	5448
SM00773	WGR	0.99999999999321	-6.78982029629791e-12	3	0	0	9	5448
SM01007	Aldolase_II	0.99999999999321	-6.78982029629791e-12	3	0	0	9	5448
SM00434	TOP4c	0.99999999999321	-6.78982029629791e-12	3	0	0	9	5448
SM00969	SOCS_box	0.99999999999321	-6.78982029629791e-12	3	0	0	9	5448
SM00991	WHEP-TRS	0.99999999999321	-6.78982029629791e-12	3	0	0	9	5448
SM00570	AWS	0.99999999999321	-6.78982029629791e-12	3	0	0	9	5448
SM00352	POU	0.99999999999321	-6.78982029629791e-12	3	0	0	9	5448
SM00392	PROF	0.99999999999321	-6.78982029629791e-12	3	0	0	9	5448
SM00262	GEL	0.99999999999321	-6.78982029629791e-12	3	0	0	9	5448
SM00663	RPOLA_N	0.99999999999321	-6.78982029629791e-12	3	0	0	9	5448
SM00694	DysFC	0.99999999999321	-6.78982029629791e-12	3	0	0	9	5448
SM00021	DAX	0.99999999999321	-6.78982029629791e-12	3	0	0	9	5448
SM00166	UBX	0.99999999999321	-6.78982029629791e-12	3	0	0	9	5448
SM00715	LA	0.99999999999321	-6.78982029629791e-12	3	0	0	9	5448
SM00723	AMOP	0.99999999999321	-6.78982029629791e-12	3	0	0	9	5448
SM01218	FoP_duplication	0.99999999999321	-6.78982029629791e-12	3	0	0	9	5448
SM01139	Drf_FH3	0.99999999999321	-6.78982029629791e-12	3	0	0	9	5448
SM01287	Rtt106	0.99999999999321	-6.78982029629791e-12	3	0	0	9	5448
SM00540	LEM	0.99999999999321	-6.78982029629791e-12	3	0	0	9	5448
SM01073	CDC48_N	0.99999999999321	-6.78982029629791e-12	3	0	0	9	5448
SM01175	DUF4206	0.99999999999321	-6.78982029629791e-12	3	0	0	9	5448
SM00726	UIM	0.99999999999321	-6.78982029629791e-12	3	0	0	9	5448
SM01060	Catalase	0.99999999999321	-6.78982029629791e-12	3	0	0	9	5448
SM00931	NOSIC	0.99999999999321	-6.78982029629791e-12	3	0	0	9	5448
SM00085	PA2c	0.99999999999321	-6.78982029629791e-12	3	0	0	9	5448
SM00980	THAP	0.99999999999321	-6.78982029629791e-12	3	0	0	9	5448
SM00581	PSP	0.99999999999321	-6.78982029629791e-12	3	0	0	9	5448
SM00393	R3H	0.99999999999321	-6.78982029629791e-12	3	0	0	9	5448
SM01041	BRO1	0.99999999999321	-6.78982029629791e-12	3	0	0	9	5448
SM00686	DM13	0.99999999999321	-6.78982029629791e-12	3	0	0	9	5448
SM00041	CT	0.99999999999321	-6.78982029629791e-12	3	0	0	9	5448
SM00872	Alpha-mann_mid	0.99999999999321	-6.78982029629791e-12	3	0	0	9	5448
SM01337	APC10	0.99999999999321	-6.78982029629791e-12	3	0	0	9	5448
SM00693	DysFN	0.99999999999321	-6.78982029629791e-12	3	0	0	9	5448
SM00673	CARP	0.99999999999321	-6.78982029629791e-12	3	0	0	9	5448
SM01178	DUF4217	0.99999999999321	-6.78982029629791e-12	3	0	0	9	5448
SM00280	KAZAL	0.99999999999321	-6.78982029629791e-12	3	0	0	9	5448
SM00491	HELICc2	0.99999999999321	-6.78982029629791e-12	3	0	0	9	5448
SM00735	ZM	0.99999999999321	-6.78982029629791e-12	3	0	0	9	5448
SM00441	FF	0.99999999999321	-6.78982029629791e-12	3	0	0	9	5448
SM00433	TOP2c	0.99999999999321	-6.78982029629791e-12	3	0	0	9	5448
SM00330	PIPKc	0.99999999999321	-6.78982029629791e-12	3	0	0	9	5448
SM00264	BAG	0.99999999999321	-6.78982029629791e-12	3	0	0	9	5448
SM00053	DYNc	0.99999999999321	-6.78982029629791e-12	3	0	0	9	5448
SM00648	SWAP	0.99999999999321	-6.78982029629791e-12	3	0	0	9	5448
SM00130	KR	0.99999999999321	-6.78982029629791e-12	3	0	0	9	5448
SM00825	PKS_KS	0.99999999999321	-6.78982029629791e-12	3	0	0	9	5448
SM00139	MyTH4	0.99999999999321	-6.78982029629791e-12	3	0	0	9	5448
SM00270	ChtBD1	0.99999999999321	-6.78982029629791e-12	3	0	0	9	5448
SM00359	PUA	0.99999999999321	-6.78982029629791e-12	3	0	0	9	5448
SM00704	ZnF_CDGSH	0.99999999999321	-6.78982029629791e-12	3	0	0	9	5448
SM00852	MoCF_biosynth	0.99999999999321	-6.78982029629791e-12	3	0	0	9	5448
SM00231	FA58C	0.99999999999321	-6.78982029629791e-12	3	0	0	9	5448
SM00151	SWIB	0.99999999999321	-6.78982029629791e-12	3	0	0	9	5448
SM00235	ZnMc	0.999999999993353	-6.64653716901203e-12	46	0	0	9	5448
SM00239	C2	0.999999999993411	-6.58898379151373e-12	41	0	0	9	5448
SM00179	EGF_CA	0.999999999993411	-6.58898379151373e-12	41	0	0	9	5448
SM01048	C6	0.999999999993539	-6.46063040602464e-12	17	0	0	9	5448
SM00651	Sm	0.999999999993539	-6.46063040602464e-12	17	0	0	9	5448
SM00338	BRLZ	0.999999999993539	-6.46063040602464e-12	17	0	0	9	5448
SM00454	SAM	0.999999999993539	-6.46063040602464e-12	17	0	0	9	5448
SM00033	CH	0.999999999993613	-6.387204113721e-12	24	0	0	9	5448
SM00587	CHK	0.999999999993613	-6.387204113721e-12	24	0	0	9	5448
SM00389	HOX	0.999999999993969	-6.03114578542889e-12	96	0	0	9	5448
SM00322	KH	0.999999999994088	-5.91174870299858e-12	27	0	0	9	5448
SM00717	SANT	0.999999999994275	-5.72454014327704e-12	16	0	0	9	5448
SM00064	FYVE	0.999999999994275	-5.72454014327704e-12	16	0	0	9	5448
SM00864	Tubulin	0.999999999994275	-5.72454014327704e-12	16	0	0	9	5448
SM00398	HMG	0.999999999994275	-5.72454014327704e-12	16	0	0	9	5448
SM00462	PTB	0.999999999994275	-5.72454014327704e-12	16	0	0	9	5448
SM01145	DUF1041	0.999999999994642	-5.35810965366333e-12	2	0	0	9	5448
SM01283	Costars	0.999999999994642	-5.35810965366333e-12	2	0	0	9	5448
SM00114	CARD	0.999999999994642	-5.35810965366333e-12	2	0	0	9	5448
SM00981	THUMP	0.999999999994642	-5.35810965366333e-12	2	0	0	9	5448
SM00086	PAC	0.999999999994642	-5.35810965366333e-12	2	0	0	9	5448
SM01336	zf-PARP	0.999999999994642	-5.35810965366333e-12	2	0	0	9	5448
SM01338	NOD	0.999999999994642	-5.35810965366333e-12	2	0	0	9	5448
SM00712	PUR	0.999999999994642	-5.35810965366333e-12	2	0	0	9	5448
SM01378	Romo1	0.999999999994642	-5.35810965366333e-12	2	0	0	9	5448
SM00731	SprT	0.999999999994642	-5.35810965366333e-12	2	0	0	9	5448
SM01326	PTEN_C2	0.999999999994642	-5.35810965366333e-12	2	0	0	9	5448
SM00384	AT_hook	0.999999999994642	-5.35810965366333e-12	2	0	0	9	5448
SM00432	MADS	0.999999999994642	-5.35810965366333e-12	2	0	0	9	5448
SM00111	C4	0.999999999994642	-5.35810965366333e-12	2	0	0	9	5448
SM00391	MBD	0.999999999994642	-5.35810965366333e-12	2	0	0	9	5448
SM00323	RasGAP	0.999999999994642	-5.35810965366333e-12	2	0	0	9	5448
SM00757	CRA	0.999999999994642	-5.35810965366333e-12	2	0	0	9	5448
SM00472	MIR	0.999999999994642	-5.35810965366333e-12	2	0	0	9	5448
SM00978	Tim44	0.999999999994642	-5.35810965366333e-12	2	0	0	9	5448
SM01415	DUF106	0.999999999994642	-5.35810965366333e-12	2	0	0	9	5448
SM00535	RIBOc	0.999999999994642	-5.35810965366333e-12	2	0	0	9	5448
SM00960	Robl_LC7	0.999999999994642	-5.35810965366333e-12	2	0	0	9	5448
SM00363	S4	0.999999999994642	-5.35810965366333e-12	2	0	0	9	5448
SM01086	ClpB_D2-small	0.999999999994642	-5.35810965366333e-12	2	0	0	9	5448
SM00671	SEL1	0.999999999994642	-5.35810965366333e-12	2	0	0	9	5448
SM00442	FGF	0.999999999994642	-5.35810965366333e-12	2	0	0	9	5448
SM00517	PolyA	0.999999999994642	-5.35810965366333e-12	2	0	0	9	5448
SM00259	ZnF_A20	0.999999999994642	-5.35810965366333e-12	2	0	0	9	5448
SM00573	HSA	0.999999999994642	-5.35810965366333e-12	2	0	0	9	5448
SM00468	PreSET	0.999999999994642	-5.35810965366333e-12	2	0	0	9	5448
SM01062	Ca_chan_IQ	0.999999999994642	-5.35810965366333e-12	2	0	0	9	5448
SM00160	RanBD	0.999999999994642	-5.35810965366333e-12	2	0	0	9	5448
SM01390	Ribosomal_S4	0.999999999994642	-5.35810965366333e-12	2	0	0	9	5448
SM00202	SR	0.999999999994642	-5.35810965366333e-12	2	0	0	9	5448
SM00460	TGc	0.999999999994642	-5.35810965366333e-12	2	0	0	9	5448
SM01194	eRF1_1	0.999999999994642	-5.35810965366333e-12	2	0	0	9	5448
SM01362	DUF663	0.999999999994642	-5.35810965366333e-12	2	0	0	9	5448
SM00308	LH2	0.999999999994642	-5.35810965366333e-12	2	0	0	9	5448
SM01269	Lipid_DES	0.999999999994642	-5.35810965366333e-12	2	0	0	9	5448
SM00576	BTP	0.999999999994642	-5.35810965366333e-12	2	0	0	9	5448
SM01010	AMPKBI	0.999999999994642	-5.35810965366333e-12	2	0	0	9	5448
SM00775	LNS2	0.999999999994642	-5.35810965366333e-12	2	0	0	9	5448
SM01114	CXC	0.999999999994642	-5.35810965366333e-12	2	0	0	9	5448
SM00851	MGS	0.999999999994642	-5.35810965366333e-12	2	0	0	9	5448
SM01070	CDC37_M	0.999999999994642	-5.35810965366333e-12	2	0	0	9	5448
SM00580	PUG	0.999999999994642	-5.35810965366333e-12	2	0	0	9	5448
SM00238	BIR	0.999999999994642	-5.35810965366333e-12	2	0	0	9	5448
SM00302	GED	0.999999999994642	-5.35810965366333e-12	2	0	0	9	5448
SM00311	PWI	0.999999999994642	-5.35810965366333e-12	2	0	0	9	5448
SM00956	RQC	0.999999999994642	-5.35810965366333e-12	2	0	0	9	5448
SM01008	Ald_Xan_dh_C	0.999999999994642	-5.35810965366333e-12	2	0	0	9	5448
SM00415	HSF	0.999999999994642	-5.35810965366333e-12	2	0	0	9	5448
SM00200	SEA	0.999999999994642	-5.35810965366333e-12	2	0	0	9	5448
SM00437	TOP1Ac	0.999999999994642	-5.35810965366333e-12	2	0	0	9	5448
SM00963	SRP54_N	0.999999999994642	-5.35810965366333e-12	2	0	0	9	5448
SM00544	MA3	0.999999999994642	-5.35810965366333e-12	2	0	0	9	5448
SM00649	RL11	0.999999999994642	-5.35810965366333e-12	2	0	0	9	5448
SM01003	AlaDh_PNT_N	0.999999999994642	-5.35810965366333e-12	2	0	0	9	5448
SM00065	GAF	0.999999999994642	-5.35810965366333e-12	2	0	0	9	5448
SM01399	Sybindin	0.999999999994642	-5.35810965366333e-12	2	0	0	9	5448
SM00732	YqgFc	0.999999999994642	-5.35810965366333e-12	2	0	0	9	5448
SM00594	UAS	0.999999999994642	-5.35810965366333e-12	2	0	0	9	5448
SM00043	CY	0.999999999994642	-5.35810965366333e-12	2	0	0	9	5448
SM01084	CKS	0.999999999994642	-5.35810965366333e-12	2	0	0	9	5448
SM00572	DZF	0.999999999994642	-5.35810965366333e-12	2	0	0	9	5448
SM00907	GDNF	0.999999999994642	-5.35810965366333e-12	2	0	0	9	5448
SM00223	APPLE	0.999999999994642	-5.35810965366333e-12	2	0	0	9	5448
SM00144	PI3K_rbd	0.999999999994642	-5.35810965366333e-12	2	0	0	9	5448
SM00214	VWC	0.999999999994642	-5.35810965366333e-12	2	0	0	9	5448
SM01370	TAFII55_N	0.999999999994642	-5.35810965366333e-12	2	0	0	9	5448
SM01141	DRY_EERY	0.999999999994642	-5.35810965366333e-12	2	0	0	9	5448
SM00493	TOPRIM	0.999999999994642	-5.35810965366333e-12	2	0	0	9	5448
SM01407	NAC	0.999999999994642	-5.35810965366333e-12	2	0	0	9	5448
SM01246	Josephin	0.999999999994642	-5.35810965366333e-12	2	0	0	9	5448
SM01340	DNA_mis_repair	0.999999999994642	-5.35810965366333e-12	2	0	0	9	5448
SM00559	Ku78	0.999999999994642	-5.35810965366333e-12	2	0	0	9	5448
SM00299	CLH	0.999999999994642	-5.35810965366333e-12	2	0	0	9	5448
SM00947	Pro_CA	0.999999999994642	-5.35810965366333e-12	2	0	0	9	5448
SM01382	Ribosomal_L2_C	0.999999999994642	-5.35810965366333e-12	2	0	0	9	5448
SM00751	BSD	0.999999999994642	-5.35810965366333e-12	2	0	0	9	5448
SM00888	EF1_GNE	0.999999999994642	-5.35810965366333e-12	2	0	0	9	5448
SM00191	Int_alpha	0.999999999994642	-5.35810965366333e-12	2	0	0	9	5448
SM01271	LSM14	0.999999999994642	-5.35810965366333e-12	2	0	0	9	5448
SM00482	POLAc	0.999999999994642	-5.35810965366333e-12	2	0	0	9	5448
SM00836	DALR_1	0.999999999994642	-5.35810965366333e-12	2	0	0	9	5448
SM01339	NODP	0.999999999994642	-5.35810965366333e-12	2	0	0	9	5448
SM00436	TOP1Bc	0.999999999994642	-5.35810965366333e-12	2	0	0	9	5448
SM01127	DDHD	0.999999999994642	-5.35810965366333e-12	2	0	0	9	5448
SM00955	RNB	0.999999999994642	-5.35810965366333e-12	2	0	0	9	5448
SM00561	MBT	0.999999999994642	-5.35810965366333e-12	2	0	0	9	5448
SM00251	SAM_PNT	0.999999999994642	-5.35810965366333e-12	2	0	0	9	5448
SM01072	CDC48_2	0.999999999994642	-5.35810965366333e-12	2	0	0	9	5448
SM00657	RPOL4c	0.999999999994642	-5.35810965366333e-12	2	0	0	9	5448
SM01147	DUF1087	0.999999999994642	-5.35810965366333e-12	2	0	0	9	5448
SM00873	B3_4	0.999999999994642	-5.35810965366333e-12	2	0	0	9	5448
SM00101	14_3_3	0.999999999994642	-5.35810965366333e-12	2	0	0	9	5448
SM00167	VPS9	0.999999999994642	-5.35810965366333e-12	2	0	0	9	5448
SM00500	SFM	0.999999999994642	-5.35810965366333e-12	2	0	0	9	5448
SM00992	YccV-like	0.999999999994642	-5.35810965366333e-12	2	0	0	9	5448
SM00736	CADG	0.999999999994642	-5.35810965366333e-12	2	0	0	9	5448
SM00004	NL	0.999999999994642	-5.35810965366333e-12	2	0	0	9	5448
SM01374	Ribosomal_L14	0.999999999994642	-5.35810965366333e-12	2	0	0	9	5448
SM01065	CBM_2	0.999999999994642	-5.35810965366333e-12	2	0	0	9	5448
SM00755	Grip	0.999999999994642	-5.35810965366333e-12	2	0	0	9	5448
SM00394	RIIa	0.999999999994642	-5.35810965366333e-12	2	0	0	9	5448
SM01200	FerA	0.999999999994642	-5.35810965366333e-12	2	0	0	9	5448
SM00881	CoA_binding	0.999999999994642	-5.35810965366333e-12	2	0	0	9	5448
SM01270	Longin	0.999999999994642	-5.35810965366333e-12	2	0	0	9	5448
SM00313	PXA	0.999999999994642	-5.35810965366333e-12	2	0	0	9	5448
SM00255	TIR	0.999999999994642	-5.35810965366333e-12	2	0	0	9	5448
SM01263	Leuk-A4-hydro_C	0.999999999994642	-5.35810965366333e-12	2	0	0	9	5448
SM01201	FerB	0.999999999994642	-5.35810965366333e-12	2	0	0	9	5448
SM00438	ZnF_NFX	0.999999999994642	-5.35810965366333e-12	2	0	0	9	5448
SM00153	VHP	0.999999999994642	-5.35810965366333e-12	2	0	0	9	5448
SM01182	EF-1_beta_acid	0.999999999994642	-5.35810965366333e-12	2	0	0	9	5448
SM01142	DSHCT	0.999999999994642	-5.35810965366333e-12	2	0	0	9	5448
SM01002	AlaDh_PNT_C	0.999999999994642	-5.35810965366333e-12	2	0	0	9	5448
SM00662	RPOLD	0.999999999994642	-5.35810965366333e-12	2	0	0	9	5448
SM01011	AMP_N	0.999999999994642	-5.35810965366333e-12	2	0	0	9	5448
SM00891	ERCC4	0.999999999994642	-5.35810965366333e-12	2	0	0	9	5448
SM01166	DUF1899	0.999999999994642	-5.35810965366333e-12	2	0	0	9	5448
SM00521	CBF	0.999999999994642	-5.35810965366333e-12	2	0	0	9	5448
SM00722	CASH	0.999999999994642	-5.35810965366333e-12	2	0	0	9	5448
SM00331	PP2C_SIG	0.999999999994642	-5.35810965366333e-12	2	0	0	9	5448
SM00253	SOCS	0.999999999994642	-5.35810965366333e-12	2	0	0	9	5448
SM00545	JmjN	0.999999999994642	-5.35810965366333e-12	2	0	0	9	5448
SM00307	ILWEQ	0.999999999994642	-5.35810965366333e-12	2	0	0	9	5448
SM00661	RPOL9	0.999999999994642	-5.35810965366333e-12	2	0	0	9	5448
SM00467	GS	0.999999999994642	-5.35810965366333e-12	2	0	0	9	5448
SM00277	GRAN	0.999999999994642	-5.35810965366333e-12	2	0	0	9	5448
SM00785	AARP2CN	0.999999999994642	-5.35810965366333e-12	2	0	0	9	5448
SM00695	DUSP	0.999999999994642	-5.35810965366333e-12	2	0	0	9	5448
SM01132	DIL	0.999999999994642	-5.35810965366333e-12	2	0	0	9	5448
SM00562	NDK	0.999999999994642	-5.35810965366333e-12	2	0	0	9	5448
SM01146	DUF1086	0.999999999994642	-5.35810965366333e-12	2	0	0	9	5448
SM01383	Ribosomal_L2	0.999999999994642	-5.35810965366333e-12	2	0	0	9	5448
SM00592	BRK	0.999999999994642	-5.35810965366333e-12	2	0	0	9	5448
SM00650	rADc	0.999999999994642	-5.35810965366333e-12	2	0	0	9	5448
SM00893	ETF	0.999999999994642	-5.35810965366333e-12	2	0	0	9	5448
SM00300	ChSh	0.999999999994642	-5.35810965366333e-12	2	0	0	9	5448
SM00608	ACR	0.999999999994642	-5.35810965366333e-12	2	0	0	9	5448
SM01376	eIF-5a	0.999999999994642	-5.35810965366333e-12	2	0	0	9	5448
SM00652	eIF1a	0.999999999994642	-5.35810965366333e-12	2	0	0	9	5448
SM00962	SRP54	0.999999999994642	-5.35810965366333e-12	2	0	0	9	5448
SM00018	PD	0.999999999994642	-5.35810965366333e-12	2	0	0	9	5448
SM00583	SPK	0.999999999995023	-4.97725319588163e-12	37	0	0	9	5448
SM00044	CYCc	0.999999999995023	-4.97725319588163e-12	37	0	0	9	5448
SM00551	ZnF_TAZ	0.999999999995215	-4.78476809896916e-12	6	0	0	9	5448
SM00539	NIDO	0.999999999995215	-4.78476809896916e-12	6	0	0	9	5448
SM00855	PGAM	0.999999999995215	-4.78476809896916e-12	6	0	0	9	5448
SM00148	PLCXc	0.999999999995215	-4.78476809896916e-12	6	0	0	9	5448
SM00149	PLCYc	0.999999999995215	-4.78476809896916e-12	6	0	0	9	5448
SM01109	CUT	0.999999999995215	-4.78476809896916e-12	6	0	0	9	5448
SM00091	PAS	0.999999999995215	-4.78476809896916e-12	6	0	0	9	5448
SM00729	Elp3	0.999999999995215	-4.78476809896916e-12	6	0	0	9	5448
SM00316	S1	0.999999999995215	-4.78476809896916e-12	6	0	0	9	5448
SM00537	DCX	0.999999999995215	-4.78476809896916e-12	6	0	0	9	5448
SM00668	CTLH	0.999999999995215	-4.78476809896916e-12	6	0	0	9	5448
SM00543	MIF4G	0.999999999995215	-4.78476809896916e-12	6	0	0	9	5448
SM00093	SERPIN	0.999999999995215	-4.78476809896916e-12	6	0	0	9	5448
SM00046	DAGKc	0.999999999995215	-4.78476809896916e-12	6	0	0	9	5448
SM01329	Iso_dh	0.999999999995215	-4.78476809896916e-12	6	0	0	9	5448
SM00508	PostSET	0.999999999995215	-4.78476809896916e-12	6	0	0	9	5448
SM01057	Carb_anhydrase	0.999999999995215	-4.78476809896916e-12	6	0	0	9	5448
SM00008	HormR	0.999999999995215	-4.78476809896916e-12	6	0	0	9	5448
SM00593	RUN	0.999999999995215	-4.78476809896916e-12	6	0	0	9	5448
SM00720	calpain_III	0.999999999995215	-4.78476809896916e-12	6	0	0	9	5448
SM00229	RasGEFN	0.999999999995215	-4.78476809896916e-12	6	0	0	9	5448
SM00884	Cullin_Nedd8	0.999999999995215	-4.78476809896916e-12	6	0	0	9	5448
SM00838	EFG_C	0.999999999995215	-4.78476809896916e-12	6	0	0	9	5448
SM01332	Cyclin_C	0.999999999995215	-4.78476809896916e-12	6	0	0	9	5448
SM00105	ArfGap	0.999999999995215	-4.78476809896916e-12	6	0	0	9	5448
SM00350	MCM	0.999999999995215	-4.78476809896916e-12	6	0	0	9	5448
SM01375	Dynein_light	0.999999999995215	-4.78476809896916e-12	6	0	0	9	5448
SM00303	GPS	0.999999999995215	-4.78476809896916e-12	6	0	0	9	5448
SM00591	RWD	0.999999999995215	-4.78476809896916e-12	6	0	0	9	5448
SM00211	TY	0.999999999995215	-4.78476809896916e-12	6	0	0	9	5448
SM00273	ENTH	0.999999999995215	-4.78476809896916e-12	6	0	0	9	5448
SM00155	PLDc	0.999999999995215	-4.78476809896916e-12	6	0	0	9	5448
SM00135	LY	0.999999999995215	-4.78476809896916e-12	6	0	0	9	5448
SM00665	B561	0.999999999995215	-4.78476809896916e-12	6	0	0	9	5448
SM00252	SH2	0.999999999995568	-4.43233967801026e-12	53	0	0	9	5448
SM00054	EFh	0.999999999995568	-4.43233967801026e-12	53	0	0	9	5448
SM00908	Gal-bind_lectin	0.999999999996128	-3.8721523487124e-12	25	0	0	9	5448
SM01017	Arrestin_C	0.999999999996128	-3.8721523487124e-12	25	0	0	9	5448
SM00276	GLECT	0.999999999996128	-3.8721523487124e-12	25	0	0	9	5448
SM00213	UBQ	0.999999999996128	-3.8721523487124e-12	25	0	0	9	5448
SM00360	RRM	0.999999999996604	-3.3957060347958e-12	100	0	0	9	5448
SM00194	PTPc	0.999999999996785	-3.2146175674994e-12	78	0	0	9	5448
SM00490	HELICc	0.999999999996785	-3.2146175674994e-12	78	0	0	9	5448
SM00355	ZnF_C2H2	0.999999999996961	-3.03866206722728e-12	135	0	0	9	5448
SM00404	PTPc_motif	0.999999999997115	-2.88492176423655e-12	88	0	0	9	5448
SM00256	FBOX	0.99999999999732	-2.67978734201881e-12	171	0	0	9	5448
SM01381	7TM_GPCR_Srsx	0.999999999997515	-2.48464916742638e-12	76	0	0	9	5448
SM00443	G_patch	0.999999999997775	-2.22471453278801e-12	14	0	0	9	5448
SM00397	t_SNARE	0.999999999997775	-2.22471453278801e-12	14	0	0	9	5448
SM00100	cNMP	0.999999999997775	-2.22471453278801e-12	14	0	0	9	5448
SM00516	SEC14	0.999999999997775	-2.22471453278801e-12	14	0	0	9	5448
SM00195	DSPc	0.999999999997775	-2.22471453278801e-12	14	0	0	9	5448
SM00282	LamG	0.999999999997775	-2.22471453278801e-12	14	0	0	9	5448
SM01250	KAT11	0.999999999997813	-2.18693270957748e-12	1	0	0	9	5448
SM01115	cwf21	0.999999999997813	-2.18693270957748e-12	1	0	0	9	5448
SM01206	Fibrillarin	0.999999999997813	-2.18693270957748e-12	1	0	0	9	5448
SM00811	Alpha_kinase	0.999999999997813	-2.18693270957748e-12	1	0	0	9	5448
SM01384	Ribosomal_L15e	0.999999999997813	-2.18693270957748e-12	1	0	0	9	5448
SM01273	Mago-bind	0.999999999997813	-2.18693270957748e-12	1	0	0	9	5448
SM01377	Ribosomal_L40e	0.999999999997813	-2.18693270957748e-12	1	0	0	9	5448
SM01044	Btz	0.999999999997813	-2.18693270957748e-12	1	0	0	9	5448
SM00417	H4	0.999999999997813	-2.18693270957748e-12	1	0	0	9	5448
SM00733	Mterf	0.999999999997813	-2.18693270957748e-12	1	0	0	9	5448
SM00788	Adenylsucc_synt	0.999999999997813	-2.18693270957748e-12	1	0	0	9	5448
SM00632	Aamy_C	0.999999999997813	-2.18693270957748e-12	1	0	0	9	5448
SM01307	RICTOR_M	0.999999999997813	-2.18693270957748e-12	1	0	0	9	5448
SM00143	PI3K_p85B	0.999999999997813	-2.18693270957748e-12	1	0	0	9	5448
SM00227	NEBU	0.999999999997813	-2.18693270957748e-12	1	0	0	9	5448
SM01181	E2_bind	0.999999999997813	-2.18693270957748e-12	1	0	0	9	5448
SM00536	AXH	0.999999999997813	-2.18693270957748e-12	1	0	0	9	5448
SM01047	C1_4	0.999999999997813	-2.18693270957748e-12	1	0	0	9	5448
SM00553	SEP	0.999999999997813	-2.18693270957748e-12	1	0	0	9	5448
SM01254	KLRAQ	0.999999999997813	-2.18693270957748e-12	1	0	0	9	5448
SM01359	A2M_N_2	0.999999999997813	-2.18693270957748e-12	1	0	0	9	5448
SM00530	HTH_XRE	0.999999999997813	-2.18693270957748e-12	1	0	0	9	5448
SM01393	Ribosomal_L32e	0.999999999997813	-2.18693270957748e-12	1	0	0	9	5448
SM01138	DP	0.999999999997813	-2.18693270957748e-12	1	0	0	9	5448
SM01097	CPSase_sm_chain	0.999999999997813	-2.18693270957748e-12	1	0	0	9	5448
SM01198	FBA	0.999999999997813	-2.18693270957748e-12	1	0	0	9	5448
SM00937	PCRF	0.999999999997813	-2.18693270957748e-12	1	0	0	9	5448
SM01135	DIRP	0.999999999997813	-2.18693270957748e-12	1	0	0	9	5448
SM01367	DUF3452	0.999999999997813	-2.18693270957748e-12	1	0	0	9	5448
SM01016	Arg_tRNA_synt_N	0.999999999997813	-2.18693270957748e-12	1	0	0	9	5448
SM00310	PTBI	0.999999999997813	-2.18693270957748e-12	1	0	0	9	5448
SM00293	PWWP	0.999999999997813	-2.18693270957748e-12	1	0	0	9	5448
SM01380	Ribosomal_L31e	0.999999999997813	-2.18693270957748e-12	1	0	0	9	5448
SM00658	RPOL8c	0.999999999997813	-2.18693270957748e-12	1	0	0	9	5448
SM00892	Endonuclease_NS	0.999999999997813	-2.18693270957748e-12	1	0	0	9	5448
SM00870	Asparaginase	0.999999999997813	-2.18693270957748e-12	1	0	0	9	5448
SM00798	AICARFT_IMPCHas	0.999999999997813	-2.18693270957748e-12	1	0	0	9	5448
SM01075	CDT1	0.999999999997813	-2.18693270957748e-12	1	0	0	9	5448
SM00967	SpoU_sub_bind	0.999999999997813	-2.18693270957748e-12	1	0	0	9	5448
SM00812	Alpha_L_fucos	0.999999999997813	-2.18693270957748e-12	1	0	0	9	5448
SM01001	AIRC	0.999999999997813	-2.18693270957748e-12	1	0	0	9	5448
SM01092	CO_deh_flav_C	0.999999999997813	-2.18693270957748e-12	1	0	0	9	5448
SM01360	A2M	0.999999999997813	-2.18693270957748e-12	1	0	0	9	5448
SM00803	TAF	0.999999999997813	-2.18693270957748e-12	1	0	0	9	5448
SM00882	CoA_trans	0.999999999997813	-2.18693270957748e-12	1	0	0	9	5448
SM01173	DUF4187	0.999999999997813	-2.18693270957748e-12	1	0	0	9	5448
SM00250	PLEC	0.999999999997813	-2.18693270957748e-12	1	0	0	9	5448
SM01144	DTW	0.999999999997813	-2.18693270957748e-12	1	0	0	9	5448
SM00996	AdoHcyase	0.999999999997813	-2.18693270957748e-12	1	0	0	9	5448
SM00746	TRASH	0.999999999997813	-2.18693270957748e-12	1	0	0	9	5448
SM01272	LsmAD	0.999999999997813	-2.18693270957748e-12	1	0	0	9	5448
SM01076	CG-1	0.999999999997813	-2.18693270957748e-12	1	0	0	9	5448
SM00742	Hr1	0.999999999997813	-2.18693270957748e-12	1	0	0	9	5448
SM01096	CPSase_L_D3	0.999999999997813	-2.18693270957748e-12	1	0	0	9	5448
SM01313	Sec3-PIP2_bind	0.999999999997813	-2.18693270957748e-12	1	0	0	9	5448
SM00318	SNc	0.999999999997813	-2.18693270957748e-12	1	0	0	9	5448
SM01186	eIF3_N	0.999999999997813	-2.18693270957748e-12	1	0	0	9	5448
SM01285	FACT-Spt16_Nlob	0.999999999997813	-2.18693270957748e-12	1	0	0	9	5448
SM00761	HDAC_interact	0.999999999997813	-2.18693270957748e-12	1	0	0	9	5448
SM00459	Sorb	0.999999999997813	-2.18693270957748e-12	1	0	0	9	5448
SM01098	CPSF73-100_C	0.999999999997813	-2.18693270957748e-12	1	0	0	9	5448
SM00121	IB	0.999999999997813	-2.18693270957748e-12	1	0	0	9	5448
SM00859	Semialdhyde_dh	0.999999999997813	-2.18693270957748e-12	1	0	0	9	5448
SM01122	DBC1	0.999999999997813	-2.18693270957748e-12	1	0	0	9	5448
SM00946	ProRS-C_1	0.999999999997813	-2.18693270957748e-12	1	0	0	9	5448
SM01311	RPOL_N	0.999999999997813	-2.18693270957748e-12	1	0	0	9	5448
SM00853	MutL_C	0.999999999997813	-2.18693270957748e-12	1	0	0	9	5448
SM00706	TECPR	0.999999999997813	-2.18693270957748e-12	1	0	0	9	5448
SM00478	ENDO3c	0.999999999997813	-2.18693270957748e-12	1	0	0	9	5448
SM00548	IRO	0.999999999997813	-2.18693270957748e-12	1	0	0	9	5448
SM01104	CTD	0.999999999997813	-2.18693270957748e-12	1	0	0	9	5448
SM00692	DM3	0.999999999997813	-2.18693270957748e-12	1	0	0	9	5448
SM00506	A1pp	0.999999999997813	-2.18693270957748e-12	1	0	0	9	5448
SM01069	CDC37_C	0.999999999997813	-2.18693270957748e-12	1	0	0	9	5448
SM01000	Aha1_N	0.999999999997813	-2.18693270957748e-12	1	0	0	9	5448
SM01180	DWNN	0.999999999997813	-2.18693270957748e-12	1	0	0	9	5448
SM00777	Mad3_BUB1_I	0.999999999997813	-2.18693270957748e-12	1	0	0	9	5448
SM00990	VRR_NUC	0.999999999997813	-2.18693270957748e-12	1	0	0	9	5448
SM00997	AdoHcyase_NAD	0.999999999997813	-2.18693270957748e-12	1	0	0	9	5448
SM01013	APC2	0.999999999997813	-2.18693270957748e-12	1	0	0	9	5448
SM00683	DM16	0.999999999997813	-2.18693270957748e-12	1	0	0	9	5448
SM01274	malic	0.999999999997813	-2.18693270957748e-12	1	0	0	9	5448
SM01032	BHD_3	0.999999999997813	-2.18693270957748e-12	1	0	0	9	5448
SM01398	Cornichon	0.999999999997813	-2.18693270957748e-12	1	0	0	9	5448
SM01125	DCP2	0.999999999997813	-2.18693270957748e-12	1	0	0	9	5448
SM00737	ML	0.999999999997813	-2.18693270957748e-12	1	0	0	9	5448
SM00469	WIF	0.999999999997813	-2.18693270957748e-12	1	0	0	9	5448
SM00006	A4_EXTRA	0.999999999997813	-2.18693270957748e-12	1	0	0	9	5448
SM00531	TFIIE	0.999999999997813	-2.18693270957748e-12	1	0	0	9	5448
SM01028	Beta-TrCP_D	0.999999999997813	-2.18693270957748e-12	1	0	0	9	5448
SM01128	DDRGK	0.999999999997813	-2.18693270957748e-12	1	0	0	9	5448
SM00510	TFS2M	0.999999999997813	-2.18693270957748e-12	1	0	0	9	5448
SM00995	AD	0.999999999997813	-2.18693270957748e-12	1	0	0	9	5448
SM01124	DBR1	0.999999999997813	-2.18693270957748e-12	1	0	0	9	5448
SM01241	Integrin_b_cyt	0.999999999997813	-2.18693270957748e-12	1	0	0	9	5448
SM01242	Integrin_B_tail	0.999999999997813	-2.18693270957748e-12	1	0	0	9	5448
SM01233	HABP4_PAI-RBP1	0.999999999997813	-2.18693270957748e-12	1	0	0	9	5448
SM01020	B2-adapt-app_C	0.999999999997813	-2.18693270957748e-12	1	0	0	9	5448
SM00208	TNFR	0.999999999997813	-2.18693270957748e-12	1	0	0	9	5448
SM01051	CAMSAP_CKK	0.999999999997813	-2.18693270957748e-12	1	0	0	9	5448
SM01033	BING4CT	0.999999999997813	-2.18693270957748e-12	1	0	0	9	5448
SM01219	Frataxin_Cyay	0.999999999997813	-2.18693270957748e-12	1	0	0	9	5448
SM01347	Mre11_DNA_bind	0.999999999997813	-2.18693270957748e-12	1	0	0	9	5448
SM01328	zf-3CxxC	0.999999999997813	-2.18693270957748e-12	1	0	0	9	5448
SM00738	NGN	0.999999999997813	-2.18693270957748e-12	1	0	0	9	5448
SM00919	Malic_M	0.999999999997813	-2.18693270957748e-12	1	0	0	9	5448
SM01018	B12-binding_2	0.999999999997813	-2.18693270957748e-12	1	0	0	9	5448
SM00635	BID_2	0.999999999997813	-2.18693270957748e-12	1	0	0	9	5448
SM00518	AP2Ec	0.999999999997813	-2.18693270957748e-12	1	0	0	9	5448
SM00993	YL1_C	0.999999999997813	-2.18693270957748e-12	1	0	0	9	5448
SM00985	UBA_e1_C	0.999999999997813	-2.18693270957748e-12	1	0	0	9	5448
SM00538	POP4	0.999999999997813	-2.18693270957748e-12	1	0	0	9	5448
SM00554	FAS1	0.999999999997813	-2.18693270957748e-12	1	0	0	9	5448
SM00654	eIF6	0.999999999997813	-2.18693270957748e-12	1	0	0	9	5448
SM00983	TPK_B1_binding	0.999999999997813	-2.18693270957748e-12	1	0	0	9	5448
SM00615	EPH_lbd	0.999999999997813	-2.18693270957748e-12	1	0	0	9	5448
SM00684	DM15	0.999999999997813	-2.18693270957748e-12	1	0	0	9	5448
SM00555	GIT	0.999999999997813	-2.18693270957748e-12	1	0	0	9	5448
SM01296	N2227	0.999999999997813	-2.18693270957748e-12	1	0	0	9	5448
SM00934	OMPdecase	0.999999999997813	-2.18693270957748e-12	1	0	0	9	5448
SM00750	KIND	0.999999999997813	-2.18693270957748e-12	1	0	0	9	5448
SM00265	BH4	0.999999999997813	-2.18693270957748e-12	1	0	0	9	5448
SM01085	CK_II_beta	0.999999999997813	-2.18693270957748e-12	1	0	0	9	5448
SM01133	DeoC	0.999999999997813	-2.18693270957748e-12	1	0	0	9	5448
SM01361	A2M_recep	0.999999999997813	-2.18693270957748e-12	1	0	0	9	5448
SM00808	FABD	0.999999999997813	-2.18693270957748e-12	1	0	0	9	5448
SM00709	Zpr1	0.999999999997813	-2.18693270957748e-12	1	0	0	9	5448
SM01210	GARS_C	0.999999999997813	-2.18693270957748e-12	1	0	0	9	5448
SM00455	RBD	0.999999999997813	-2.18693270957748e-12	1	0	0	9	5448
SM01030	BHD_1	0.999999999997813	-2.18693270957748e-12	1	0	0	9	5448
SM00505	Knot1	0.999999999997813	-2.18693270957748e-12	1	0	0	9	5448
SM00986	UDG	0.999999999997813	-2.18693270957748e-12	1	0	0	9	5448
SM00653	eIF2B_5	0.999999999997813	-2.18693270957748e-12	1	0	0	9	5448
SM00477	NUC	0.999999999997813	-2.18693270957748e-12	1	0	0	9	5448
SM01314	SnAC	0.999999999997813	-2.18693270957748e-12	1	0	0	9	5448
SM00643	C345C	0.999999999997813	-2.18693270957748e-12	1	0	0	9	5448
SM01386	Ribosomal_S13_N	0.999999999997813	-2.18693270957748e-12	1	0	0	9	5448
SM01308	RICTOR_N	0.999999999997813	-2.18693270957748e-12	1	0	0	9	5448
SM01371	TFIIA	0.999999999997813	-2.18693270957748e-12	1	0	0	9	5448
SM01192	Enolase_C	0.999999999997813	-2.18693270957748e-12	1	0	0	9	5448
SM01102	CRM1_C	0.999999999997813	-2.18693270957748e-12	1	0	0	9	5448
SM01402	Ribosomal_S27	0.999999999997813	-2.18693270957748e-12	1	0	0	9	5448
SM01397	Ribosomal_S3Ae	0.999999999997813	-2.18693270957748e-12	1	0	0	9	5448
SM00226	LMWPc	0.999999999997813	-2.18693270957748e-12	1	0	0	9	5448
SM01153	DUF1693	0.999999999997813	-2.18693270957748e-12	1	0	0	9	5448
SM00685	DM14	0.999999999997813	-2.18693270957748e-12	1	0	0	9	5448
SM01036	BP28CT	0.999999999997813	-2.18693270957748e-12	1	0	0	9	5448
SM00187	INB	0.999999999997813	-2.18693270957748e-12	1	0	0	9	5448
SM01083	Cir_N	0.999999999997813	-2.18693270957748e-12	1	0	0	9	5448
SM01405	Ribosomal_S6e	0.999999999997813	-2.18693270957748e-12	1	0	0	9	5448
SM01396	BC10	0.999999999997813	-2.18693270957748e-12	1	0	0	9	5448
SM01416	Ribosomal_L19e	0.999999999997813	-2.18693270957748e-12	1	0	0	9	5448
SM00509	TFS2N	0.999999999997813	-2.18693270957748e-12	1	0	0	9	5448
SM01152	DUF167	0.999999999997813	-2.18693270957748e-12	1	0	0	9	5448
SM00998	ADSL_C	0.999999999997813	-2.18693270957748e-12	1	0	0	9	5448
SM01120	Dak2	0.999999999997813	-2.18693270957748e-12	1	0	0	9	5448
SM00278	HhH1	0.999999999997813	-2.18693270957748e-12	1	0	0	9	5448
SM01071	CDC37_N	0.999999999997813	-2.18693270957748e-12	1	0	0	9	5448
SM01413	Ribosomal_S19e	0.999999999997813	-2.18693270957748e-12	1	0	0	9	5448
SM01165	DUF1866	0.999999999997813	-2.18693270957748e-12	1	0	0	9	5448
SM01387	Ribosomal_S15	0.999999999997813	-2.18693270957748e-12	1	0	0	9	5448
SM01395	Tbf5	0.999999999997813	-2.18693270957748e-12	1	0	0	9	5448
SM01077	Cg6151-P	0.999999999997813	-2.18693270957748e-12	1	0	0	9	5448
SM01039	BRICHOS	0.999999999997813	-2.18693270957748e-12	1	0	0	9	5448
SM00874	B5	0.999999999997813	-2.18693270957748e-12	1	0	0	9	5448
SM00206	NTR	0.999999999997813	-2.18693270957748e-12	1	0	0	9	5448
SM01074	Cdc6_C	0.999999999997813	-2.18693270957748e-12	1	0	0	9	5448
SM00896	FDX-ACB	0.999999999997813	-2.18693270957748e-12	1	0	0	9	5448
SM01408	ING	0.999999999997813	-2.18693270957748e-12	1	0	0	9	5448
SM01310	RICTOR_V	0.999999999997813	-2.18693270957748e-12	1	0	0	9	5448
SM01267	LAG1_DNAbind	0.999999999997813	-2.18693270957748e-12	1	0	0	9	5448
SM01023	BAF	0.999999999997813	-2.18693270957748e-12	1	0	0	9	5448
SM01123	DBP10CT	0.999999999997813	-2.18693270957748e-12	1	0	0	9	5448
SM00099	btg1	0.999999999997813	-2.18693270957748e-12	1	0	0	9	5448
SM00928	NADH_4Fe-4S	0.999999999997813	-2.18693270957748e-12	1	0	0	9	5448
SM01176	DUF4208	0.999999999997813	-2.18693270957748e-12	1	0	0	9	5448
SM00515	eIF5C	0.999999999997813	-2.18693270957748e-12	1	0	0	9	5448
SM01335	PADR1	0.999999999997813	-2.18693270957748e-12	1	0	0	9	5448
SM01087	COG6	0.999999999997813	-2.18693270957748e-12	1	0	0	9	5448
SM01183	EF1G	0.999999999997813	-2.18693270957748e-12	1	0	0	9	5448
SM01179	DUF862	0.999999999997813	-2.18693270957748e-12	1	0	0	9	5448
SM00826	PKS_DH	0.999999999997813	-2.18693270957748e-12	1	0	0	9	5448
SM00932	Nfu_N	0.999999999997813	-2.18693270957748e-12	1	0	0	9	5448
SM00762	Cog4	0.999999999997813	-2.18693270957748e-12	1	0	0	9	5448
SM01302	Raptor_N	0.999999999997813	-2.18693270957748e-12	1	0	0	9	5448
SM00321	WSC	0.999999999997813	-2.18693270957748e-12	1	0	0	9	5448
SM01159	DUF1744	0.999999999997813	-2.18693270957748e-12	1	0	0	9	5448
SM01199	FDF	0.999999999997813	-2.18693270957748e-12	1	0	0	9	5448
SM00541	FYRN	0.999999999997813	-2.18693270957748e-12	1	0	0	9	5448
SM00567	EZ_HEAT	0.999999999997813	-2.18693270957748e-12	1	0	0	9	5448
SM00682	G2F	0.999999999997813	-2.18693270957748e-12	1	0	0	9	5448
SM01291	N-SET	0.999999999997813	-2.18693270957748e-12	1	0	0	9	5448
SM01293	DUF3402	0.999999999997813	-2.18693270957748e-12	1	0	0	9	5448
SM01100	CRAL_TRIO_N	0.999999999997813	-2.18693270957748e-12	1	0	0	9	5448
SM01346	DUF3385	0.999999999997813	-2.18693270957748e-12	1	0	0	9	5448
SM01249	KASH	0.999999999997813	-2.18693270957748e-12	1	0	0	9	5448
SM00951	QLQ	0.999999999997813	-2.18693270957748e-12	1	0	0	9	5448
SM00542	FYRC	0.999999999997813	-2.18693270957748e-12	1	0	0	9	5448
SM01024	BCS1_N	0.999999999997813	-2.18693270957748e-12	1	0	0	9	5448
SM01385	DSS1_SEM1	0.999999999997813	-2.18693270957748e-12	1	0	0	9	5448
SM01168	DUF1907	0.999999999997813	-2.18693270957748e-12	1	0	0	9	5448
SM00435	TOPEUc	0.999999999997813	-2.18693270957748e-12	1	0	0	9	5448
SM01268	BTD	0.999999999997813	-2.18693270957748e-12	1	0	0	9	5448
SM01253	Kin17_mid	0.999999999997813	-2.18693270957748e-12	1	0	0	9	5448
SM00078	IlGF	0.999999999997813	-2.18693270957748e-12	1	0	0	9	5448
SM01350	6PGD	0.999999999997813	-2.18693270957748e-12	1	0	0	9	5448
SM00719	Plus3	0.999999999997813	-2.18693270957748e-12	1	0	0	9	5448
SM00659	RPOLCX	0.999999999997813	-2.18693270957748e-12	1	0	0	9	5448
SM00062	PBPb	0.999999999997813	-2.18693270957748e-12	1	0	0	9	5448
SM00711	TDU	0.999999999997813	-2.18693270957748e-12	1	0	0	9	5448
SM00465	GIYc	0.999999999997813	-2.18693270957748e-12	1	0	0	9	5448
SM00984	UDPG_MGDP_dh_C	0.999999999997813	-2.18693270957748e-12	1	0	0	9	5448
SM01281	Med12	0.999999999997813	-2.18693270957748e-12	1	0	0	9	5448
SM00549	TAFH	0.999999999997813	-2.18693270957748e-12	1	0	0	9	5448
SM01136	DKCLD	0.999999999997813	-2.18693270957748e-12	1	0	0	9	5448
SM01118	CYTH	0.999999999997813	-2.18693270957748e-12	1	0	0	9	5448
SM01355	AP3B1_C	0.999999999997813	-2.18693270957748e-12	1	0	0	9	5448
SM01280	Mcm10	0.999999999997813	-2.18693270957748e-12	1	0	0	9	5448
SM00904	Flavokinase	0.999999999997813	-2.18693270957748e-12	1	0	0	9	5448
SM00426	TEA	0.999999999997813	-2.18693270957748e-12	1	0	0	9	5448
SM01284	ECSIT_Cterm	0.999999999997813	-2.18693270957748e-12	1	0	0	9	5448
SM01286	SPT16	0.999999999997813	-2.18693270957748e-12	1	0	0	9	5448
SM01035	BOP1NT	0.999999999997813	-2.18693270957748e-12	1	0	0	9	5448
SM01368	RB_A	0.999999999997813	-2.18693270957748e-12	1	0	0	9	5448
SM01389	Spt4	0.999999999997813	-2.18693270957748e-12	1	0	0	9	5448
SM00698	MORN	0.999999999997813	-2.18693270957748e-12	1	0	0	9	5448
SM01031	BHD_2	0.999999999997813	-2.18693270957748e-12	1	0	0	9	5448
SM00676	DM10	0.999999999997813	-2.18693270957748e-12	1	0	0	9	5448
SM01193	Enolase_N	0.999999999997813	-2.18693270957748e-12	1	0	0	9	5448
SM01137	DMAP_binding	0.999999999997813	-2.18693270957748e-12	1	0	0	9	5448
SM00734	ZnF_Rad18	0.999999999997813	-2.18693270957748e-12	1	0	0	9	5448
SM00828	PKS_MT	0.999999999997813	-2.18693270957748e-12	1	0	0	9	5448
SM01292	N1221	0.999999999997813	-2.18693270957748e-12	1	0	0	9	5448
SM01265	Mab-21	0.999999999997813	-2.18693270957748e-12	1	0	0	9	5448
SM00095	TR_THY	0.999999999997813	-2.18693270957748e-12	1	0	0	9	5448
SM01220	FSA_C	0.999999999997813	-2.18693270957748e-12	1	0	0	9	5448
SM01156	DUF1716	0.999999999997813	-2.18693270957748e-12	1	0	0	9	5448
SM00152	THY	0.999999999997813	-2.18693270957748e-12	1	0	0	9	5448
SM00804	TAP_C	0.999999999997813	-2.18693270957748e-12	1	0	0	9	5448
SM00707	RPEL	0.999999999997813	-2.18693270957748e-12	1	0	0	9	5448
SM01214	Fmp27_GFWDK	0.999999999997813	-2.18693270957748e-12	1	0	0	9	5448
SM00588	NEUZ	0.999999999997813	-2.18693270957748e-12	1	0	0	9	5448
SM01278	MAPKK1_Int	0.999999999997813	-2.18693270957748e-12	1	0	0	9	5448
SM00839	ELFV_dehydrog	0.999999999997813	-2.18693270957748e-12	1	0	0	9	5448
SM00929	NADH-G_4Fe-4S_3	0.999999999997813	-2.18693270957748e-12	1	0	0	9	5448
SM00883	Cpn10	0.999999999997813	-2.18693270957748e-12	1	0	0	9	5448
SM00164	TBC	0.999999999998052	-1.94836679664133e-12	19	0	0	9	5448
SM00456	WW	0.999999999998052	-1.94836679664133e-12	19	0	0	9	5448
SM00129	KISc	0.999999999998052	-1.94836679664133e-12	19	0	0	9	5448
SM00325	RhoGEF	0.999999999998052	-1.94836679664133e-12	19	0	0	9	5448
SM00292	BRCT	0.999999999998052	-1.94836679664133e-12	19	0	0	9	5448
SM00131	KU	0.99999999999838	-1.6202991284587e-12	35	0	0	9	5448
SM00249	PHD	0.99999999999838	-1.6202991284587e-12	35	0	0	9	5448
SM00399	ZnF_C4	0.999999999998605	-1.39482980085083e-12	255	0	0	9	5448
SM00741	SapB	0.999999999998754	-1.24626623795966e-12	23	0	0	9	5448
SM00324	RhoGAP	0.999999999998754	-1.24626623795966e-12	23	0	0	9	5448
SM00192	LDLa	0.999999999998754	-1.24626623795966e-12	23	0	0	9	5448
SM00060	FN3	0.999999999998816	-1.18381036651395e-12	38	0	0	9	5448
SM00369	LRR_TYP	0.999999999998816	-1.18381036651395e-12	38	0	0	9	5448
SM00241	ZP	0.999999999998816	-1.18381036651395e-12	38	0	0	9	5448
SM00233	PH	0.999999999999306	-6.94428182174077e-13	66	0	0	9	5448
SM00220	S_TKc	0.999999999999945	-5.46720641920244e-14	277	0	0	9	5448
SM00254	ShKT	1.00000000000007	7.05545768427591e-14	103	0	0	9	5448
SM00228	PDZ	1.00000000000012	1.21099116514675e-13	54	0	0	9	5448
SM01088	Col_cuticle_N	1.00000000000045	4.53929213608547e-13	156	0	0	9	5448
SM00563	PlsC	1.00000000000138	1.38382595234816e-12	15	0	0	9	5448
SM00865	Tubulin_C	1.00000000000138	1.38382595234816e-12	15	0	0	9	5448
SM00297	BROMO	1.00000000000138	1.38382595234816e-12	15	0	0	9	5448
SM00133	S_TK_X	1.00000000000281	2.80558434530698e-12	20	0	0	9	5448
SM00298	CHROMO	1.00000000000281	2.80558434530698e-12	20	0	0	9	5448
SM00289	WR1	1.00000000000519	5.19325544888805e-12	39	0	0	9	5448
SM00453	WSN	1.00000000000519	5.19325544888805e-12	39	0	0	9	5448
SM00512	Skp1	1.00000000000663	6.62781507691321e-12	22	0	0	9	5448
SM00275	G_alpha	1.00000000000663	6.62781507691321e-12	22	0	0	9	5448
