TermID	Term	Enrichment	logP	Genes in Term	Target Genes in Term	Fraction of Targets in Term	Total Target Genes	Total Genes	Entrez Gene IDs	Gene Symbols
SM00360	RRM	0.00700962962979748	-4.96047041388243	100	4	0.0952380952380952	42	5448	174175,174461,175700,174909	fust-1,sym-2,rbm-42,tiar-2
SM00310	PTBI	0.00770925110134942	-4.86533422954237	1	1	0.0238095238095238	42	5448	186242	rog-1
SM00391	MBD	0.0153604740593102	-4.17595768850253	2	1	0.0238095238095238	42	5448	176078	baz-2
SM00907	GDNF	0.0153604740593102	-4.17595768850253	2	1	0.0238095238095238	42	5448	177049	Y69A2AR.31
SM01415	DUF106	0.0153604740593102	-4.17595768850253	2	1	0.0238095238095238	42	5448	178300	emc-3
SM00209	TSP1	0.0193215299548985	-3.94653526312101	28	2	0.0476190476190476	42	5448	184064,173723	mig-21,Y8A9A.2
SM00571	DDT	0.022954095082444	-3.77425892342833	3	1	0.0238095238095238	42	5448	176078	baz-2
SM01041	BRO1	0.022954095082444	-3.77425892342833	3	1	0.0238095238095238	42	5448	190251	ego-2
SM00102	ADF	0.0304905373238218	-3.49033889518475	4	1	0.0238095238095238	42	5448	181711	twf-2
SM00289	WR1	0.0359151065581653	-3.32659727650543	39	2	0.0476190476190476	42	5448	180825,174864	lgx-1,Y57A10A.24
SM00861	Transket_pyr	0.0379702209082557	-3.27095308678707	5	1	0.0238095238095238	42	5448	179674	ogdh-2
SM00667	LisH	0.060072875920549	-2.81219685511246	8	1	0.0238095238095238	42	5448	174975	sam-10
SM00524	DWB	0.060072875920549	-2.81219685511246	8	1	0.0238095238095238	42	5448	181359	C34E11.2
SM00358	DSRM	0.060072875920549	-2.81219685511246	8	1	0.0238095238095238	42	5448	173331	dus-2
SM00547	ZnF_RBZ	0.060072875920549	-2.81219685511246	8	1	0.0238095238095238	42	5448	174175	fust-1
SM00015	IQ	0.0673296662163247	-2.69815433386595	9	1	0.0238095238095238	42	5448	171650	hum-7
SM00314	RA	0.0673296662163247	-2.69815433386595	9	1	0.0238095238095238	42	5448	171650	hum-7
SM01189	ELM2	0.0673296662163247	-2.69815433386595	9	1	0.0238095238095238	42	5448	178439	Y105C5A.1
SM00361	RRM_1	0.0958138089660742	-2.34534846069705	13	1	0.0238095238095238	42	5448	174909	tiar-2
SM00297	BROMO	0.109735632187727	-2.20968114960388	15	1	0.0238095238095238	42	5448	176078	baz-2
SM00242	MYSc	0.130226837782624	-2.03847744308629	18	1	0.0238095238095238	42	5448	171650	hum-7
SM00275	G_alpha	0.156833602453213	-1.85256989266531	22	1	0.0238095238095238	42	5448	177931	gpa-7
SM00324	RhoGAP	0.163360139256008	-1.81179807211751	23	1	0.0238095238095238	42	5448	171650	hum-7
SM00587	CHK	0.169837351079347	-1.77291405827408	24	1	0.0238095238095238	42	5448	183987	E02C12.6
SM00254	ShKT	0.18803190776969	-1.67114360837417	103	2	0.0476190476190476	42	5448	191247,191558	ZK218.7,ZK1290.10
SM00109	C1	0.213826962439042	-1.54258817777631	31	1	0.0238095238095238	42	5448	171650	hum-7
SM00198	SCP	0.219922452114626	-1.51448028515718	32	1	0.0238095238095238	42	5448	191309	scl-20
SM00249	PHD	0.237933419044303	-1.43576439636322	35	1	0.0238095238095238	42	5448	176078	baz-2
SM00583	SPK	0.249714523251003	-1.38743692058843	37	1	0.0238095238095238	42	5448	191312	ZK402.2
SM00044	CYCc	0.249714523251003	-1.38743692058843	37	1	0.0238095238095238	42	5448	191646	gcy-13
SM00060	FN3	0.255538213886666	-1.36438331540797	38	1	0.0238095238095238	42	5448	177708	C27B7.7
SM00239	C2	0.272745777897077	-1.29921513414284	41	1	0.0238095238095238	42	5448	190956	sas-1
SM00235	ZnMc	0.300565994235034	-1.20208793435982	46	1	0.0238095238095238	42	5448	178595	nas-32
SM00399	ZnF_C4	0.313718474699291	-1.15925927263058	255	3	0.0714285714285714	42	5448	191205,189677,178700	nhr-253,nhr-236,nhr-128
SM00042	CUB	0.322071641372052	-1.1329812694516	50	1	0.0238095238095238	42	5448	188251	clec-20
SM00054	EFh	0.337775914189232	-1.08537257913624	53	1	0.0238095238095238	42	5448	186979	mlc-6
SM00256	FBOX	0.381818294713439	-0.962810451831037	171	2	0.0476190476190476	42	5448	191040,185954	fbxa-63,fbxa-188
SM00181	EGF	0.433759975752731	-0.835263949131979	73	1	0.0238095238095238	42	5448	180825	lgx-1
SM00061	MATH	0.442575365659584	-0.815144511161829	75	1	0.0238095238095238	42	5448	183363	math-21
SM00430	HOLI	0.581053573972267	-0.542912316446246	250	2	0.0476190476190476	42	5448	191205,178700	nhr-253,nhr-128
SM00184	RING	0.586737142634999	-0.533178357341543	113	1	0.0238095238095238	42	5448	177501	F42C5.4
SM00320	WD40	0.630076368027091	-0.461914247852378	127	1	0.0238095238095238	42	5448	175742	Y32H12A.8
SM01088	Col_cuticle_N	0.70620718223454	-0.347846625283918	156	1	0.0238095238095238	42	5448	182802	col-102
SM00034	CLECT	0.80152845383711	-0.221234806830152	205	1	0.0238095238095238	42	5448	188251	clec-20
SM00220	S_TKc	0.889216145931503	-0.117414939239242	277	1	0.0238095238095238	42	5448	175781	daf-4
SM00230	CysPc	0.999999999993699	-6.30062890807232e-12	12	0	0	42	5448
SM00849	Lactamase_B	0.999999999993699	-6.30062890807232e-12	12	0	0	42	5448
SM00829	PKS_ER	0.999999999993699	-6.30062890807232e-12	12	0	0	42	5448
SM00558	JmjC	0.999999999993699	-6.30062890807232e-12	12	0	0	42	5448
SM01337	APC10	0.999999999994354	-5.64576546572867e-12	3	0	0	42	5448
SM00137	MAM	0.999999999994354	-5.64576546572867e-12	3	0	0	42	5448
SM00581	PSP	0.999999999994354	-5.64576546572867e-12	3	0	0	42	5448
SM00648	SWAP	0.999999999994354	-5.64576546572867e-12	3	0	0	42	5448
SM00735	ZM	0.999999999994354	-5.64576546572867e-12	3	0	0	42	5448
SM00488	DEXDc2	0.999999999994354	-5.64576546572867e-12	3	0	0	42	5448
SM00262	GEL	0.999999999994354	-5.64576546572867e-12	3	0	0	42	5448
SM00139	MyTH4	0.999999999994354	-5.64576546572867e-12	3	0	0	42	5448
SM01161	DUF1767	0.999999999994354	-5.64576546572867e-12	3	0	0	42	5448
SM00991	WHEP-TRS	0.999999999994354	-5.64576546572867e-12	3	0	0	42	5448
SM00491	HELICc2	0.999999999994354	-5.64576546572867e-12	3	0	0	42	5448
SM00130	KR	0.999999999994354	-5.64576546572867e-12	3	0	0	42	5448
SM00041	CT	0.999999999994354	-5.64576546572867e-12	3	0	0	42	5448
SM00552	ADEAMc	0.999999999994354	-5.64576546572867e-12	3	0	0	42	5448
SM00352	POU	0.999999999994354	-5.64576546572867e-12	3	0	0	42	5448
SM00723	AMOP	0.999999999994354	-5.64576546572867e-12	3	0	0	42	5448
SM00218	ZU5	0.999999999994354	-5.64576546572867e-12	3	0	0	42	5448
SM00341	HRDC	0.999999999994354	-5.64576546572867e-12	3	0	0	42	5448
SM00823	PKS_PP	0.999999999994354	-5.64576546572867e-12	3	0	0	42	5448
SM00852	MoCF_biosynth	0.999999999994354	-5.64576546572867e-12	3	0	0	42	5448
SM00809	Alpha_adaptinC2	0.999999999994354	-5.64576546572867e-12	3	0	0	42	5448
SM01178	DUF4217	0.999999999994354	-5.64576546572867e-12	3	0	0	42	5448
SM00090	RIO	0.999999999994354	-5.64576546572867e-12	3	0	0	42	5448
SM00392	PROF	0.999999999994354	-5.64576546572867e-12	3	0	0	42	5448
SM01287	Rtt106	0.999999999994354	-5.64576546572867e-12	3	0	0	42	5448
SM01060	Catalase	0.999999999994354	-5.64576546572867e-12	3	0	0	42	5448
SM00280	KAZAL	0.999999999994354	-5.64576546572867e-12	3	0	0	42	5448
SM00916	L51_S25_CI-B8	0.999999999994354	-5.64576546572867e-12	3	0	0	42	5448
SM00434	TOP4c	0.999999999994354	-5.64576546572867e-12	3	0	0	42	5448
SM00715	LA	0.999999999994354	-5.64576546572867e-12	3	0	0	42	5448
SM00773	WGR	0.999999999994354	-5.64576546572867e-12	3	0	0	42	5448
SM00825	PKS_KS	0.999999999994354	-5.64576546572867e-12	3	0	0	42	5448
SM00154	ZnF_AN1	0.999999999994354	-5.64576546572867e-12	3	0	0	42	5448
SM00980	THAP	0.999999999994354	-5.64576546572867e-12	3	0	0	42	5448
SM00134	LU	0.999999999994354	-5.64576546572867e-12	3	0	0	42	5448
SM00166	UBX	0.999999999994354	-5.64576546572867e-12	3	0	0	42	5448
SM01140	Drf_GBD	0.999999999994354	-5.64576546572867e-12	3	0	0	42	5448
SM00085	PA2c	0.999999999994354	-5.64576546572867e-12	3	0	0	42	5448
SM00270	ChtBD1	0.999999999994354	-5.64576546572867e-12	3	0	0	42	5448
SM00237	Calx_beta	0.999999999994354	-5.64576546572867e-12	3	0	0	42	5448
SM00564	PQQ	0.999999999994354	-5.64576546572867e-12	3	0	0	42	5448
SM01139	Drf_FH3	0.999999999994354	-5.64576546572867e-12	3	0	0	42	5448
SM01007	Aldolase_II	0.999999999994354	-5.64576546572867e-12	3	0	0	42	5448
SM00673	CARP	0.999999999994354	-5.64576546572867e-12	3	0	0	42	5448
SM01015	Arfaptin	0.999999999994354	-5.64576546572867e-12	3	0	0	42	5448
SM00441	FF	0.999999999994354	-5.64576546572867e-12	3	0	0	42	5448
SM00142	PI3K_C2	0.999999999994354	-5.64576546572867e-12	3	0	0	42	5448
SM00330	PIPKc	0.999999999994354	-5.64576546572867e-12	3	0	0	42	5448
SM00726	UIM	0.999999999994354	-5.64576546572867e-12	3	0	0	42	5448
SM00243	GAS2	0.999999999994354	-5.64576546572867e-12	3	0	0	42	5448
SM00931	NOSIC	0.999999999994354	-5.64576546572867e-12	3	0	0	42	5448
SM00872	Alpha-mann_mid	0.999999999994354	-5.64576546572867e-12	3	0	0	42	5448
SM00393	R3H	0.999999999994354	-5.64576546572867e-12	3	0	0	42	5448
SM00686	DM13	0.999999999994354	-5.64576546572867e-12	3	0	0	42	5448
SM00053	DYNc	0.999999999994354	-5.64576546572867e-12	3	0	0	42	5448
SM00540	LEM	0.999999999994354	-5.64576546572867e-12	3	0	0	42	5448
SM00570	AWS	0.999999999994354	-5.64576546572867e-12	3	0	0	42	5448
SM00863	tRNA_SAD	0.999999999994354	-5.64576546572867e-12	3	0	0	42	5448
SM00021	DAX	0.999999999994354	-5.64576546572867e-12	3	0	0	42	5448
SM00569	L27	0.999999999994354	-5.64576546572867e-12	3	0	0	42	5448
SM00969	SOCS_box	0.999999999994354	-5.64576546572867e-12	3	0	0	42	5448
SM01218	FoP_duplication	0.999999999994354	-5.64576546572867e-12	3	0	0	42	5448
SM01175	DUF4206	0.999999999994354	-5.64576546572867e-12	3	0	0	42	5448
SM00264	BAG	0.999999999994354	-5.64576546572867e-12	3	0	0	42	5448
SM00704	ZnF_CDGSH	0.999999999994354	-5.64576546572867e-12	3	0	0	42	5448
SM00464	LON	0.999999999994354	-5.64576546572867e-12	3	0	0	42	5448
SM00694	DysFC	0.999999999994354	-5.64576546572867e-12	3	0	0	42	5448
SM01073	CDC48_N	0.999999999994354	-5.64576546572867e-12	3	0	0	42	5448
SM00663	RPOLA_N	0.999999999994354	-5.64576546572867e-12	3	0	0	42	5448
SM00973	Sec63	0.999999999994354	-5.64576546572867e-12	3	0	0	42	5448
SM00359	PUA	0.999999999994354	-5.64576546572867e-12	3	0	0	42	5448
SM00827	PKS_AT	0.999999999994354	-5.64576546572867e-12	3	0	0	42	5448
SM00151	SWIB	0.999999999994354	-5.64576546572867e-12	3	0	0	42	5448
SM00433	TOP2c	0.999999999994354	-5.64576546572867e-12	3	0	0	42	5448
SM00284	OLF	0.999999999994354	-5.64576546572867e-12	3	0	0	42	5448
SM00231	FA58C	0.999999999994354	-5.64576546572867e-12	3	0	0	42	5448
SM00504	Ubox	0.999999999994354	-5.64576546572867e-12	3	0	0	42	5448
SM00693	DysFN	0.999999999994354	-5.64576546572867e-12	3	0	0	42	5448
SM00261	FU	0.999999999994354	-5.64576546572867e-12	3	0	0	42	5448
SM01403	Ribosomal_S10	0.999999999994354	-5.64576546572867e-12	3	0	0	42	5448
SM00315	RGS	0.99999999999541	-4.58962371842374e-12	18	0	0	42	5448
SM00385	CYCLIN	0.99999999999541	-4.58962371842374e-12	18	0	0	42	5448
SM00949	PAZ	0.99999999999541	-4.58962371842374e-12	18	0	0	42	5448
SM00339	FH	0.99999999999541	-4.58962371842374e-12	18	0	0	42	5448
SM00295	B41	0.99999999999541	-4.58962371842374e-12	18	0	0	42	5448
SM00182	CULLIN	0.999999999995466	-4.53445687808217e-12	7	0	0	42	5448
SM00948	Proteasome_A_N	0.999999999995466	-4.53445687808217e-12	7	0	0	42	5448
SM00165	UBA	0.999999999995466	-4.53445687808217e-12	7	0	0	42	5448
SM00216	VWD	0.999999999995466	-4.53445687808217e-12	7	0	0	42	5448
SM00664	DoH	0.999999999995466	-4.53445687808217e-12	7	0	0	42	5448
SM00386	HAT	0.999999999995466	-4.53445687808217e-12	7	0	0	42	5448
SM00513	SAP	0.999999999995466	-4.53445687808217e-12	7	0	0	42	5448
SM00526	H15	0.999999999995466	-4.53445687808217e-12	7	0	0	42	5448
SM00498	FH2	0.999999999995466	-4.53445687808217e-12	7	0	0	42	5448
SM00055	FCH	0.999999999995466	-4.53445687808217e-12	7	0	0	42	5448
SM00396	ZnF_UBR1	0.999999999995466	-4.53445687808217e-12	7	0	0	42	5448
SM00032	CCP	0.999999999995466	-4.53445687808217e-12	7	0	0	42	5448
SM00150	SPEC	0.999999999995466	-4.53445687808217e-12	7	0	0	42	5448
SM00523	DWA	0.999999999995466	-4.53445687808217e-12	7	0	0	42	5448
SM00234	START	0.999999999995466	-4.53445687808217e-12	7	0	0	42	5448
SM00744	RINGv	0.999999999995466	-4.53445687808217e-12	7	0	0	42	5448
SM00232	JAB_MPN	0.999999999995466	-4.53445687808217e-12	7	0	0	42	5448
SM00636	Glyco_18	0.999999999995491	-4.50846420743722e-12	31	0	0	42	5448
SM00651	Sm	0.999999999996438	-3.56170749742781e-12	17	0	0	42	5448
SM01048	C6	0.999999999996438	-3.56170749742781e-12	17	0	0	42	5448
SM00338	BRLZ	0.999999999996438	-3.56170749742781e-12	17	0	0	42	5448
SM00454	SAM	0.999999999996438	-3.56170749742781e-12	17	0	0	42	5448
SM01190	EMP24_GP25L	0.999999999996671	-3.3286815982946e-12	8	0	0	42	5448
SM00285	PBD	0.999999999996671	-3.3286815982946e-12	8	0	0	42	5448
SM01349	TOG	0.999999999996671	-3.3286815982946e-12	8	0	0	42	5448
SM00458	RICIN	0.999999999996671	-3.3286815982946e-12	8	0	0	42	5448
SM00082	LRRCT	0.999999999996671	-3.3286815982946e-12	8	0	0	42	5448
SM00274	FOLN	0.999999999996671	-3.3286815982946e-12	8	0	0	42	5448
SM00413	ETS	0.999999999996671	-3.3286815982946e-12	8	0	0	42	5448
SM00147	RasGEF	0.999999999996671	-3.3286815982946e-12	8	0	0	42	5448
SM00333	TUDOR	0.999999999996671	-3.3286815982946e-12	8	0	0	42	5448
SM00033	CH	0.999999999997661	-2.33865412440802e-12	24	0	0	42	5448
SM00645	Pept_C1	0.999999999997908	-2.09221706011691e-12	29	0	0	42	5448
SM00429	IPT	0.999999999998459	-1.54107487709369e-12	4	0	0	42	5448
SM00568	GRAM	0.999999999998459	-1.54107487709369e-12	4	0	0	42	5448
SM00546	CUE	0.999999999998459	-1.54107487709369e-12	4	0	0	42	5448
SM00258	SAND	0.999999999998459	-1.54107487709369e-12	4	0	0	42	5448
SM00390	GoLoco	0.999999999998459	-1.54107487709369e-12	4	0	0	42	5448
SM00027	EH	0.999999999998459	-1.54107487709369e-12	4	0	0	42	5448
SM00913	IBN_N	0.999999999998459	-1.54107487709369e-12	4	0	0	42	5448
SM01388	Mob1_phocein	0.999999999998459	-1.54107487709369e-12	4	0	0	42	5448
SM01027	Beta-Casp	0.999999999998459	-1.54107487709369e-12	4	0	0	42	5448
SM00406	IGv	0.999999999998459	-1.54107487709369e-12	4	0	0	42	5448
SM00444	GYF	0.999999999998459	-1.54107487709369e-12	4	0	0	42	5448
SM00335	ANX	0.999999999998459	-1.54107487709369e-12	4	0	0	42	5448
SM00485	XPGN	0.999999999998459	-1.54107487709369e-12	4	0	0	42	5448
SM00533	MUTSd	0.999999999998459	-1.54107487709369e-12	4	0	0	42	5448
SM00666	PB1	0.999999999998459	-1.54107487709369e-12	4	0	0	42	5448
SM00446	LRRcap	0.999999999998459	-1.54107487709369e-12	4	0	0	42	5448
SM00427	H2B	0.999999999998459	-1.54107487709369e-12	4	0	0	42	5448
SM00440	ZnF_C2C2	0.999999999998459	-1.54107487709369e-12	4	0	0	42	5448
SM00145	PI3Ka	0.999999999998459	-1.54107487709369e-12	4	0	0	42	5448
SM00281	LamB	0.999999999998459	-1.54107487709369e-12	4	0	0	42	5448
SM00679	CTNS	0.999999999998459	-1.54107487709369e-12	4	0	0	42	5448
SM00246	WH2	0.999999999998459	-1.54107487709369e-12	4	0	0	42	5448
SM00439	BAH	0.999999999998459	-1.54107487709369e-12	4	0	0	42	5448
SM00217	WAP	0.999999999998459	-1.54107487709369e-12	4	0	0	42	5448
SM00484	XPGI	0.999999999998459	-1.54107487709369e-12	4	0	0	42	5448
SM00727	STI1	0.999999999998459	-1.54107487709369e-12	4	0	0	42	5448
SM00678	WWE	0.999999999998459	-1.54107487709369e-12	4	0	0	42	5448
SM00642	Aamy	0.999999999998459	-1.54107487709369e-12	4	0	0	42	5448
SM00463	SMR	0.999999999998459	-1.54107487709369e-12	4	0	0	42	5448
SM00889	EFG_IV	0.999999999998459	-1.54107487709369e-12	4	0	0	42	5448
SM00846	Gp_dh_N	0.999999999998459	-1.54107487709369e-12	4	0	0	42	5448
SM01053	CaMBD	0.999999999998459	-1.54107487709369e-12	4	0	0	42	5448
SM00050	DISIN	0.999999999998459	-1.54107487709369e-12	4	0	0	42	5448
SM00279	HhH2	0.999999999998459	-1.54107487709369e-12	4	0	0	42	5448
SM01026	Beach	0.999999999998459	-1.54107487709369e-12	4	0	0	42	5448
SM00288	VHS	0.999999999998459	-1.54107487709369e-12	4	0	0	42	5448
SM00604	MD	0.999999999998459	-1.54107487709369e-12	4	0	0	42	5448
SM00115	CASc	0.999999999998459	-1.54107487709369e-12	4	0	0	42	5448
SM01372	E2F_TDP	0.999999999998459	-1.54107487709369e-12	4	0	0	42	5448
SM01343	FATC	0.999999999998459	-1.54107487709369e-12	4	0	0	42	5448
SM00534	MUTSac	0.999999999998459	-1.54107487709369e-12	4	0	0	42	5448
SM00474	35EXOc	0.999999999998459	-1.54107487709369e-12	4	0	0	42	5448
SM01195	FA	0.999999999998459	-1.54107487709369e-12	4	0	0	42	5448
SM00013	LRRNT	0.999999999998459	-1.54107487709369e-12	4	0	0	42	5448
SM00745	MIT	0.999999999998459	-1.54107487709369e-12	4	0	0	42	5448
SM00584	TLDc	0.999999999998459	-1.54107487709369e-12	4	0	0	42	5448
SM00387	HATPase_c	0.999999999998459	-1.54107487709369e-12	4	0	0	42	5448
SM01330	Frizzled	0.999999999998459	-1.54107487709369e-12	4	0	0	42	5448
SM00557	IG_FLMN	0.999999999998459	-1.54107487709369e-12	4	0	0	42	5448
SM00674	CENPB	0.999999999998459	-1.54107487709369e-12	4	0	0	42	5448
SM00224	GGL	0.999999999998459	-1.54107487709369e-12	4	0	0	42	5448
SM00326	SH3	0.999999999998963	-1.03673741934814e-12	57	0	0	42	5448
SM00292	BRCT	0.99999999999919	-8.09959390756904e-13	19	0	0	42	5448
SM00325	RhoGEF	0.99999999999919	-8.09959390756904e-13	19	0	0	42	5448
SM00164	TBC	0.99999999999919	-8.09959390756904e-13	19	0	0	42	5448
SM00129	KISc	0.99999999999919	-8.09959390756904e-13	19	0	0	42	5448
SM00456	WW	0.99999999999919	-8.09959390756904e-13	19	0	0	42	5448
SM00595	MADF	0.999999999999428	-5.71639604674244e-13	9	0	0	42	5448
SM00848	Inhibitor_I29	0.999999999999428	-5.71639604674244e-13	9	0	0	42	5448
SM00116	CBS	0.999999999999428	-5.71639604674244e-13	9	0	0	42	5448
SM00494	ChtBD2	0.999999999999428	-5.71639604674244e-13	9	0	0	42	5448
SM00471	HDc	0.999999999999428	-5.71639604674244e-13	9	0	0	42	5448
SM00072	GuKc	0.999999999999428	-5.71639604674244e-13	9	0	0	42	5448
SM00724	TLC	0.999999999999428	-5.71639604674244e-13	9	0	0	42	5448
SM00119	HECTc	0.999999999999428	-5.71639604674244e-13	9	0	0	42	5448
SM00451	ZnF_U1	0.999999999999428	-5.71639604674244e-13	9	0	0	42	5448
SM00049	DEP	0.999999999999428	-5.71639604674244e-13	9	0	0	42	5448
SM00079	PBPe	0.999999999999428	-5.71639604674244e-13	9	0	0	42	5448
SM00428	H3	0.999999999999428	-5.71639604674244e-13	9	0	0	42	5448
SM00328	BPI1	0.999999999999428	-5.71639604674244e-13	9	0	0	42	5448
SM00702	P4Hc	0.999999999999428	-5.71639604674244e-13	9	0	0	42	5448
SM00918	Lig_chan-Glu_bd	0.999999999999428	-5.71639604674244e-13	9	0	0	42	5448
SM01117	Cyt-b5	0.999999999999428	-5.71639604674244e-13	9	0	0	42	5448
SM00502	BBC	0.999999999999671	-3.28637590151813e-13	5	0	0	42	5448
SM00630	Sema	0.999999999999671	-3.28637590151813e-13	5	0	0	42	5448
SM00367	LRR_CC	0.999999999999671	-3.28637590151813e-13	5	0	0	42	5448
SM00136	LamNT	0.999999999999671	-3.28637590151813e-13	5	0	0	42	5448
SM00577	CPDc	0.999999999999671	-3.28637590151813e-13	5	0	0	42	5448
SM01163	DUF1785	0.999999999999671	-3.28637590151813e-13	5	0	0	42	5448
SM00710	PbH1	0.999999999999671	-3.28637590151813e-13	5	0	0	42	5448
SM00222	Sec7	0.999999999999671	-3.28637590151813e-13	5	0	0	42	5448
SM00036	CNH	0.999999999999671	-3.28637590151813e-13	5	0	0	42	5448
SM00423	PSI	0.999999999999671	-3.28637590151813e-13	5	0	0	42	5448
SM00186	FBG	0.999999999999671	-3.28637590151813e-13	5	0	0	42	5448
SM00801	dDENN	0.999999999999671	-3.28637590151813e-13	5	0	0	42	5448
SM00045	DAGKa	0.999999999999671	-3.28637590151813e-13	5	0	0	42	5448
SM00879	Brix	0.999999999999671	-3.28637590151813e-13	5	0	0	42	5448
SM00486	POLBc	0.999999999999671	-3.28637590151813e-13	5	0	0	42	5448
SM00501	BRIGHT	0.999999999999671	-3.28637590151813e-13	5	0	0	42	5448
SM00014	acidPPc	0.999999999999671	-3.28637590151813e-13	5	0	0	42	5448
SM00739	KOW	0.999999999999671	-3.28637590151813e-13	5	0	0	42	5448
SM01411	Ephrin_rec_like	0.999999999999671	-3.28637590151813e-13	5	0	0	42	5448
SM00120	HX	0.999999999999671	-3.28637590151813e-13	5	0	0	42	5448
SM00414	H2A	0.999999999999671	-3.28637590151813e-13	5	0	0	42	5448
SM00461	WH1	0.999999999999671	-3.28637590151813e-13	5	0	0	42	5448
SM00730	PSN	0.999999999999671	-3.28637590151813e-13	5	0	0	42	5448
SM00721	BAR	0.999999999999671	-3.28637590151813e-13	5	0	0	42	5448
SM00878	Biotin_carb_C	0.999999999999671	-3.28637590151813e-13	5	0	0	42	5448
SM00799	DENN	0.999999999999671	-3.28637590151813e-13	5	0	0	42	5448
SM01052	CAP_GLY	0.999999999999671	-3.28637590151813e-13	5	0	0	42	5448
SM00582	RPR	0.999999999999671	-3.28637590151813e-13	5	0	0	42	5448
SM00357	CSP	0.999999999999671	-3.28637590151813e-13	5	0	0	42	5448
SM01230	Gln-synt_C	0.999999999999671	-3.28637590151813e-13	5	0	0	42	5448
SM00204	TGFB	0.999999999999671	-3.28637590151813e-13	5	0	0	42	5448
SM00063	FRI	0.999999999999671	-3.28637590151813e-13	5	0	0	42	5448
SM00968	SMC_hinge	0.999999999999671	-3.28637590151813e-13	5	0	0	42	5448
SM00670	PINc	0.999999999999671	-3.28637590151813e-13	5	0	0	42	5448
SM00257	LysM	0.999999999999671	-3.28637590151813e-13	5	0	0	42	5448
SM00638	LPD_N	0.999999999999671	-3.28637590151813e-13	5	0	0	42	5448
SM00503	SynN	0.999999999999671	-3.28637590151813e-13	5	0	0	42	5448
SM00800	uDENN	0.999999999999671	-3.28637590151813e-13	5	0	0	42	5448
SM00128	IPPc	0.999999999999671	-3.28637590151813e-13	5	0	0	42	5448
SM00005	DEATH	0.999999999999671	-3.28637590151813e-13	5	0	0	42	5448
SM00614	ZnF_BED	0.999999999999671	-3.28637590151813e-13	5	0	0	42	5448
SM00290	ZnF_UBP	0.999999999999671	-3.28637590151813e-13	5	0	0	42	5448
SM01169	DUF1943	0.999999999999671	-3.28637590151813e-13	5	0	0	42	5448
SM00205	THN	0.999999999999671	-3.28637590151813e-13	5	0	0	42	5448
SM00097	WNT1	0.999999999999671	-3.28637590151813e-13	5	0	0	42	5448
SM00248	ANK	0.999999999999727	-2.7295430549182e-13	77	0	0	42	5448
SM00322	KH	1.00000000000006	6.29169599449223e-14	27	0	0	42	5448
SM00078	IlGF	1.0000000000005	4.96844752839731e-13	1	0	0	42	5448
SM00536	AXH	1.0000000000005	4.96844752839731e-13	1	0	0	42	5448
SM01075	CDT1	1.0000000000005	4.96844752839731e-13	1	0	0	42	5448
SM00548	IRO	1.0000000000005	4.96844752839731e-13	1	0	0	42	5448
SM01380	Ribosomal_L31e	1.0000000000005	4.96844752839731e-13	1	0	0	42	5448
SM00659	RPOLCX	1.0000000000005	4.96844752839731e-13	1	0	0	42	5448
SM01100	CRAL_TRIO_N	1.0000000000005	4.96844752839731e-13	1	0	0	42	5448
SM01023	BAF	1.0000000000005	4.96844752839731e-13	1	0	0	42	5448
SM00459	Sorb	1.0000000000005	4.96844752839731e-13	1	0	0	42	5448
SM01176	DUF4208	1.0000000000005	4.96844752839731e-13	1	0	0	42	5448
SM01272	LsmAD	1.0000000000005	4.96844752839731e-13	1	0	0	42	5448
SM01286	SPT16	1.0000000000005	4.96844752839731e-13	1	0	0	42	5448
SM00510	TFS2M	1.0000000000005	4.96844752839731e-13	1	0	0	42	5448
SM01280	Mcm10	1.0000000000005	4.96844752839731e-13	1	0	0	42	5448
SM00719	Plus3	1.0000000000005	4.96844752839731e-13	1	0	0	42	5448
SM00698	MORN	1.0000000000005	4.96844752839731e-13	1	0	0	42	5448
SM01030	BHD_1	1.0000000000005	4.96844752839731e-13	1	0	0	42	5448
SM00804	TAP_C	1.0000000000005	4.96844752839731e-13	1	0	0	42	5448
SM01096	CPSase_L_D3	1.0000000000005	4.96844752839731e-13	1	0	0	42	5448
SM01104	CTD	1.0000000000005	4.96844752839731e-13	1	0	0	42	5448
SM00554	FAS1	1.0000000000005	4.96844752839731e-13	1	0	0	42	5448
SM00227	NEBU	1.0000000000005	4.96844752839731e-13	1	0	0	42	5448
SM00509	TFS2N	1.0000000000005	4.96844752839731e-13	1	0	0	42	5448
SM01024	BCS1_N	1.0000000000005	4.96844752839731e-13	1	0	0	42	5448
SM01292	N1221	1.0000000000005	4.96844752839731e-13	1	0	0	42	5448
SM01069	CDC37_C	1.0000000000005	4.96844752839731e-13	1	0	0	42	5448
SM01123	DBP10CT	1.0000000000005	4.96844752839731e-13	1	0	0	42	5448
SM01077	Cg6151-P	1.0000000000005	4.96844752839731e-13	1	0	0	42	5448
SM01206	Fibrillarin	1.0000000000005	4.96844752839731e-13	1	0	0	42	5448
SM00951	QLQ	1.0000000000005	4.96844752839731e-13	1	0	0	42	5448
SM00811	Alpha_kinase	1.0000000000005	4.96844752839731e-13	1	0	0	42	5448
SM01000	Aha1_N	1.0000000000005	4.96844752839731e-13	1	0	0	42	5448
SM00541	FYRN	1.0000000000005	4.96844752839731e-13	1	0	0	42	5448
SM01367	DUF3452	1.0000000000005	4.96844752839731e-13	1	0	0	42	5448
SM01138	DP	1.0000000000005	4.96844752839731e-13	1	0	0	42	5448
SM01173	DUF4187	1.0000000000005	4.96844752839731e-13	1	0	0	42	5448
SM00555	GIT	1.0000000000005	4.96844752839731e-13	1	0	0	42	5448
SM01074	Cdc6_C	1.0000000000005	4.96844752839731e-13	1	0	0	42	5448
SM01253	Kin17_mid	1.0000000000005	4.96844752839731e-13	1	0	0	42	5448
SM00733	Mterf	1.0000000000005	4.96844752839731e-13	1	0	0	42	5448
SM00518	AP2Ec	1.0000000000005	4.96844752839731e-13	1	0	0	42	5448
SM01405	Ribosomal_S6e	1.0000000000005	4.96844752839731e-13	1	0	0	42	5448
SM00426	TEA	1.0000000000005	4.96844752839731e-13	1	0	0	42	5448
SM00932	Nfu_N	1.0000000000005	4.96844752839731e-13	1	0	0	42	5448
SM01267	LAG1_DNAbind	1.0000000000005	4.96844752839731e-13	1	0	0	42	5448
SM00761	HDAC_interact	1.0000000000005	4.96844752839731e-13	1	0	0	42	5448
SM00549	TAFH	1.0000000000005	4.96844752839731e-13	1	0	0	42	5448
SM00152	THY	1.0000000000005	4.96844752839731e-13	1	0	0	42	5448
SM00505	Knot1	1.0000000000005	4.96844752839731e-13	1	0	0	42	5448
SM00143	PI3K_p85B	1.0000000000005	4.96844752839731e-13	1	0	0	42	5448
SM00278	HhH1	1.0000000000005	4.96844752839731e-13	1	0	0	42	5448
SM01179	DUF862	1.0000000000005	4.96844752839731e-13	1	0	0	42	5448
SM00435	TOPEUc	1.0000000000005	4.96844752839731e-13	1	0	0	42	5448
SM01265	Mab-21	1.0000000000005	4.96844752839731e-13	1	0	0	42	5448
SM01028	Beta-TrCP_D	1.0000000000005	4.96844752839731e-13	1	0	0	42	5448
SM01408	ING	1.0000000000005	4.96844752839731e-13	1	0	0	42	5448
SM00711	TDU	1.0000000000005	4.96844752839731e-13	1	0	0	42	5448
SM00928	NADH_4Fe-4S	1.0000000000005	4.96844752839731e-13	1	0	0	42	5448
SM00654	eIF6	1.0000000000005	4.96844752839731e-13	1	0	0	42	5448
SM01210	GARS_C	1.0000000000005	4.96844752839731e-13	1	0	0	42	5448
SM00653	eIF2B_5	1.0000000000005	4.96844752839731e-13	1	0	0	42	5448
SM01254	KLRAQ	1.0000000000005	4.96844752839731e-13	1	0	0	42	5448
SM01152	DUF167	1.0000000000005	4.96844752839731e-13	1	0	0	42	5448
SM00892	Endonuclease_NS	1.0000000000005	4.96844752839731e-13	1	0	0	42	5448
SM01036	BP28CT	1.0000000000005	4.96844752839731e-13	1	0	0	42	5448
SM00684	DM15	1.0000000000005	4.96844752839731e-13	1	0	0	42	5448
SM01249	KASH	1.0000000000005	4.96844752839731e-13	1	0	0	42	5448
SM01214	Fmp27_GFWDK	1.0000000000005	4.96844752839731e-13	1	0	0	42	5448
SM01031	BHD_2	1.0000000000005	4.96844752839731e-13	1	0	0	42	5448
SM01128	DDRGK	1.0000000000005	4.96844752839731e-13	1	0	0	42	5448
SM01387	Ribosomal_S15	1.0000000000005	4.96844752839731e-13	1	0	0	42	5448
SM01159	DUF1744	1.0000000000005	4.96844752839731e-13	1	0	0	42	5448
SM01377	Ribosomal_L40e	1.0000000000005	4.96844752839731e-13	1	0	0	42	5448
SM01071	CDC37_N	1.0000000000005	4.96844752839731e-13	1	0	0	42	5448
SM00515	eIF5C	1.0000000000005	4.96844752839731e-13	1	0	0	42	5448
SM00853	MutL_C	1.0000000000005	4.96844752839731e-13	1	0	0	42	5448
SM01115	cwf21	1.0000000000005	4.96844752839731e-13	1	0	0	42	5448
SM01001	AIRC	1.0000000000005	4.96844752839731e-13	1	0	0	42	5448
SM01136	DKCLD	1.0000000000005	4.96844752839731e-13	1	0	0	42	5448
SM01346	DUF3385	1.0000000000005	4.96844752839731e-13	1	0	0	42	5448
SM01199	FDF	1.0000000000005	4.96844752839731e-13	1	0	0	42	5448
SM01153	DUF1693	1.0000000000005	4.96844752839731e-13	1	0	0	42	5448
SM01416	Ribosomal_L19e	1.0000000000005	4.96844752839731e-13	1	0	0	42	5448
SM00293	PWWP	1.0000000000005	4.96844752839731e-13	1	0	0	42	5448
SM00990	VRR_NUC	1.0000000000005	4.96844752839731e-13	1	0	0	42	5448
SM01020	B2-adapt-app_C	1.0000000000005	4.96844752839731e-13	1	0	0	42	5448
SM01355	AP3B1_C	1.0000000000005	4.96844752839731e-13	1	0	0	42	5448
SM01328	zf-3CxxC	1.0000000000005	4.96844752839731e-13	1	0	0	42	5448
SM00226	LMWPc	1.0000000000005	4.96844752839731e-13	1	0	0	42	5448
SM01310	RICTOR_V	1.0000000000005	4.96844752839731e-13	1	0	0	42	5448
SM00121	IB	1.0000000000005	4.96844752839731e-13	1	0	0	42	5448
SM01144	DTW	1.0000000000005	4.96844752839731e-13	1	0	0	42	5448
SM00478	ENDO3c	1.0000000000005	4.96844752839731e-13	1	0	0	42	5448
SM00531	TFIIE	1.0000000000005	4.96844752839731e-13	1	0	0	42	5448
SM00417	H4	1.0000000000005	4.96844752839731e-13	1	0	0	42	5448
SM00808	FABD	1.0000000000005	4.96844752839731e-13	1	0	0	42	5448
SM00883	Cpn10	1.0000000000005	4.96844752839731e-13	1	0	0	42	5448
SM00937	PCRF	1.0000000000005	4.96844752839731e-13	1	0	0	42	5448
SM01039	BRICHOS	1.0000000000005	4.96844752839731e-13	1	0	0	42	5448
SM01156	DUF1716	1.0000000000005	4.96844752839731e-13	1	0	0	42	5448
SM00929	NADH-G_4Fe-4S_3	1.0000000000005	4.96844752839731e-13	1	0	0	42	5448
SM01296	N2227	1.0000000000005	4.96844752839731e-13	1	0	0	42	5448
SM00993	YL1_C	1.0000000000005	4.96844752839731e-13	1	0	0	42	5448
SM00321	WSC	1.0000000000005	4.96844752839731e-13	1	0	0	42	5448
SM01097	CPSase_sm_chain	1.0000000000005	4.96844752839731e-13	1	0	0	42	5448
SM01398	Cornichon	1.0000000000005	4.96844752839731e-13	1	0	0	42	5448
SM00788	Adenylsucc_synt	1.0000000000005	4.96844752839731e-13	1	0	0	42	5448
SM00683	DM16	1.0000000000005	4.96844752839731e-13	1	0	0	42	5448
SM00997	AdoHcyase_NAD	1.0000000000005	4.96844752839731e-13	1	0	0	42	5448
SM00828	PKS_MT	1.0000000000005	4.96844752839731e-13	1	0	0	42	5448
SM01281	Med12	1.0000000000005	4.96844752839731e-13	1	0	0	42	5448
SM00777	Mad3_BUB1_I	1.0000000000005	4.96844752839731e-13	1	0	0	42	5448
SM01250	KAT11	1.0000000000005	4.96844752839731e-13	1	0	0	42	5448
SM00934	OMPdecase	1.0000000000005	4.96844752839731e-13	1	0	0	42	5448
SM01220	FSA_C	1.0000000000005	4.96844752839731e-13	1	0	0	42	5448
SM00206	NTR	1.0000000000005	4.96844752839731e-13	1	0	0	42	5448
SM00553	SEP	1.0000000000005	4.96844752839731e-13	1	0	0	42	5448
SM01385	DSS1_SEM1	1.0000000000005	4.96844752839731e-13	1	0	0	42	5448
SM00998	ADSL_C	1.0000000000005	4.96844752839731e-13	1	0	0	42	5448
SM01386	Ribosomal_S13_N	1.0000000000005	4.96844752839731e-13	1	0	0	42	5448
SM01361	A2M_recep	1.0000000000005	4.96844752839731e-13	1	0	0	42	5448
SM01044	Btz	1.0000000000005	4.96844752839731e-13	1	0	0	42	5448
SM01393	Ribosomal_L32e	1.0000000000005	4.96844752839731e-13	1	0	0	42	5448
SM01219	Frataxin_Cyay	1.0000000000005	4.96844752839731e-13	1	0	0	42	5448
SM00709	Zpr1	1.0000000000005	4.96844752839731e-13	1	0	0	42	5448
SM01359	A2M_N_2	1.0000000000005	4.96844752839731e-13	1	0	0	42	5448
SM01335	PADR1	1.0000000000005	4.96844752839731e-13	1	0	0	42	5448
SM00615	EPH_lbd	1.0000000000005	4.96844752839731e-13	1	0	0	42	5448
SM01186	eIF3_N	1.0000000000005	4.96844752839731e-13	1	0	0	42	5448
SM01085	CK_II_beta	1.0000000000005	4.96844752839731e-13	1	0	0	42	5448
SM00737	ML	1.0000000000005	4.96844752839731e-13	1	0	0	42	5448
SM00567	EZ_HEAT	1.0000000000005	4.96844752839731e-13	1	0	0	42	5448
SM01413	Ribosomal_S19e	1.0000000000005	4.96844752839731e-13	1	0	0	42	5448
SM00946	ProRS-C_1	1.0000000000005	4.96844752839731e-13	1	0	0	42	5448
SM00919	Malic_M	1.0000000000005	4.96844752839731e-13	1	0	0	42	5448
SM00707	RPEL	1.0000000000005	4.96844752839731e-13	1	0	0	42	5448
SM01396	BC10	1.0000000000005	4.96844752839731e-13	1	0	0	42	5448
SM00967	SpoU_sub_bind	1.0000000000005	4.96844752839731e-13	1	0	0	42	5448
SM01273	Mago-bind	1.0000000000005	4.96844752839731e-13	1	0	0	42	5448
SM01293	DUF3402	1.0000000000005	4.96844752839731e-13	1	0	0	42	5448
SM01122	DBC1	1.0000000000005	4.96844752839731e-13	1	0	0	42	5448
SM01291	N-SET	1.0000000000005	4.96844752839731e-13	1	0	0	42	5448
SM01368	RB_A	1.0000000000005	4.96844752839731e-13	1	0	0	42	5448
SM00996	AdoHcyase	1.0000000000005	4.96844752839731e-13	1	0	0	42	5448
SM01308	RICTOR_N	1.0000000000005	4.96844752839731e-13	1	0	0	42	5448
SM00588	NEUZ	1.0000000000005	4.96844752839731e-13	1	0	0	42	5448
SM01018	B12-binding_2	1.0000000000005	4.96844752839731e-13	1	0	0	42	5448
SM00762	Cog4	1.0000000000005	4.96844752839731e-13	1	0	0	42	5448
SM00706	TECPR	1.0000000000005	4.96844752839731e-13	1	0	0	42	5448
SM01125	DCP2	1.0000000000005	4.96844752839731e-13	1	0	0	42	5448
SM00506	A1pp	1.0000000000005	4.96844752839731e-13	1	0	0	42	5448
SM00812	Alpha_L_fucos	1.0000000000005	4.96844752839731e-13	1	0	0	42	5448
SM00538	POP4	1.0000000000005	4.96844752839731e-13	1	0	0	42	5448
SM01133	DeoC	1.0000000000005	4.96844752839731e-13	1	0	0	42	5448
SM00265	BH4	1.0000000000005	4.96844752839731e-13	1	0	0	42	5448
SM01124	DBR1	1.0000000000005	4.96844752839731e-13	1	0	0	42	5448
SM00095	TR_THY	1.0000000000005	4.96844752839731e-13	1	0	0	42	5448
SM00874	B5	1.0000000000005	4.96844752839731e-13	1	0	0	42	5448
SM00318	SNc	1.0000000000005	4.96844752839731e-13	1	0	0	42	5448
SM01278	MAPKK1_Int	1.0000000000005	4.96844752839731e-13	1	0	0	42	5448
SM01033	BING4CT	1.0000000000005	4.96844752839731e-13	1	0	0	42	5448
SM01180	DWNN	1.0000000000005	4.96844752839731e-13	1	0	0	42	5448
SM00983	TPK_B1_binding	1.0000000000005	4.96844752839731e-13	1	0	0	42	5448
SM01268	BTD	1.0000000000005	4.96844752839731e-13	1	0	0	42	5448
SM01241	Integrin_b_cyt	1.0000000000005	4.96844752839731e-13	1	0	0	42	5448
SM01350	6PGD	1.0000000000005	4.96844752839731e-13	1	0	0	42	5448
SM00984	UDPG_MGDP_dh_C	1.0000000000005	4.96844752839731e-13	1	0	0	42	5448
SM00635	BID_2	1.0000000000005	4.96844752839731e-13	1	0	0	42	5448
SM01137	DMAP_binding	1.0000000000005	4.96844752839731e-13	1	0	0	42	5448
SM00006	A4_EXTRA	1.0000000000005	4.96844752839731e-13	1	0	0	42	5448
SM00658	RPOL8c	1.0000000000005	4.96844752839731e-13	1	0	0	42	5448
SM01302	Raptor_N	1.0000000000005	4.96844752839731e-13	1	0	0	42	5448
SM01102	CRM1_C	1.0000000000005	4.96844752839731e-13	1	0	0	42	5448
SM01274	malic	1.0000000000005	4.96844752839731e-13	1	0	0	42	5448
SM00062	PBPb	1.0000000000005	4.96844752839731e-13	1	0	0	42	5448
SM01181	E2_bind	1.0000000000005	4.96844752839731e-13	1	0	0	42	5448
SM01168	DUF1907	1.0000000000005	4.96844752839731e-13	1	0	0	42	5448
SM00985	UBA_e1_C	1.0000000000005	4.96844752839731e-13	1	0	0	42	5448
SM01242	Integrin_B_tail	1.0000000000005	4.96844752839731e-13	1	0	0	42	5448
SM01035	BOP1NT	1.0000000000005	4.96844752839731e-13	1	0	0	42	5448
SM00734	ZnF_Rad18	1.0000000000005	4.96844752839731e-13	1	0	0	42	5448
SM00685	DM14	1.0000000000005	4.96844752839731e-13	1	0	0	42	5448
SM01083	Cir_N	1.0000000000005	4.96844752839731e-13	1	0	0	42	5448
SM00187	INB	1.0000000000005	4.96844752839731e-13	1	0	0	42	5448
SM00208	TNFR	1.0000000000005	4.96844752839731e-13	1	0	0	42	5448
SM01087	COG6	1.0000000000005	4.96844752839731e-13	1	0	0	42	5448
SM01192	Enolase_C	1.0000000000005	4.96844752839731e-13	1	0	0	42	5448
SM01135	DIRP	1.0000000000005	4.96844752839731e-13	1	0	0	42	5448
SM00750	KIND	1.0000000000005	4.96844752839731e-13	1	0	0	42	5448
SM01307	RICTOR_M	1.0000000000005	4.96844752839731e-13	1	0	0	42	5448
SM01193	Enolase_N	1.0000000000005	4.96844752839731e-13	1	0	0	42	5448
SM00986	UDG	1.0000000000005	4.96844752839731e-13	1	0	0	42	5448
SM01198	FBA	1.0000000000005	4.96844752839731e-13	1	0	0	42	5448
SM00798	AICARFT_IMPCHas	1.0000000000005	4.96844752839731e-13	1	0	0	42	5448
SM00738	NGN	1.0000000000005	4.96844752839731e-13	1	0	0	42	5448
SM00746	TRASH	1.0000000000005	4.96844752839731e-13	1	0	0	42	5448
SM01016	Arg_tRNA_synt_N	1.0000000000005	4.96844752839731e-13	1	0	0	42	5448
SM01311	RPOL_N	1.0000000000005	4.96844752839731e-13	1	0	0	42	5448
SM00803	TAF	1.0000000000005	4.96844752839731e-13	1	0	0	42	5448
SM01165	DUF1866	1.0000000000005	4.96844752839731e-13	1	0	0	42	5448
SM00882	CoA_trans	1.0000000000005	4.96844752839731e-13	1	0	0	42	5448
SM01032	BHD_3	1.0000000000005	4.96844752839731e-13	1	0	0	42	5448
SM01047	C1_4	1.0000000000005	4.96844752839731e-13	1	0	0	42	5448
SM00643	C345C	1.0000000000005	4.96844752839731e-13	1	0	0	42	5448
SM00477	NUC	1.0000000000005	4.96844752839731e-13	1	0	0	42	5448
SM01347	Mre11_DNA_bind	1.0000000000005	4.96844752839731e-13	1	0	0	42	5448
SM01402	Ribosomal_S27	1.0000000000005	4.96844752839731e-13	1	0	0	42	5448
SM01389	Spt4	1.0000000000005	4.96844752839731e-13	1	0	0	42	5448
SM01285	FACT-Spt16_Nlob	1.0000000000005	4.96844752839731e-13	1	0	0	42	5448
SM00896	FDX-ACB	1.0000000000005	4.96844752839731e-13	1	0	0	42	5448
SM00250	PLEC	1.0000000000005	4.96844752839731e-13	1	0	0	42	5448
SM00530	HTH_XRE	1.0000000000005	4.96844752839731e-13	1	0	0	42	5448
SM00742	Hr1	1.0000000000005	4.96844752839731e-13	1	0	0	42	5448
SM01360	A2M	1.0000000000005	4.96844752839731e-13	1	0	0	42	5448
SM00465	GIYc	1.0000000000005	4.96844752839731e-13	1	0	0	42	5448
SM00632	Aamy_C	1.0000000000005	4.96844752839731e-13	1	0	0	42	5448
SM00682	G2F	1.0000000000005	4.96844752839731e-13	1	0	0	42	5448
SM01183	EF1G	1.0000000000005	4.96844752839731e-13	1	0	0	42	5448
SM01313	Sec3-PIP2_bind	1.0000000000005	4.96844752839731e-13	1	0	0	42	5448
SM00995	AD	1.0000000000005	4.96844752839731e-13	1	0	0	42	5448
SM00692	DM3	1.0000000000005	4.96844752839731e-13	1	0	0	42	5448
SM01051	CAMSAP_CKK	1.0000000000005	4.96844752839731e-13	1	0	0	42	5448
SM00826	PKS_DH	1.0000000000005	4.96844752839731e-13	1	0	0	42	5448
SM01395	Tbf5	1.0000000000005	4.96844752839731e-13	1	0	0	42	5448
SM01013	APC2	1.0000000000005	4.96844752839731e-13	1	0	0	42	5448
SM00859	Semialdhyde_dh	1.0000000000005	4.96844752839731e-13	1	0	0	42	5448
SM01118	CYTH	1.0000000000005	4.96844752839731e-13	1	0	0	42	5448
SM00676	DM10	1.0000000000005	4.96844752839731e-13	1	0	0	42	5448
SM01233	HABP4_PAI-RBP1	1.0000000000005	4.96844752839731e-13	1	0	0	42	5448
SM00839	ELFV_dehydrog	1.0000000000005	4.96844752839731e-13	1	0	0	42	5448
SM01076	CG-1	1.0000000000005	4.96844752839731e-13	1	0	0	42	5448
SM01284	ECSIT_Cterm	1.0000000000005	4.96844752839731e-13	1	0	0	42	5448
SM01314	SnAC	1.0000000000005	4.96844752839731e-13	1	0	0	42	5448
SM01098	CPSF73-100_C	1.0000000000005	4.96844752839731e-13	1	0	0	42	5448
SM01371	TFIIA	1.0000000000005	4.96844752839731e-13	1	0	0	42	5448
SM00099	btg1	1.0000000000005	4.96844752839731e-13	1	0	0	42	5448
SM00542	FYRC	1.0000000000005	4.96844752839731e-13	1	0	0	42	5448
SM00469	WIF	1.0000000000005	4.96844752839731e-13	1	0	0	42	5448
SM01092	CO_deh_flav_C	1.0000000000005	4.96844752839731e-13	1	0	0	42	5448
SM00904	Flavokinase	1.0000000000005	4.96844752839731e-13	1	0	0	42	5448
SM01384	Ribosomal_L15e	1.0000000000005	4.96844752839731e-13	1	0	0	42	5448
SM01120	Dak2	1.0000000000005	4.96844752839731e-13	1	0	0	42	5448
SM01397	Ribosomal_S3Ae	1.0000000000005	4.96844752839731e-13	1	0	0	42	5448
SM00870	Asparaginase	1.0000000000005	4.96844752839731e-13	1	0	0	42	5448
SM00455	RBD	1.0000000000005	4.96844752839731e-13	1	0	0	42	5448
SM00268	ACTIN	1.00000000000077	7.73731560397165e-13	11	0	0	42	5448
SM00112	CA	1.00000000000077	7.73731560397165e-13	11	0	0	42	5448
SM00332	PP2Cc	1.00000000000077	7.73731560397165e-13	11	0	0	42	5448
SM00647	IBR	1.00000000000077	7.73731560397165e-13	11	0	0	42	5448
SM00244	PHB	1.00000000000077	7.73731560397165e-13	11	0	0	42	5448
SM00343	ZnF_C2HC	1.00000000000077	7.73731560397165e-13	11	0	0	42	5448
SM00449	SPRY	1.00000000000077	7.73731560397165e-13	11	0	0	42	5448
SM00301	DM	1.00000000000077	7.73731560397165e-13	11	0	0	42	5448
SM00180	EGF_Lam	1.00000000000077	7.73731560397165e-13	11	0	0	42	5448
SM00831	Cation_ATPase_N	1.00000000000077	7.73731560397165e-13	11	0	0	42	5448
SM00847	HA2	1.00000000000077	7.73731560397165e-13	11	0	0	42	5448
SM00312	PX	1.00000000000077	7.73731560397165e-13	11	0	0	42	5448
SM00025	Pumilio	1.00000000000077	7.73731560397165e-13	11	0	0	42	5448
SM00233	PH	1.00000000000202	2.01912439101535e-12	66	0	0	42	5448
SM00271	DnaJ	1.00000000000218	2.18298188339833e-12	32	0	0	42	5448
SM00356	ZnF_C3H1	1.00000000000218	2.18298188339833e-12	32	0	0	42	5448
SM00020	Tryp_SPc	1.00000000000226	2.2552868079869e-12	10	0	0	42	5448
SM00351	PAX	1.00000000000226	2.2552868079869e-12	10	0	0	42	5448
SM01196	FERM_C	1.00000000000226	2.2552868079869e-12	10	0	0	42	5448
SM00612	Kelch	1.00000000000226	2.2552868079869e-12	10	0	0	42	5448
SM00291	ZnF_ZZ	1.00000000000226	2.2552868079869e-12	10	0	0	42	5448
SM00240	FHA	1.00000000000226	2.2552868079869e-12	10	0	0	42	5448
SM00329	BPI2	1.00000000000226	2.2552868079869e-12	10	0	0	42	5448
SM01391	Filament	1.00000000000226	2.2552868079869e-12	10	0	0	42	5448
SM00051	DSL	1.00000000000226	2.2552868079869e-12	10	0	0	42	5448
SM00306	HintN	1.00000000000226	2.2552868079869e-12	10	0	0	42	5448
SM00146	PI3Kc	1.00000000000226	2.2552868079869e-12	10	0	0	42	5448
SM00185	ARM	1.00000000000226	2.2552868079869e-12	10	0	0	42	5448
SM00479	EXOIII	1.00000000000226	2.2552868079869e-12	10	0	0	42	5448
SM00305	HintC	1.00000000000226	2.2552868079869e-12	10	0	0	42	5448
SM00398	HMG	1.00000000000268	2.68225106398753e-12	16	0	0	42	5448
SM00864	Tubulin	1.00000000000268	2.68225106398753e-12	16	0	0	42	5448
SM00064	FYVE	1.00000000000268	2.68225106398753e-12	16	0	0	42	5448
SM00717	SANT	1.00000000000268	2.68225106398753e-12	16	0	0	42	5448
SM00462	PTB	1.00000000000268	2.68225106398753e-12	16	0	0	42	5448
SM00252	SH2	1.00000000000288	2.88155329335205e-12	53	0	0	42	5448
SM01381	7TM_GPCR_Srsx	1.00000000000296	2.9603577132567e-12	76	0	0	42	5448
SM00213	UBQ	1.00000000000314	3.13682987226629e-12	25	0	0	42	5448
SM00276	GLECT	1.00000000000314	3.13682987226629e-12	25	0	0	42	5448
SM01017	Arrestin_C	1.00000000000314	3.13682987226629e-12	25	0	0	42	5448
SM00908	Gal-bind_lectin	1.00000000000314	3.13682987226629e-12	25	0	0	42	5448
SM00487	DEXDc	1.00000000000332	3.31779524702371e-12	79	0	0	42	5448
SM00631	Zn_pept	1.00000000000334	3.34493973697547e-12	13	0	0	42	5448
SM00613	PAW	1.00000000000334	3.34493973697547e-12	13	0	0	42	5448
SM00401	ZnF_GATA	1.00000000000334	3.34493973697547e-12	13	0	0	42	5448
SM00875	BACK	1.00000000000334	3.34493973697547e-12	13	0	0	42	5448
SM00450	RHOD	1.00000000000334	3.34493973697547e-12	13	0	0	42	5448
SM00088	PINT	1.00000000000334	3.34493973697547e-12	13	0	0	42	5448
SM00714	LITAF	1.00000000000334	3.34493973697547e-12	13	0	0	42	5448
SM00353	HLH	1.0000000000039	3.89693628064495e-12	36	0	0	42	5448
SM00219	TyrKc	1.00000000000418	4.18489430306548e-12	67	0	0	42	5448
SM00114	CARD	1.00000000000474	4.74011877926034e-12	2	0	0	42	5448
SM00160	RanBD	1.00000000000474	4.74011877926034e-12	2	0	0	42	5448
SM01270	Longin	1.00000000000474	4.74011877926034e-12	2	0	0	42	5448
SM01142	DSHCT	1.00000000000474	4.74011877926034e-12	2	0	0	42	5448
SM00144	PI3K_rbd	1.00000000000474	4.74011877926034e-12	2	0	0	42	5448
SM00559	Ku78	1.00000000000474	4.74011877926034e-12	2	0	0	42	5448
SM00661	RPOL9	1.00000000000474	4.74011877926034e-12	2	0	0	42	5448
SM00573	HSA	1.00000000000474	4.74011877926034e-12	2	0	0	42	5448
SM00255	TIR	1.00000000000474	4.74011877926034e-12	2	0	0	42	5448
SM00722	CASH	1.00000000000474	4.74011877926034e-12	2	0	0	42	5448
SM00891	ERCC4	1.00000000000474	4.74011877926034e-12	2	0	0	42	5448
SM00493	TOPRIM	1.00000000000474	4.74011877926034e-12	2	0	0	42	5448
SM00873	B3_4	1.00000000000474	4.74011877926034e-12	2	0	0	42	5448
SM00517	PolyA	1.00000000000474	4.74011877926034e-12	2	0	0	42	5448
SM00592	BRK	1.00000000000474	4.74011877926034e-12	2	0	0	42	5448
SM01072	CDC48_2	1.00000000000474	4.74011877926034e-12	2	0	0	42	5448
SM00851	MGS	1.00000000000474	4.74011877926034e-12	2	0	0	42	5448
SM00238	BIR	1.00000000000474	4.74011877926034e-12	2	0	0	42	5448
SM01084	CKS	1.00000000000474	4.74011877926034e-12	2	0	0	42	5448
SM01338	NOD	1.00000000000474	4.74011877926034e-12	2	0	0	42	5448
SM00437	TOP1Ac	1.00000000000474	4.74011877926034e-12	2	0	0	42	5448
SM00657	RPOL4c	1.00000000000474	4.74011877926034e-12	2	0	0	42	5448
SM00572	DZF	1.00000000000474	4.74011877926034e-12	2	0	0	42	5448
SM00311	PWI	1.00000000000474	4.74011877926034e-12	2	0	0	42	5448
SM01010	AMPKBI	1.00000000000474	4.74011877926034e-12	2	0	0	42	5448
SM00202	SR	1.00000000000474	4.74011877926034e-12	2	0	0	42	5448
SM01269	Lipid_DES	1.00000000000474	4.74011877926034e-12	2	0	0	42	5448
SM00086	PAC	1.00000000000474	4.74011877926034e-12	2	0	0	42	5448
SM01200	FerA	1.00000000000474	4.74011877926034e-12	2	0	0	42	5448
SM01132	DIL	1.00000000000474	4.74011877926034e-12	2	0	0	42	5448
SM00432	MADS	1.00000000000474	4.74011877926034e-12	2	0	0	42	5448
SM00650	rADc	1.00000000000474	4.74011877926034e-12	2	0	0	42	5448
SM00652	eIF1a	1.00000000000474	4.74011877926034e-12	2	0	0	42	5448
SM00101	14_3_3	1.00000000000474	4.74011877926034e-12	2	0	0	42	5448
SM01382	Ribosomal_L2_C	1.00000000000474	4.74011877926034e-12	2	0	0	42	5448
SM00785	AARP2CN	1.00000000000474	4.74011877926034e-12	2	0	0	42	5448
SM01141	DRY_EERY	1.00000000000474	4.74011877926034e-12	2	0	0	42	5448
SM01362	DUF663	1.00000000000474	4.74011877926034e-12	2	0	0	42	5448
SM00731	SprT	1.00000000000474	4.74011877926034e-12	2	0	0	42	5448
SM01011	AMP_N	1.00000000000474	4.74011877926034e-12	2	0	0	42	5448
SM00594	UAS	1.00000000000474	4.74011877926034e-12	2	0	0	42	5448
SM00004	NL	1.00000000000474	4.74011877926034e-12	2	0	0	42	5448
SM00992	YccV-like	1.00000000000474	4.74011877926034e-12	2	0	0	42	5448
SM00500	SFM	1.00000000000474	4.74011877926034e-12	2	0	0	42	5448
SM01399	Sybindin	1.00000000000474	4.74011877926034e-12	2	0	0	42	5448
SM00662	RPOLD	1.00000000000474	4.74011877926034e-12	2	0	0	42	5448
SM01340	DNA_mis_repair	1.00000000000474	4.74011877926034e-12	2	0	0	42	5448
SM00467	GS	1.00000000000474	4.74011877926034e-12	2	0	0	42	5448
SM01008	Ald_Xan_dh_C	1.00000000000474	4.74011877926034e-12	2	0	0	42	5448
SM00415	HSF	1.00000000000474	4.74011877926034e-12	2	0	0	42	5448
SM01070	CDC37_M	1.00000000000474	4.74011877926034e-12	2	0	0	42	5448
SM00775	LNS2	1.00000000000474	4.74011877926034e-12	2	0	0	42	5448
SM00544	MA3	1.00000000000474	4.74011877926034e-12	2	0	0	42	5448
SM00167	VPS9	1.00000000000474	4.74011877926034e-12	2	0	0	42	5448
SM01407	NAC	1.00000000000474	4.74011877926034e-12	2	0	0	42	5448
SM00580	PUG	1.00000000000474	4.74011877926034e-12	2	0	0	42	5448
SM01166	DUF1899	1.00000000000474	4.74011877926034e-12	2	0	0	42	5448
SM00482	POLAc	1.00000000000474	4.74011877926034e-12	2	0	0	42	5448
SM00881	CoA_binding	1.00000000000474	4.74011877926034e-12	2	0	0	42	5448
SM01390	Ribosomal_S4	1.00000000000474	4.74011877926034e-12	2	0	0	42	5448
SM01127	DDHD	1.00000000000474	4.74011877926034e-12	2	0	0	42	5448
SM00223	APPLE	1.00000000000474	4.74011877926034e-12	2	0	0	42	5448
SM00111	C4	1.00000000000474	4.74011877926034e-12	2	0	0	42	5448
SM01376	eIF-5a	1.00000000000474	4.74011877926034e-12	2	0	0	42	5448
SM00363	S4	1.00000000000474	4.74011877926034e-12	2	0	0	42	5448
SM01246	Josephin	1.00000000000474	4.74011877926034e-12	2	0	0	42	5448
SM00755	Grip	1.00000000000474	4.74011877926034e-12	2	0	0	42	5448
SM00384	AT_hook	1.00000000000474	4.74011877926034e-12	2	0	0	42	5448
SM00018	PD	1.00000000000474	4.74011877926034e-12	2	0	0	42	5448
SM00468	PreSET	1.00000000000474	4.74011877926034e-12	2	0	0	42	5448
SM00253	SOCS	1.00000000000474	4.74011877926034e-12	2	0	0	42	5448
SM00732	YqgFc	1.00000000000474	4.74011877926034e-12	2	0	0	42	5448
SM00043	CY	1.00000000000474	4.74011877926034e-12	2	0	0	42	5448
SM01065	CBM_2	1.00000000000474	4.74011877926034e-12	2	0	0	42	5448
SM01263	Leuk-A4-hydro_C	1.00000000000474	4.74011877926034e-12	2	0	0	42	5448
SM00521	CBF	1.00000000000474	4.74011877926034e-12	2	0	0	42	5448
SM00331	PP2C_SIG	1.00000000000474	4.74011877926034e-12	2	0	0	42	5448
SM00751	BSD	1.00000000000474	4.74011877926034e-12	2	0	0	42	5448
SM00153	VHP	1.00000000000474	4.74011877926034e-12	2	0	0	42	5448
SM00065	GAF	1.00000000000474	4.74011877926034e-12	2	0	0	42	5448
SM01086	ClpB_D2-small	1.00000000000474	4.74011877926034e-12	2	0	0	42	5448
SM00981	THUMP	1.00000000000474	4.74011877926034e-12	2	0	0	42	5448
SM00214	VWC	1.00000000000474	4.74011877926034e-12	2	0	0	42	5448
SM00438	ZnF_NFX	1.00000000000474	4.74011877926034e-12	2	0	0	42	5448
SM00308	LH2	1.00000000000474	4.74011877926034e-12	2	0	0	42	5448
SM01114	CXC	1.00000000000474	4.74011877926034e-12	2	0	0	42	5448
SM00947	Pro_CA	1.00000000000474	4.74011877926034e-12	2	0	0	42	5448
SM01146	DUF1086	1.00000000000474	4.74011877926034e-12	2	0	0	42	5448
SM00442	FGF	1.00000000000474	4.74011877926034e-12	2	0	0	42	5448
SM01147	DUF1087	1.00000000000474	4.74011877926034e-12	2	0	0	42	5448
SM00695	DUSP	1.00000000000474	4.74011877926034e-12	2	0	0	42	5448
SM00200	SEA	1.00000000000474	4.74011877926034e-12	2	0	0	42	5448
SM00956	RQC	1.00000000000474	4.74011877926034e-12	2	0	0	42	5448
SM00955	RNB	1.00000000000474	4.74011877926034e-12	2	0	0	42	5448
SM01283	Costars	1.00000000000474	4.74011877926034e-12	2	0	0	42	5448
SM00649	RL11	1.00000000000474	4.74011877926034e-12	2	0	0	42	5448
SM01002	AlaDh_PNT_C	1.00000000000474	4.74011877926034e-12	2	0	0	42	5448
SM00307	ILWEQ	1.00000000000474	4.74011877926034e-12	2	0	0	42	5448
SM01374	Ribosomal_L14	1.00000000000474	4.74011877926034e-12	2	0	0	42	5448
SM00836	DALR_1	1.00000000000474	4.74011877926034e-12	2	0	0	42	5448
SM01326	PTEN_C2	1.00000000000474	4.74011877926034e-12	2	0	0	42	5448
SM00191	Int_alpha	1.00000000000474	4.74011877926034e-12	2	0	0	42	5448
SM01383	Ribosomal_L2	1.00000000000474	4.74011877926034e-12	2	0	0	42	5448
SM00313	PXA	1.00000000000474	4.74011877926034e-12	2	0	0	42	5448
SM01003	AlaDh_PNT_N	1.00000000000474	4.74011877926034e-12	2	0	0	42	5448
SM00535	RIBOc	1.00000000000474	4.74011877926034e-12	2	0	0	42	5448
SM00757	CRA	1.00000000000474	4.74011877926034e-12	2	0	0	42	5448
SM00436	TOP1Bc	1.00000000000474	4.74011877926034e-12	2	0	0	42	5448
SM01370	TAFII55_N	1.00000000000474	4.74011877926034e-12	2	0	0	42	5448
SM00960	Robl_LC7	1.00000000000474	4.74011877926034e-12	2	0	0	42	5448
SM01145	DUF1041	1.00000000000474	4.74011877926034e-12	2	0	0	42	5448
SM00893	ETF	1.00000000000474	4.74011877926034e-12	2	0	0	42	5448
SM01194	eRF1_1	1.00000000000474	4.74011877926034e-12	2	0	0	42	5448
SM00472	MIR	1.00000000000474	4.74011877926034e-12	2	0	0	42	5448
SM00299	CLH	1.00000000000474	4.74011877926034e-12	2	0	0	42	5448
SM00251	SAM_PNT	1.00000000000474	4.74011877926034e-12	2	0	0	42	5448
SM00963	SRP54_N	1.00000000000474	4.74011877926034e-12	2	0	0	42	5448
SM00323	RasGAP	1.00000000000474	4.74011877926034e-12	2	0	0	42	5448
SM00460	TGc	1.00000000000474	4.74011877926034e-12	2	0	0	42	5448
SM01339	NODP	1.00000000000474	4.74011877926034e-12	2	0	0	42	5448
SM00978	Tim44	1.00000000000474	4.74011877926034e-12	2	0	0	42	5448
SM01336	zf-PARP	1.00000000000474	4.74011877926034e-12	2	0	0	42	5448
SM00888	EF1_GNE	1.00000000000474	4.74011877926034e-12	2	0	0	42	5448
SM00576	BTP	1.00000000000474	4.74011877926034e-12	2	0	0	42	5448
SM00671	SEL1	1.00000000000474	4.74011877926034e-12	2	0	0	42	5448
SM01201	FerB	1.00000000000474	4.74011877926034e-12	2	0	0	42	5448
SM00259	ZnF_A20	1.00000000000474	4.74011877926034e-12	2	0	0	42	5448
SM00394	RIIa	1.00000000000474	4.74011877926034e-12	2	0	0	42	5448
SM00561	MBT	1.00000000000474	4.74011877926034e-12	2	0	0	42	5448
SM01182	EF-1_beta_acid	1.00000000000474	4.74011877926034e-12	2	0	0	42	5448
SM00277	GRAN	1.00000000000474	4.74011877926034e-12	2	0	0	42	5448
SM00562	NDK	1.00000000000474	4.74011877926034e-12	2	0	0	42	5448
SM00300	ChSh	1.00000000000474	4.74011877926034e-12	2	0	0	42	5448
SM01271	LSM14	1.00000000000474	4.74011877926034e-12	2	0	0	42	5448
SM00302	GED	1.00000000000474	4.74011877926034e-12	2	0	0	42	5448
SM00736	CADG	1.00000000000474	4.74011877926034e-12	2	0	0	42	5448
SM01062	Ca_chan_IQ	1.00000000000474	4.74011877926034e-12	2	0	0	42	5448
SM00962	SRP54	1.00000000000474	4.74011877926034e-12	2	0	0	42	5448
SM00608	ACR	1.00000000000474	4.74011877926034e-12	2	0	0	42	5448
SM00712	PUR	1.00000000000474	4.74011877926034e-12	2	0	0	42	5448
SM01378	Romo1	1.00000000000474	4.74011877926034e-12	2	0	0	42	5448
SM00545	JmjN	1.00000000000474	4.74011877926034e-12	2	0	0	42	5448
SM00131	KU	1.00000000000491	4.91253660182693e-12	35	0	0	42	5448
SM00409	IG	1.00000000000522	5.2194996071867e-12	51	0	0	42	5448
SM00425	TBOX	1.00000000000535	5.35484684166687e-12	21	0	0	42	5448
SM00950	Piwi	1.00000000000535	5.35484684166687e-12	21	0	0	42	5448
SM00336	BBOX	1.00000000000535	5.35484684166687e-12	21	0	0	42	5448
SM00473	PAN_AP	1.00000000000535	5.35484684166687e-12	21	0	0	42	5448
SM00179	EGF_CA	1.00000000000549	5.49097657529188e-12	41	0	0	42	5448
SM00404	PTPc_motif	1.00000000000552	5.51773969988942e-12	88	0	0	42	5448
SM00225	BTB	1.00000000000562	5.61777938913862e-12	126	0	0	42	5448
SM00369	LRR_TYP	1.00000000000579	5.78688844417951e-12	38	0	0	42	5448
SM00241	ZP	1.00000000000579	5.78688844417951e-12	38	0	0	42	5448
SM00389	HOX	1.00000000000622	6.21621248986495e-12	96	0	0	42	5448
SM00382	AAA	1.00000000000643	6.43306047462381e-12	106	0	0	42	5448
SM00327	VWA	1.00000000000672	6.72004312980915e-12	43	0	0	42	5448
SM00192	LDLa	1.0000000000068	6.79841493378174e-12	23	0	0	42	5448
SM00741	SapB	1.0000000000068	6.79841493378174e-12	23	0	0	42	5448
SM00591	RWD	1.00000000000709	7.09231803415906e-12	6	0	0	42	5448
SM00884	Cullin_Nedd8	1.00000000000709	7.09231803415906e-12	6	0	0	42	5448
SM00350	MCM	1.00000000000709	7.09231803415906e-12	6	0	0	42	5448
SM01375	Dynein_light	1.00000000000709	7.09231803415906e-12	6	0	0	42	5448
SM00668	CTLH	1.00000000000709	7.09231803415906e-12	6	0	0	42	5448
SM01332	Cyclin_C	1.00000000000709	7.09231803415906e-12	6	0	0	42	5448
SM00838	EFG_C	1.00000000000709	7.09231803415906e-12	6	0	0	42	5448
SM00008	HormR	1.00000000000709	7.09231803415906e-12	6	0	0	42	5448
SM01329	Iso_dh	1.00000000000709	7.09231803415906e-12	6	0	0	42	5448
SM00093	SERPIN	1.00000000000709	7.09231803415906e-12	6	0	0	42	5448
SM00729	Elp3	1.00000000000709	7.09231803415906e-12	6	0	0	42	5448
SM00537	DCX	1.00000000000709	7.09231803415906e-12	6	0	0	42	5448
SM00508	PostSET	1.00000000000709	7.09231803415906e-12	6	0	0	42	5448
SM00046	DAGKc	1.00000000000709	7.09231803415906e-12	6	0	0	42	5448
SM01109	CUT	1.00000000000709	7.09231803415906e-12	6	0	0	42	5448
SM00539	NIDO	1.00000000000709	7.09231803415906e-12	6	0	0	42	5448
SM00593	RUN	1.00000000000709	7.09231803415906e-12	6	0	0	42	5448
SM00135	LY	1.00000000000709	7.09231803415906e-12	6	0	0	42	5448
SM01057	Carb_anhydrase	1.00000000000709	7.09231803415906e-12	6	0	0	42	5448
SM00229	RasGEFN	1.00000000000709	7.09231803415906e-12	6	0	0	42	5448
SM00543	MIF4G	1.00000000000709	7.09231803415906e-12	6	0	0	42	5448
SM00211	TY	1.00000000000709	7.09231803415906e-12	6	0	0	42	5448
SM00273	ENTH	1.00000000000709	7.09231803415906e-12	6	0	0	42	5448
SM00155	PLDc	1.00000000000709	7.09231803415906e-12	6	0	0	42	5448
SM00316	S1	1.00000000000709	7.09231803415906e-12	6	0	0	42	5448
SM00149	PLCYc	1.00000000000709	7.09231803415906e-12	6	0	0	42	5448
SM00148	PLCXc	1.00000000000709	7.09231803415906e-12	6	0	0	42	5448
SM00720	calpain_III	1.00000000000709	7.09231803415906e-12	6	0	0	42	5448
SM00091	PAS	1.00000000000709	7.09231803415906e-12	6	0	0	42	5448
SM00303	GPS	1.00000000000709	7.09231803415906e-12	6	0	0	42	5448
SM00551	ZnF_TAZ	1.00000000000709	7.09231803415906e-12	6	0	0	42	5448
SM00665	B561	1.00000000000709	7.09231803415906e-12	6	0	0	42	5448
SM00105	ArfGap	1.00000000000709	7.09231803415906e-12	6	0	0	42	5448
SM00855	PGAM	1.00000000000709	7.09231803415906e-12	6	0	0	42	5448
SM00563	PlsC	1.00000000000748	7.48312636253546e-12	15	0	0	42	5448
SM00865	Tubulin_C	1.00000000000748	7.48312636253546e-12	15	0	0	42	5448
SM00703	NRF	1.00000000000748	7.48312636253546e-12	15	0	0	42	5448
SM00317	SET	1.00000000000813	8.12611615380561e-12	30	0	0	42	5448
SM00132	LIM	1.00000000000813	8.12611615380561e-12	30	0	0	42	5448
SM00605	CW	1.00000000000862	8.62281003513629e-12	50	0	0	42	5448
SM00408	IGc2	1.00000000000862	8.62281003513629e-12	50	0	0	42	5448
SM00490	HELICc	1.00000000000929	9.29250868326224e-12	78	0	0	42	5448
SM00194	PTPc	1.00000000000929	9.29250868326224e-12	78	0	0	42	5448
SM00028	TPR	1.00000000000992	9.91824924502655e-12	45	0	0	42	5448
SM00156	PP2Ac	1.00000000000992	9.91824924502655e-12	45	0	0	42	5448
SM00453	WSN	1.0000000000112	1.11987905214326e-11	39	0	0	42	5448
SM00397	t_SNARE	1.00000000001176	1.17647179815411e-11	14	0	0	42	5448
SM00443	G_patch	1.00000000001176	1.17647179815411e-11	14	0	0	42	5448
SM00282	LamG	1.00000000001176	1.17647179815411e-11	14	0	0	42	5448
SM00100	cNMP	1.00000000001176	1.17647179815411e-11	14	0	0	42	5448
SM00195	DSPc	1.00000000001176	1.17647179815411e-11	14	0	0	42	5448
SM00516	SEC14	1.00000000001176	1.17647179815411e-11	14	0	0	42	5448
SM00298	CHROMO	1.0000000000119	1.19029298179952e-11	20	0	0	42	5448
SM00133	S_TK_X	1.0000000000119	1.19029298179952e-11	20	0	0	42	5448
SM00228	PDZ	1.0000000000123	1.23032800323988e-11	54	0	0	42	5448
SM00512	Skp1	1.00000000001403	1.40313543231525e-11	22	0	0	42	5448
SM00355	ZnF_C2H2	1.00000000001456	1.45598588060483e-11	135	0	0	42	5448
