TermID	Term	Enrichment	logP	Genes in Term	Target Genes in Term	Fraction of Targets in Term	Total Target Genes	Total Genes	Entrez Gene IDs	Gene Symbols
SM00034	CLECT	1.05691119626606e-06	-13.7601598694911	205	8	0.347826086956522	23	5448	175114,175003,259760,185147,175652,177064,183775,173430	clec-147,clec-145,Y54G2A.37,clec-264,clec-5,clec-82,clec-86,clec-10
SM00042	CUB	0.00113213352195506	-6.78365135389984	50	3	0.130434782608696	23	5448	175652,173430,185147	clec-5,clec-10,clec-264
SM00099	btg1	0.00422173274597805	-5.46750963189636	1	1	0.0434782608695652	23	5448	172863	fog-3
SM00572	DZF	0.00842641424890256	-4.77638395345997	2	1	0.0434782608695652	23	5448	190806	Y95B8A.8
SM00463	SMR	0.0167848862857384	-4.08727642332802	4	1	0.0434782608695652	23	5448	189572	Y32B12C.1
SM00045	DAGKa	0.0209388075964459	-3.86615101897935	5	1	0.0434782608695652	23	5448	177667	dgk-4
SM00205	THN	0.0209388075964459	-3.86615101897935	5	1	0.0434782608695652	23	5448	185060	thn-1
SM00046	DAGKc	0.0250759392198642	-3.68584648941032	6	1	0.0434782608695652	23	5448	177667	dgk-4
SM00664	DoH	0.0291963459447334	-3.53371171641742	7	1	0.0434782608695652	23	5448	177723	Y73F4A.1
SM00451	ZnF_U1	0.0373872426679426	-3.28642573788647	9	1	0.0434782608695652	23	5448	190806	Y95B8A.8
SM00328	BPI1	0.0373872426679426	-3.28642573788647	9	1	0.0434782608695652	23	5448	188587	T19C3.5
SM00329	BPI2	0.041457861057105	-3.18307776382379	10	1	0.0434782608695652	23	5448	188587	T19C3.5
SM00831	Cation_ATPase_N	0.0455120113324656	-3.08977900253431	11	1	0.0434782608695652	23	5448	182114	catp-2
SM00454	SAM	0.0694946282330903	-2.66650582100875	17	1	0.0434782608695652	23	5448	177667	dgk-4
SM00587	CHK	0.0967459906409117	-2.33566638833494	24	1	0.0434782608695652	23	5448	183987	E02C12.6
SM00109	C1	0.123232976886566	-2.093678594166	31	1	0.0434782608695652	23	5448	177667	dgk-4
SM00256	FBOX	0.161616396327327	-1.82252967562053	171	2	0.0869565217391304	23	5448	4363088,182400	fbxa-143,fbxa-165
SM00248	ANK	0.279680306089867	-1.27410809208669	77	1	0.0434782608695652	23	5448	191275	kri-1
SM00254	ShKT	0.355898497520483	-1.03310970810884	103	1	0.0434782608695652	23	5448	190141	Y51B9A.8
SM00382	AAA	0.364179186368299	-1.01010926222806	106	1	0.0434782608695652	23	5448	174126	pmp-1
SM00355	ZnF_C2H2	0.439147583140973	-0.822919742127329	135	1	0.0434782608695652	23	5448	190806	Y95B8A.8
SM00220	S_TKc	0.69961540335216	-0.357224518709915	277	1	0.0434782608695652	23	5448	173880	mpk-2
SM00636	Glyco_18	0.999999999993212	-6.78832878400561e-12	31	0	0	23	5448
SM00061	MATH	0.999999999993507	-6.49343329601503e-12	75	0	0	23	5448
SM00032	CCP	0.999999999994429	-5.57137555365137e-12	7	0	0	23	5448
SM00386	HAT	0.999999999994429	-5.57137555365137e-12	7	0	0	23	5448
SM00055	FCH	0.999999999994429	-5.57137555365137e-12	7	0	0	23	5448
SM00234	START	0.999999999994429	-5.57137555365137e-12	7	0	0	23	5448
SM00150	SPEC	0.999999999994429	-5.57137555365137e-12	7	0	0	23	5448
SM00744	RINGv	0.999999999994429	-5.57137555365137e-12	7	0	0	23	5448
SM00396	ZnF_UBR1	0.999999999994429	-5.57137555365137e-12	7	0	0	23	5448
SM00513	SAP	0.999999999994429	-5.57137555365137e-12	7	0	0	23	5448
SM00216	VWD	0.999999999994429	-5.57137555365137e-12	7	0	0	23	5448
SM00232	JAB_MPN	0.999999999994429	-5.57137555365137e-12	7	0	0	23	5448
SM00182	CULLIN	0.999999999994429	-5.57137555365137e-12	7	0	0	23	5448
SM00948	Proteasome_A_N	0.999999999994429	-5.57137555365137e-12	7	0	0	23	5448
SM00165	UBA	0.999999999994429	-5.57137555365137e-12	7	0	0	23	5448
SM00523	DWA	0.999999999994429	-5.57137555365137e-12	7	0	0	23	5448
SM00498	FH2	0.999999999994429	-5.57137555365137e-12	7	0	0	23	5448
SM00526	H15	0.999999999994429	-5.57137555365137e-12	7	0	0	23	5448
SM01048	C6	0.999999999996056	-3.94419502319293e-12	17	0	0	23	5448
SM00338	BRLZ	0.999999999996056	-3.94419502319293e-12	17	0	0	23	5448
SM00651	Sm	0.999999999996056	-3.94419502319293e-12	17	0	0	23	5448
SM00320	WD40	0.999999999996383	-3.61662273698851e-12	127	0	0	23	5448
SM00864	Tubulin	0.999999999996777	-3.22323338435442e-12	16	0	0	23	5448
SM00398	HMG	0.999999999996777	-3.22323338435442e-12	16	0	0	23	5448
SM00064	FYVE	0.999999999996777	-3.22323338435442e-12	16	0	0	23	5448
SM00462	PTB	0.999999999996777	-3.22323338435442e-12	16	0	0	23	5448
SM00717	SANT	0.999999999996777	-3.22323338435442e-12	16	0	0	23	5448
SM00339	FH	0.999999999996899	-3.10131281158218e-12	18	0	0	23	5448
SM00315	RGS	0.999999999996899	-3.10131281158218e-12	18	0	0	23	5448
SM00385	CYCLIN	0.999999999996899	-3.10131281158218e-12	18	0	0	23	5448
SM00242	MYSc	0.999999999996899	-3.10131281158218e-12	18	0	0	23	5448
SM00295	B41	0.999999999996899	-3.10131281158218e-12	18	0	0	23	5448
SM00949	PAZ	0.999999999996899	-3.10131281158218e-12	18	0	0	23	5448
SM00225	BTB	0.999999999997166	-2.83441608461691e-12	126	0	0	23	5448
SM00184	RING	0.999999999997506	-2.49371176940167e-12	113	0	0	23	5448
SM00033	CH	0.999999999997596	-2.40446309752251e-12	24	0	0	23	5448
SM00918	Lig_chan-Glu_bd	0.999999999998759	-1.24076293530531e-12	9	0	0	23	5448
SM00595	MADF	0.999999999998759	-1.24076293530531e-12	9	0	0	23	5448
SM00724	TLC	0.999999999998759	-1.24076293530531e-12	9	0	0	23	5448
SM00072	GuKc	0.999999999998759	-1.24076293530531e-12	9	0	0	23	5448
SM00471	HDc	0.999999999998759	-1.24076293530531e-12	9	0	0	23	5448
SM00314	RA	0.999999999998759	-1.24076293530531e-12	9	0	0	23	5448
SM00494	ChtBD2	0.999999999998759	-1.24076293530531e-12	9	0	0	23	5448
SM00116	CBS	0.999999999998759	-1.24076293530531e-12	9	0	0	23	5448
SM00079	PBPe	0.999999999998759	-1.24076293530531e-12	9	0	0	23	5448
SM01189	ELM2	0.999999999998759	-1.24076293530531e-12	9	0	0	23	5448
SM00119	HECTc	0.999999999998759	-1.24076293530531e-12	9	0	0	23	5448
SM01117	Cyt-b5	0.999999999998759	-1.24076293530531e-12	9	0	0	23	5448
SM00049	DEP	0.999999999998759	-1.24076293530531e-12	9	0	0	23	5448
SM00702	P4Hc	0.999999999998759	-1.24076293530531e-12	9	0	0	23	5448
SM00848	Inhibitor_I29	0.999999999998759	-1.24076293530531e-12	9	0	0	23	5448
SM00015	IQ	0.999999999998759	-1.24076293530531e-12	9	0	0	23	5448
SM00428	H3	0.999999999998759	-1.24076293530531e-12	9	0	0	23	5448
SM00727	STI1	0.999999999998851	-1.14880059381179e-12	4	0	0	23	5448
SM00745	MIT	0.999999999998851	-1.14880059381179e-12	4	0	0	23	5448
SM00666	PB1	0.999999999998851	-1.14880059381179e-12	4	0	0	23	5448
SM00678	WWE	0.999999999998851	-1.14880059381179e-12	4	0	0	23	5448
SM00115	CASc	0.999999999998851	-1.14880059381179e-12	4	0	0	23	5448
SM01195	FA	0.999999999998851	-1.14880059381179e-12	4	0	0	23	5448
SM00604	MD	0.999999999998851	-1.14880059381179e-12	4	0	0	23	5448
SM00444	GYF	0.999999999998851	-1.14880059381179e-12	4	0	0	23	5448
SM00390	GoLoco	0.999999999998851	-1.14880059381179e-12	4	0	0	23	5448
SM00246	WH2	0.999999999998851	-1.14880059381179e-12	4	0	0	23	5448
SM00387	HATPase_c	0.999999999998851	-1.14880059381179e-12	4	0	0	23	5448
SM00440	ZnF_C2C2	0.999999999998851	-1.14880059381179e-12	4	0	0	23	5448
SM00642	Aamy	0.999999999998851	-1.14880059381179e-12	4	0	0	23	5448
SM01027	Beta-Casp	0.999999999998851	-1.14880059381179e-12	4	0	0	23	5448
SM01343	FATC	0.999999999998851	-1.14880059381179e-12	4	0	0	23	5448
SM00484	XPGI	0.999999999998851	-1.14880059381179e-12	4	0	0	23	5448
SM00913	IBN_N	0.999999999998851	-1.14880059381179e-12	4	0	0	23	5448
SM00406	IGv	0.999999999998851	-1.14880059381179e-12	4	0	0	23	5448
SM00533	MUTSd	0.999999999998851	-1.14880059381179e-12	4	0	0	23	5448
SM00439	BAH	0.999999999998851	-1.14880059381179e-12	4	0	0	23	5448
SM01388	Mob1_phocein	0.999999999998851	-1.14880059381179e-12	4	0	0	23	5448
SM00846	Gp_dh_N	0.999999999998851	-1.14880059381179e-12	4	0	0	23	5448
SM01026	Beach	0.999999999998851	-1.14880059381179e-12	4	0	0	23	5448
SM00102	ADF	0.999999999998851	-1.14880059381179e-12	4	0	0	23	5448
SM00281	LamB	0.999999999998851	-1.14880059381179e-12	4	0	0	23	5448
SM00568	GRAM	0.999999999998851	-1.14880059381179e-12	4	0	0	23	5448
SM00429	IPT	0.999999999998851	-1.14880059381179e-12	4	0	0	23	5448
SM00679	CTNS	0.999999999998851	-1.14880059381179e-12	4	0	0	23	5448
SM00279	HhH2	0.999999999998851	-1.14880059381179e-12	4	0	0	23	5448
SM00013	LRRNT	0.999999999998851	-1.14880059381179e-12	4	0	0	23	5448
SM00258	SAND	0.999999999998851	-1.14880059381179e-12	4	0	0	23	5448
SM00584	TLDc	0.999999999998851	-1.14880059381179e-12	4	0	0	23	5448
SM00217	WAP	0.999999999998851	-1.14880059381179e-12	4	0	0	23	5448
SM00027	EH	0.999999999998851	-1.14880059381179e-12	4	0	0	23	5448
SM00546	CUE	0.999999999998851	-1.14880059381179e-12	4	0	0	23	5448
SM00674	CENPB	0.999999999998851	-1.14880059381179e-12	4	0	0	23	5448
SM00335	ANX	0.999999999998851	-1.14880059381179e-12	4	0	0	23	5448
SM00485	XPGN	0.999999999998851	-1.14880059381179e-12	4	0	0	23	5448
SM00534	MUTSac	0.999999999998851	-1.14880059381179e-12	4	0	0	23	5448
SM01372	E2F_TDP	0.999999999998851	-1.14880059381179e-12	4	0	0	23	5448
SM01053	CaMBD	0.999999999998851	-1.14880059381179e-12	4	0	0	23	5448
SM00889	EFG_IV	0.999999999998851	-1.14880059381179e-12	4	0	0	23	5448
SM00427	H2B	0.999999999998851	-1.14880059381179e-12	4	0	0	23	5448
SM00288	VHS	0.999999999998851	-1.14880059381179e-12	4	0	0	23	5448
SM00050	DISIN	0.999999999998851	-1.14880059381179e-12	4	0	0	23	5448
SM00145	PI3Ka	0.999999999998851	-1.14880059381179e-12	4	0	0	23	5448
SM00446	LRRcap	0.999999999998851	-1.14880059381179e-12	4	0	0	23	5448
SM00224	GGL	0.999999999998851	-1.14880059381179e-12	4	0	0	23	5448
SM00474	35EXOc	0.999999999998851	-1.14880059381179e-12	4	0	0	23	5448
SM01330	Frizzled	0.999999999998851	-1.14880059381179e-12	4	0	0	23	5448
SM00557	IG_FLMN	0.999999999998851	-1.14880059381179e-12	4	0	0	23	5448
SM00326	SH3	0.999999999999147	-8.53415531305421e-13	57	0	0	23	5448
SM00302	GED	0.999999999999539	-4.60789867091742e-13	2	0	0	23	5448
SM01340	DNA_mis_repair	0.999999999999539	-4.60789867091742e-13	2	0	0	23	5448
SM01370	TAFII55_N	0.999999999999539	-4.60789867091742e-13	2	0	0	23	5448
SM01141	DRY_EERY	0.999999999999539	-4.60789867091742e-13	2	0	0	23	5448
SM00981	THUMP	0.999999999999539	-4.60789867091742e-13	2	0	0	23	5448
SM00018	PD	0.999999999999539	-4.60789867091742e-13	2	0	0	23	5448
SM01269	Lipid_DES	0.999999999999539	-4.60789867091742e-13	2	0	0	23	5448
SM01146	DUF1086	0.999999999999539	-4.60789867091742e-13	2	0	0	23	5448
SM01382	Ribosomal_L2_C	0.999999999999539	-4.60789867091742e-13	2	0	0	23	5448
SM01263	Leuk-A4-hydro_C	0.999999999999539	-4.60789867091742e-13	2	0	0	23	5448
SM00167	VPS9	0.999999999999539	-4.60789867091742e-13	2	0	0	23	5448
SM00004	NL	0.999999999999539	-4.60789867091742e-13	2	0	0	23	5448
SM00277	GRAN	0.999999999999539	-4.60789867091742e-13	2	0	0	23	5448
SM01271	LSM14	0.999999999999539	-4.60789867091742e-13	2	0	0	23	5448
SM01383	Ribosomal_L2	0.999999999999539	-4.60789867091742e-13	2	0	0	23	5448
SM01086	ClpB_D2-small	0.999999999999539	-4.60789867091742e-13	2	0	0	23	5448
SM00873	B3_4	0.999999999999539	-4.60789867091742e-13	2	0	0	23	5448
SM00712	PUR	0.999999999999539	-4.60789867091742e-13	2	0	0	23	5448
SM00111	C4	0.999999999999539	-4.60789867091742e-13	2	0	0	23	5448
SM00432	MADS	0.999999999999539	-4.60789867091742e-13	2	0	0	23	5448
SM00500	SFM	0.999999999999539	-4.60789867091742e-13	2	0	0	23	5448
SM00065	GAF	0.999999999999539	-4.60789867091742e-13	2	0	0	23	5448
SM00251	SAM_PNT	0.999999999999539	-4.60789867091742e-13	2	0	0	23	5448
SM00947	Pro_CA	0.999999999999539	-4.60789867091742e-13	2	0	0	23	5448
SM01011	AMP_N	0.999999999999539	-4.60789867091742e-13	2	0	0	23	5448
SM00214	VWC	0.999999999999539	-4.60789867091742e-13	2	0	0	23	5448
SM00731	SprT	0.999999999999539	-4.60789867091742e-13	2	0	0	23	5448
SM00888	EF1_GNE	0.999999999999539	-4.60789867091742e-13	2	0	0	23	5448
SM00963	SRP54_N	0.999999999999539	-4.60789867091742e-13	2	0	0	23	5448
SM00881	CoA_binding	0.999999999999539	-4.60789867091742e-13	2	0	0	23	5448
SM01003	AlaDh_PNT_N	0.999999999999539	-4.60789867091742e-13	2	0	0	23	5448
SM00438	ZnF_NFX	0.999999999999539	-4.60789867091742e-13	2	0	0	23	5448
SM00561	MBT	0.999999999999539	-4.60789867091742e-13	2	0	0	23	5448
SM00775	LNS2	0.999999999999539	-4.60789867091742e-13	2	0	0	23	5448
SM00671	SEL1	0.999999999999539	-4.60789867091742e-13	2	0	0	23	5448
SM00757	CRA	0.999999999999539	-4.60789867091742e-13	2	0	0	23	5448
SM00956	RQC	0.999999999999539	-4.60789867091742e-13	2	0	0	23	5448
SM00695	DUSP	0.999999999999539	-4.60789867091742e-13	2	0	0	23	5448
SM00253	SOCS	0.999999999999539	-4.60789867091742e-13	2	0	0	23	5448
SM00785	AARP2CN	0.999999999999539	-4.60789867091742e-13	2	0	0	23	5448
SM00468	PreSET	0.999999999999539	-4.60789867091742e-13	2	0	0	23	5448
SM01147	DUF1087	0.999999999999539	-4.60789867091742e-13	2	0	0	23	5448
SM01374	Ribosomal_L14	0.999999999999539	-4.60789867091742e-13	2	0	0	23	5448
SM00313	PXA	0.999999999999539	-4.60789867091742e-13	2	0	0	23	5448
SM01002	AlaDh_PNT_C	0.999999999999539	-4.60789867091742e-13	2	0	0	23	5448
SM01270	Longin	0.999999999999539	-4.60789867091742e-13	2	0	0	23	5448
SM01336	zf-PARP	0.999999999999539	-4.60789867091742e-13	2	0	0	23	5448
SM00662	RPOLD	0.999999999999539	-4.60789867091742e-13	2	0	0	23	5448
SM00992	YccV-like	0.999999999999539	-4.60789867091742e-13	2	0	0	23	5448
SM01376	eIF-5a	0.999999999999539	-4.60789867091742e-13	2	0	0	23	5448
SM00200	SEA	0.999999999999539	-4.60789867091742e-13	2	0	0	23	5448
SM00580	PUG	0.999999999999539	-4.60789867091742e-13	2	0	0	23	5448
SM00259	ZnF_A20	0.999999999999539	-4.60789867091742e-13	2	0	0	23	5448
SM01326	PTEN_C2	0.999999999999539	-4.60789867091742e-13	2	0	0	23	5448
SM00592	BRK	0.999999999999539	-4.60789867091742e-13	2	0	0	23	5448
SM00535	RIBOc	0.999999999999539	-4.60789867091742e-13	2	0	0	23	5448
SM01338	NOD	0.999999999999539	-4.60789867091742e-13	2	0	0	23	5448
SM00657	RPOL4c	0.999999999999539	-4.60789867091742e-13	2	0	0	23	5448
SM00472	MIR	0.999999999999539	-4.60789867091742e-13	2	0	0	23	5448
SM01283	Costars	0.999999999999539	-4.60789867091742e-13	2	0	0	23	5448
SM00482	POLAc	0.999999999999539	-4.60789867091742e-13	2	0	0	23	5448
SM00144	PI3K_rbd	0.999999999999539	-4.60789867091742e-13	2	0	0	23	5448
SM00394	RIIa	0.999999999999539	-4.60789867091742e-13	2	0	0	23	5448
SM00384	AT_hook	0.999999999999539	-4.60789867091742e-13	2	0	0	23	5448
SM01246	Josephin	0.999999999999539	-4.60789867091742e-13	2	0	0	23	5448
SM00891	ERCC4	0.999999999999539	-4.60789867091742e-13	2	0	0	23	5448
SM01378	Romo1	0.999999999999539	-4.60789867091742e-13	2	0	0	23	5448
SM00415	HSF	0.999999999999539	-4.60789867091742e-13	2	0	0	23	5448
SM00300	ChSh	0.999999999999539	-4.60789867091742e-13	2	0	0	23	5448
SM00202	SR	0.999999999999539	-4.60789867091742e-13	2	0	0	23	5448
SM01008	Ald_Xan_dh_C	0.999999999999539	-4.60789867091742e-13	2	0	0	23	5448
SM01166	DUF1899	0.999999999999539	-4.60789867091742e-13	2	0	0	23	5448
SM01362	DUF663	0.999999999999539	-4.60789867091742e-13	2	0	0	23	5448
SM01390	Ribosomal_S4	0.999999999999539	-4.60789867091742e-13	2	0	0	23	5448
SM01399	Sybindin	0.999999999999539	-4.60789867091742e-13	2	0	0	23	5448
SM00299	CLH	0.999999999999539	-4.60789867091742e-13	2	0	0	23	5448
SM00907	GDNF	0.999999999999539	-4.60789867091742e-13	2	0	0	23	5448
SM00308	LH2	0.999999999999539	-4.60789867091742e-13	2	0	0	23	5448
SM00153	VHP	0.999999999999539	-4.60789867091742e-13	2	0	0	23	5448
SM00191	Int_alpha	0.999999999999539	-4.60789867091742e-13	2	0	0	23	5448
SM00594	UAS	0.999999999999539	-4.60789867091742e-13	2	0	0	23	5448
SM01072	CDC48_2	0.999999999999539	-4.60789867091742e-13	2	0	0	23	5448
SM00442	FGF	0.999999999999539	-4.60789867091742e-13	2	0	0	23	5448
SM00960	Robl_LC7	0.999999999999539	-4.60789867091742e-13	2	0	0	23	5448
SM00437	TOP1Ac	0.999999999999539	-4.60789867091742e-13	2	0	0	23	5448
SM00493	TOPRIM	0.999999999999539	-4.60789867091742e-13	2	0	0	23	5448
SM00323	RasGAP	0.999999999999539	-4.60789867091742e-13	2	0	0	23	5448
SM01010	AMPKBI	0.999999999999539	-4.60789867091742e-13	2	0	0	23	5448
SM01132	DIL	0.999999999999539	-4.60789867091742e-13	2	0	0	23	5448
SM00255	TIR	0.999999999999539	-4.60789867091742e-13	2	0	0	23	5448
SM00755	Grip	0.999999999999539	-4.60789867091742e-13	2	0	0	23	5448
SM00114	CARD	0.999999999999539	-4.60789867091742e-13	2	0	0	23	5448
SM00460	TGc	0.999999999999539	-4.60789867091742e-13	2	0	0	23	5448
SM01114	CXC	0.999999999999539	-4.60789867091742e-13	2	0	0	23	5448
SM00722	CASH	0.999999999999539	-4.60789867091742e-13	2	0	0	23	5448
SM00576	BTP	0.999999999999539	-4.60789867091742e-13	2	0	0	23	5448
SM00521	CBF	0.999999999999539	-4.60789867091742e-13	2	0	0	23	5448
SM01201	FerB	0.999999999999539	-4.60789867091742e-13	2	0	0	23	5448
SM01084	CKS	0.999999999999539	-4.60789867091742e-13	2	0	0	23	5448
SM00751	BSD	0.999999999999539	-4.60789867091742e-13	2	0	0	23	5448
SM00836	DALR_1	0.999999999999539	-4.60789867091742e-13	2	0	0	23	5448
SM00544	MA3	0.999999999999539	-4.60789867091742e-13	2	0	0	23	5448
SM00467	GS	0.999999999999539	-4.60789867091742e-13	2	0	0	23	5448
SM01127	DDHD	0.999999999999539	-4.60789867091742e-13	2	0	0	23	5448
SM01182	EF-1_beta_acid	0.999999999999539	-4.60789867091742e-13	2	0	0	23	5448
SM00517	PolyA	0.999999999999539	-4.60789867091742e-13	2	0	0	23	5448
SM00559	Ku78	0.999999999999539	-4.60789867091742e-13	2	0	0	23	5448
SM00545	JmjN	0.999999999999539	-4.60789867091742e-13	2	0	0	23	5448
SM01194	eRF1_1	0.999999999999539	-4.60789867091742e-13	2	0	0	23	5448
SM00238	BIR	0.999999999999539	-4.60789867091742e-13	2	0	0	23	5448
SM00736	CADG	0.999999999999539	-4.60789867091742e-13	2	0	0	23	5448
SM00043	CY	0.999999999999539	-4.60789867091742e-13	2	0	0	23	5448
SM00562	NDK	0.999999999999539	-4.60789867091742e-13	2	0	0	23	5448
SM01145	DUF1041	0.999999999999539	-4.60789867091742e-13	2	0	0	23	5448
SM00363	S4	0.999999999999539	-4.60789867091742e-13	2	0	0	23	5448
SM01065	CBM_2	0.999999999999539	-4.60789867091742e-13	2	0	0	23	5448
SM01339	NODP	0.999999999999539	-4.60789867091742e-13	2	0	0	23	5448
SM01407	NAC	0.999999999999539	-4.60789867091742e-13	2	0	0	23	5448
SM00732	YqgFc	0.999999999999539	-4.60789867091742e-13	2	0	0	23	5448
SM00893	ETF	0.999999999999539	-4.60789867091742e-13	2	0	0	23	5448
SM00608	ACR	0.999999999999539	-4.60789867091742e-13	2	0	0	23	5448
SM00223	APPLE	0.999999999999539	-4.60789867091742e-13	2	0	0	23	5448
SM00101	14_3_3	0.999999999999539	-4.60789867091742e-13	2	0	0	23	5448
SM00649	RL11	0.999999999999539	-4.60789867091742e-13	2	0	0	23	5448
SM00086	PAC	0.999999999999539	-4.60789867091742e-13	2	0	0	23	5448
SM01415	DUF106	0.999999999999539	-4.60789867091742e-13	2	0	0	23	5448
SM00650	rADc	0.999999999999539	-4.60789867091742e-13	2	0	0	23	5448
SM00962	SRP54	0.999999999999539	-4.60789867091742e-13	2	0	0	23	5448
SM00955	RNB	0.999999999999539	-4.60789867091742e-13	2	0	0	23	5448
SM01070	CDC37_M	0.999999999999539	-4.60789867091742e-13	2	0	0	23	5448
SM01062	Ca_chan_IQ	0.999999999999539	-4.60789867091742e-13	2	0	0	23	5448
SM00661	RPOL9	0.999999999999539	-4.60789867091742e-13	2	0	0	23	5448
SM00652	eIF1a	0.999999999999539	-4.60789867091742e-13	2	0	0	23	5448
SM00311	PWI	0.999999999999539	-4.60789867091742e-13	2	0	0	23	5448
SM00436	TOP1Bc	0.999999999999539	-4.60789867091742e-13	2	0	0	23	5448
SM00573	HSA	0.999999999999539	-4.60789867091742e-13	2	0	0	23	5448
SM00331	PP2C_SIG	0.999999999999539	-4.60789867091742e-13	2	0	0	23	5448
SM00160	RanBD	0.999999999999539	-4.60789867091742e-13	2	0	0	23	5448
SM00307	ILWEQ	0.999999999999539	-4.60789867091742e-13	2	0	0	23	5448
SM00978	Tim44	0.999999999999539	-4.60789867091742e-13	2	0	0	23	5448
SM01200	FerA	0.999999999999539	-4.60789867091742e-13	2	0	0	23	5448
SM00391	MBD	0.999999999999539	-4.60789867091742e-13	2	0	0	23	5448
SM01142	DSHCT	0.999999999999539	-4.60789867091742e-13	2	0	0	23	5448
SM00851	MGS	0.999999999999539	-4.60789867091742e-13	2	0	0	23	5448
SM00235	ZnMc	1.00000000000015	1.52848714282654e-13	46	0	0	23	5448
SM00865	Tubulin_C	1.00000000000053	5.30087956062994e-13	15	0	0	23	5448
SM00563	PlsC	1.00000000000053	5.30087956062994e-13	15	0	0	23	5448
SM00297	BROMO	1.00000000000053	5.30087956062994e-13	15	0	0	23	5448
SM00703	NRF	1.00000000000053	5.30087956062994e-13	15	0	0	23	5448
SM00353	HLH	1.00000000000066	6.63395047010733e-13	36	0	0	23	5448
SM00198	SCP	1.00000000000101	1.0051712254122e-12	32	0	0	23	5448
SM00356	ZnF_C3H1	1.00000000000101	1.0051712254122e-12	32	0	0	23	5448
SM00271	DnaJ	1.00000000000101	1.0051712254122e-12	32	0	0	23	5448
SM00322	KH	1.00000000000122	1.22113799245037e-12	27	0	0	23	5448
SM00343	ZnF_C2HC	1.00000000000124	1.24210881171721e-12	11	0	0	23	5448
SM00312	PX	1.00000000000124	1.24210881171721e-12	11	0	0	23	5448
SM00025	Pumilio	1.00000000000124	1.24210881171721e-12	11	0	0	23	5448
SM00332	PP2Cc	1.00000000000124	1.24210881171721e-12	11	0	0	23	5448
SM00268	ACTIN	1.00000000000124	1.24210881171721e-12	11	0	0	23	5448
SM00647	IBR	1.00000000000124	1.24210881171721e-12	11	0	0	23	5448
SM00180	EGF_Lam	1.00000000000124	1.24210881171721e-12	11	0	0	23	5448
SM00244	PHB	1.00000000000124	1.24210881171721e-12	11	0	0	23	5448
SM00847	HA2	1.00000000000124	1.24210881171721e-12	11	0	0	23	5448
SM00112	CA	1.00000000000124	1.24210881171721e-12	11	0	0	23	5448
SM00301	DM	1.00000000000124	1.24210881171721e-12	11	0	0	23	5448
SM00449	SPRY	1.00000000000124	1.24210881171721e-12	11	0	0	23	5448
SM00583	SPK	1.00000000000135	1.353550346592e-12	37	0	0	23	5448
SM00044	CYCc	1.00000000000135	1.353550346592e-12	37	0	0	23	5448
SM00809	Alpha_adaptinC2	1.00000000000151	1.50635554246042e-12	3	0	0	23	5448
SM00434	TOP4c	1.00000000000151	1.50635554246042e-12	3	0	0	23	5448
SM00852	MoCF_biosynth	1.00000000000151	1.50635554246042e-12	3	0	0	23	5448
SM00237	Calx_beta	1.00000000000151	1.50635554246042e-12	3	0	0	23	5448
SM00504	Ubox	1.00000000000151	1.50635554246042e-12	3	0	0	23	5448
SM00980	THAP	1.00000000000151	1.50635554246042e-12	3	0	0	23	5448
SM00723	AMOP	1.00000000000151	1.50635554246042e-12	3	0	0	23	5448
SM00581	PSP	1.00000000000151	1.50635554246042e-12	3	0	0	23	5448
SM00284	OLF	1.00000000000151	1.50635554246042e-12	3	0	0	23	5448
SM00270	ChtBD1	1.00000000000151	1.50635554246042e-12	3	0	0	23	5448
SM00823	PKS_PP	1.00000000000151	1.50635554246042e-12	3	0	0	23	5448
SM00773	WGR	1.00000000000151	1.50635554246042e-12	3	0	0	23	5448
SM00726	UIM	1.00000000000151	1.50635554246042e-12	3	0	0	23	5448
SM00262	GEL	1.00000000000151	1.50635554246042e-12	3	0	0	23	5448
SM01175	DUF4206	1.00000000000151	1.50635554246042e-12	3	0	0	23	5448
SM00686	DM13	1.00000000000151	1.50635554246042e-12	3	0	0	23	5448
SM01287	Rtt106	1.00000000000151	1.50635554246042e-12	3	0	0	23	5448
SM00341	HRDC	1.00000000000151	1.50635554246042e-12	3	0	0	23	5448
SM00491	HELICc2	1.00000000000151	1.50635554246042e-12	3	0	0	23	5448
SM01041	BRO1	1.00000000000151	1.50635554246042e-12	3	0	0	23	5448
SM00441	FF	1.00000000000151	1.50635554246042e-12	3	0	0	23	5448
SM00564	PQQ	1.00000000000151	1.50635554246042e-12	3	0	0	23	5448
SM00648	SWAP	1.00000000000151	1.50635554246042e-12	3	0	0	23	5448
SM00392	PROF	1.00000000000151	1.50635554246042e-12	3	0	0	23	5448
SM00280	KAZAL	1.00000000000151	1.50635554246042e-12	3	0	0	23	5448
SM00264	BAG	1.00000000000151	1.50635554246042e-12	3	0	0	23	5448
SM00825	PKS_KS	1.00000000000151	1.50635554246042e-12	3	0	0	23	5448
SM00693	DysFN	1.00000000000151	1.50635554246042e-12	3	0	0	23	5448
SM01337	APC10	1.00000000000151	1.50635554246042e-12	3	0	0	23	5448
SM00041	CT	1.00000000000151	1.50635554246042e-12	3	0	0	23	5448
SM00218	ZU5	1.00000000000151	1.50635554246042e-12	3	0	0	23	5448
SM00464	LON	1.00000000000151	1.50635554246042e-12	3	0	0	23	5448
SM00571	DDT	1.00000000000151	1.50635554246042e-12	3	0	0	23	5448
SM00154	ZnF_AN1	1.00000000000151	1.50635554246042e-12	3	0	0	23	5448
SM01161	DUF1767	1.00000000000151	1.50635554246042e-12	3	0	0	23	5448
SM00021	DAX	1.00000000000151	1.50635554246042e-12	3	0	0	23	5448
SM01140	Drf_GBD	1.00000000000151	1.50635554246042e-12	3	0	0	23	5448
SM00330	PIPKc	1.00000000000151	1.50635554246042e-12	3	0	0	23	5448
SM00151	SWIB	1.00000000000151	1.50635554246042e-12	3	0	0	23	5448
SM00261	FU	1.00000000000151	1.50635554246042e-12	3	0	0	23	5448
SM00166	UBX	1.00000000000151	1.50635554246042e-12	3	0	0	23	5448
SM00931	NOSIC	1.00000000000151	1.50635554246042e-12	3	0	0	23	5448
SM00488	DEXDc2	1.00000000000151	1.50635554246042e-12	3	0	0	23	5448
SM00090	RIO	1.00000000000151	1.50635554246042e-12	3	0	0	23	5448
SM00243	GAS2	1.00000000000151	1.50635554246042e-12	3	0	0	23	5448
SM00969	SOCS_box	1.00000000000151	1.50635554246042e-12	3	0	0	23	5448
SM00137	MAM	1.00000000000151	1.50635554246042e-12	3	0	0	23	5448
SM00130	KR	1.00000000000151	1.50635554246042e-12	3	0	0	23	5448
SM00569	L27	1.00000000000151	1.50635554246042e-12	3	0	0	23	5448
SM01015	Arfaptin	1.00000000000151	1.50635554246042e-12	3	0	0	23	5448
SM00704	ZnF_CDGSH	1.00000000000151	1.50635554246042e-12	3	0	0	23	5448
SM00139	MyTH4	1.00000000000151	1.50635554246042e-12	3	0	0	23	5448
SM00863	tRNA_SAD	1.00000000000151	1.50635554246042e-12	3	0	0	23	5448
SM00570	AWS	1.00000000000151	1.50635554246042e-12	3	0	0	23	5448
SM00231	FA58C	1.00000000000151	1.50635554246042e-12	3	0	0	23	5448
SM01403	Ribosomal_S10	1.00000000000151	1.50635554246042e-12	3	0	0	23	5448
SM00142	PI3K_C2	1.00000000000151	1.50635554246042e-12	3	0	0	23	5448
SM00085	PA2c	1.00000000000151	1.50635554246042e-12	3	0	0	23	5448
SM00715	LA	1.00000000000151	1.50635554246042e-12	3	0	0	23	5448
SM01218	FoP_duplication	1.00000000000151	1.50635554246042e-12	3	0	0	23	5448
SM00552	ADEAMc	1.00000000000151	1.50635554246042e-12	3	0	0	23	5448
SM01073	CDC48_N	1.00000000000151	1.50635554246042e-12	3	0	0	23	5448
SM00735	ZM	1.00000000000151	1.50635554246042e-12	3	0	0	23	5448
SM00540	LEM	1.00000000000151	1.50635554246042e-12	3	0	0	23	5448
SM00663	RPOLA_N	1.00000000000151	1.50635554246042e-12	3	0	0	23	5448
SM00352	POU	1.00000000000151	1.50635554246042e-12	3	0	0	23	5448
SM00359	PUA	1.00000000000151	1.50635554246042e-12	3	0	0	23	5448
SM00134	LU	1.00000000000151	1.50635554246042e-12	3	0	0	23	5448
SM01178	DUF4217	1.00000000000151	1.50635554246042e-12	3	0	0	23	5448
SM00673	CARP	1.00000000000151	1.50635554246042e-12	3	0	0	23	5448
SM00872	Alpha-mann_mid	1.00000000000151	1.50635554246042e-12	3	0	0	23	5448
SM00433	TOP2c	1.00000000000151	1.50635554246042e-12	3	0	0	23	5448
SM00991	WHEP-TRS	1.00000000000151	1.50635554246042e-12	3	0	0	23	5448
SM00053	DYNc	1.00000000000151	1.50635554246042e-12	3	0	0	23	5448
SM00916	L51_S25_CI-B8	1.00000000000151	1.50635554246042e-12	3	0	0	23	5448
SM01060	Catalase	1.00000000000151	1.50635554246042e-12	3	0	0	23	5448
SM00827	PKS_AT	1.00000000000151	1.50635554246042e-12	3	0	0	23	5448
SM01139	Drf_FH3	1.00000000000151	1.50635554246042e-12	3	0	0	23	5448
SM00973	Sec63	1.00000000000151	1.50635554246042e-12	3	0	0	23	5448
SM00694	DysFC	1.00000000000151	1.50635554246042e-12	3	0	0	23	5448
SM00393	R3H	1.00000000000151	1.50635554246042e-12	3	0	0	23	5448
SM01007	Aldolase_II	1.00000000000151	1.50635554246042e-12	3	0	0	23	5448
SM00879	Brix	1.00000000000186	1.86196190574072e-12	5	0	0	23	5448
SM00222	Sec7	1.00000000000186	1.86196190574072e-12	5	0	0	23	5448
SM00968	SMC_hinge	1.00000000000186	1.86196190574072e-12	5	0	0	23	5448
SM00861	Transket_pyr	1.00000000000186	1.86196190574072e-12	5	0	0	23	5448
SM00730	PSN	1.00000000000186	1.86196190574072e-12	5	0	0	23	5448
SM00036	CNH	1.00000000000186	1.86196190574072e-12	5	0	0	23	5448
SM00638	LPD_N	1.00000000000186	1.86196190574072e-12	5	0	0	23	5448
SM00186	FBG	1.00000000000186	1.86196190574072e-12	5	0	0	23	5448
SM00503	SynN	1.00000000000186	1.86196190574072e-12	5	0	0	23	5448
SM00630	Sema	1.00000000000186	1.86196190574072e-12	5	0	0	23	5448
SM00461	WH1	1.00000000000186	1.86196190574072e-12	5	0	0	23	5448
SM01411	Ephrin_rec_like	1.00000000000186	1.86196190574072e-12	5	0	0	23	5448
SM00502	BBC	1.00000000000186	1.86196190574072e-12	5	0	0	23	5448
SM00582	RPR	1.00000000000186	1.86196190574072e-12	5	0	0	23	5448
SM00120	HX	1.00000000000186	1.86196190574072e-12	5	0	0	23	5448
SM01230	Gln-synt_C	1.00000000000186	1.86196190574072e-12	5	0	0	23	5448
SM00014	acidPPc	1.00000000000186	1.86196190574072e-12	5	0	0	23	5448
SM00801	dDENN	1.00000000000186	1.86196190574072e-12	5	0	0	23	5448
SM01169	DUF1943	1.00000000000186	1.86196190574072e-12	5	0	0	23	5448
SM00257	LysM	1.00000000000186	1.86196190574072e-12	5	0	0	23	5448
SM00721	BAR	1.00000000000186	1.86196190574072e-12	5	0	0	23	5448
SM00799	DENN	1.00000000000186	1.86196190574072e-12	5	0	0	23	5448
SM00739	KOW	1.00000000000186	1.86196190574072e-12	5	0	0	23	5448
SM00414	H2A	1.00000000000186	1.86196190574072e-12	5	0	0	23	5448
SM01163	DUF1785	1.00000000000186	1.86196190574072e-12	5	0	0	23	5448
SM01052	CAP_GLY	1.00000000000186	1.86196190574072e-12	5	0	0	23	5448
SM00357	CSP	1.00000000000186	1.86196190574072e-12	5	0	0	23	5448
SM00800	uDENN	1.00000000000186	1.86196190574072e-12	5	0	0	23	5448
SM00710	PbH1	1.00000000000186	1.86196190574072e-12	5	0	0	23	5448
SM00290	ZnF_UBP	1.00000000000186	1.86196190574072e-12	5	0	0	23	5448
SM00501	BRIGHT	1.00000000000186	1.86196190574072e-12	5	0	0	23	5448
SM00878	Biotin_carb_C	1.00000000000186	1.86196190574072e-12	5	0	0	23	5448
SM00097	WNT1	1.00000000000186	1.86196190574072e-12	5	0	0	23	5448
SM00577	CPDc	1.00000000000186	1.86196190574072e-12	5	0	0	23	5448
SM00128	IPPc	1.00000000000186	1.86196190574072e-12	5	0	0	23	5448
SM00670	PINc	1.00000000000186	1.86196190574072e-12	5	0	0	23	5448
SM00204	TGFB	1.00000000000186	1.86196190574072e-12	5	0	0	23	5448
SM00136	LamNT	1.00000000000186	1.86196190574072e-12	5	0	0	23	5448
SM00005	DEATH	1.00000000000186	1.86196190574072e-12	5	0	0	23	5448
SM00063	FRI	1.00000000000186	1.86196190574072e-12	5	0	0	23	5448
SM00486	POLBc	1.00000000000186	1.86196190574072e-12	5	0	0	23	5448
SM00423	PSI	1.00000000000186	1.86196190574072e-12	5	0	0	23	5448
SM00614	ZnF_BED	1.00000000000186	1.86196190574072e-12	5	0	0	23	5448
SM00367	LRR_CC	1.00000000000186	1.86196190574072e-12	5	0	0	23	5448
SM00369	LRR_TYP	1.00000000000204	2.03582972946398e-12	38	0	0	23	5448
SM00241	ZP	1.00000000000204	2.03582972946398e-12	38	0	0	23	5448
SM00060	FN3	1.00000000000204	2.03582972946398e-12	38	0	0	23	5448
SM00054	EFh	1.00000000000221	2.20714332583052e-12	53	0	0	23	5448
SM00252	SH2	1.00000000000221	2.20714332583052e-12	53	0	0	23	5448
SM00249	PHD	1.00000000000227	2.27455102412634e-12	35	0	0	23	5448
SM00131	KU	1.00000000000227	2.27455102412634e-12	35	0	0	23	5448
SM00409	IG	1.00000000000254	2.54285302160097e-12	51	0	0	23	5448
SM00408	IGc2	1.00000000000279	2.78676425181068e-12	50	0	0	23	5448
SM00605	CW	1.00000000000279	2.78676425181068e-12	50	0	0	23	5448
SM00849	Lactamase_B	1.00000000000333	3.32552008457915e-12	12	0	0	23	5448
SM00558	JmjC	1.00000000000333	3.32552008457915e-12	12	0	0	23	5448
SM00829	PKS_ER	1.00000000000333	3.32552008457915e-12	12	0	0	23	5448
SM00230	CysPc	1.00000000000333	3.32552008457915e-12	12	0	0	23	5448
SM00129	KISc	1.00000000000366	3.65841353148439e-12	19	0	0	23	5448
SM00292	BRCT	1.00000000000366	3.65841353148439e-12	19	0	0	23	5448
SM00456	WW	1.00000000000366	3.65841353148439e-12	19	0	0	23	5448
SM00164	TBC	1.00000000000366	3.65841353148439e-12	19	0	0	23	5448
SM00325	RhoGEF	1.00000000000366	3.65841353148439e-12	19	0	0	23	5448
SM00389	HOX	1.0000000000041	4.09760620041917e-12	96	0	0	23	5448
SM01088	Col_cuticle_N	1.00000000000417	4.17019333914761e-12	156	0	0	23	5448
SM00645	Pept_C1	1.00000000000438	4.38092833275223e-12	29	0	0	23	5448
SM00450	RHOD	1.00000000000441	4.41324681865468e-12	13	0	0	23	5448
SM00631	Zn_pept	1.00000000000441	4.41324681865468e-12	13	0	0	23	5448
SM00875	BACK	1.00000000000441	4.41324681865468e-12	13	0	0	23	5448
SM00613	PAW	1.00000000000441	4.41324681865468e-12	13	0	0	23	5448
SM00088	PINT	1.00000000000441	4.41324681865468e-12	13	0	0	23	5448
SM00714	LITAF	1.00000000000441	4.41324681865468e-12	13	0	0	23	5448
SM00361	RRM_1	1.00000000000441	4.41324681865468e-12	13	0	0	23	5448
SM00401	ZnF_GATA	1.00000000000441	4.41324681865468e-12	13	0	0	23	5448
SM00430	HOLI	1.00000000000473	4.725724365021e-12	250	0	0	23	5448
SM00233	PH	1.00000000000473	4.732065774479e-12	66	0	0	23	5448
SM00547	ZnF_RBZ	1.00000000000482	4.8209380303695e-12	8	0	0	23	5448
SM00667	LisH	1.00000000000482	4.8209380303695e-12	8	0	0	23	5448
SM00274	FOLN	1.00000000000482	4.8209380303695e-12	8	0	0	23	5448
SM00285	PBD	1.00000000000482	4.8209380303695e-12	8	0	0	23	5448
SM00333	TUDOR	1.00000000000482	4.8209380303695e-12	8	0	0	23	5448
SM00147	RasGEF	1.00000000000482	4.8209380303695e-12	8	0	0	23	5448
SM00358	DSRM	1.00000000000482	4.8209380303695e-12	8	0	0	23	5448
SM00524	DWB	1.00000000000482	4.8209380303695e-12	8	0	0	23	5448
SM00413	ETS	1.00000000000482	4.8209380303695e-12	8	0	0	23	5448
SM00082	LRRCT	1.00000000000482	4.8209380303695e-12	8	0	0	23	5448
SM01349	TOG	1.00000000000482	4.8209380303695e-12	8	0	0	23	5448
SM00458	RICIN	1.00000000000482	4.8209380303695e-12	8	0	0	23	5448
SM01190	EMP24_GP25L	1.00000000000482	4.8209380303695e-12	8	0	0	23	5448
SM00209	TSP1	1.00000000000529	5.28661259412926e-12	28	0	0	23	5448
SM01381	7TM_GPCR_Srsx	1.00000000000561	5.60803782660178e-12	76	0	0	23	5448
SM00487	DEXDc	1.00000000000581	5.81382605098544e-12	79	0	0	23	5448
SM00741	SapB	1.00000000000632	6.31698836532264e-12	23	0	0	23	5448
SM00324	RhoGAP	1.00000000000632	6.31698836532264e-12	23	0	0	23	5448
SM00192	LDLa	1.00000000000632	6.31698836532264e-12	23	0	0	23	5448
SM01057	Carb_anhydrase	1.00000000000658	6.57560655181903e-12	6	0	0	23	5448
SM00008	HormR	1.00000000000658	6.57560655181903e-12	6	0	0	23	5448
SM00093	SERPIN	1.00000000000658	6.57560655181903e-12	6	0	0	23	5448
SM00211	TY	1.00000000000658	6.57560655181903e-12	6	0	0	23	5448
SM00884	Cullin_Nedd8	1.00000000000658	6.57560655181903e-12	6	0	0	23	5448
SM00316	S1	1.00000000000658	6.57560655181903e-12	6	0	0	23	5448
SM00135	LY	1.00000000000658	6.57560655181903e-12	6	0	0	23	5448
SM00091	PAS	1.00000000000658	6.57560655181903e-12	6	0	0	23	5448
SM00537	DCX	1.00000000000658	6.57560655181903e-12	6	0	0	23	5448
SM00508	PostSET	1.00000000000658	6.57560655181903e-12	6	0	0	23	5448
SM00729	Elp3	1.00000000000658	6.57560655181903e-12	6	0	0	23	5448
SM00668	CTLH	1.00000000000658	6.57560655181903e-12	6	0	0	23	5448
SM01375	Dynein_light	1.00000000000658	6.57560655181903e-12	6	0	0	23	5448
SM00148	PLCXc	1.00000000000658	6.57560655181903e-12	6	0	0	23	5448
SM00855	PGAM	1.00000000000658	6.57560655181903e-12	6	0	0	23	5448
SM00591	RWD	1.00000000000658	6.57560655181903e-12	6	0	0	23	5448
SM00350	MCM	1.00000000000658	6.57560655181903e-12	6	0	0	23	5448
SM00720	calpain_III	1.00000000000658	6.57560655181903e-12	6	0	0	23	5448
SM00155	PLDc	1.00000000000658	6.57560655181903e-12	6	0	0	23	5448
SM01109	CUT	1.00000000000658	6.57560655181903e-12	6	0	0	23	5448
SM01332	Cyclin_C	1.00000000000658	6.57560655181903e-12	6	0	0	23	5448
SM00593	RUN	1.00000000000658	6.57560655181903e-12	6	0	0	23	5448
SM00543	MIF4G	1.00000000000658	6.57560655181903e-12	6	0	0	23	5448
SM00273	ENTH	1.00000000000658	6.57560655181903e-12	6	0	0	23	5448
SM00665	B561	1.00000000000658	6.57560655181903e-12	6	0	0	23	5448
SM01329	Iso_dh	1.00000000000658	6.57560655181903e-12	6	0	0	23	5448
SM00838	EFG_C	1.00000000000658	6.57560655181903e-12	6	0	0	23	5448
SM00149	PLCYc	1.00000000000658	6.57560655181903e-12	6	0	0	23	5448
SM00105	ArfGap	1.00000000000658	6.57560655181903e-12	6	0	0	23	5448
SM00303	GPS	1.00000000000658	6.57560655181903e-12	6	0	0	23	5448
SM00539	NIDO	1.00000000000658	6.57560655181903e-12	6	0	0	23	5448
SM00229	RasGEFN	1.00000000000658	6.57560655181903e-12	6	0	0	23	5448
SM00551	ZnF_TAZ	1.00000000000658	6.57560655181903e-12	6	0	0	23	5448
SM00276	GLECT	1.00000000000711	7.11043516711995e-12	25	0	0	23	5448
SM00908	Gal-bind_lectin	1.00000000000711	7.11043516711995e-12	25	0	0	23	5448
SM01017	Arrestin_C	1.00000000000711	7.11043516711995e-12	25	0	0	23	5448
SM00213	UBQ	1.00000000000711	7.11043516711995e-12	25	0	0	23	5448
SM00219	TyrKc	1.00000000000716	7.15914366800417e-12	67	0	0	23	5448
SM00133	S_TK_X	1.00000000000725	7.25332305934522e-12	20	0	0	23	5448
SM00298	CHROMO	1.00000000000725	7.25332305934522e-12	20	0	0	23	5448
SM00612	Kelch	1.00000000000781	7.80793782478613e-12	10	0	0	23	5448
SM00291	ZnF_ZZ	1.00000000000781	7.80793782478613e-12	10	0	0	23	5448
SM00146	PI3Kc	1.00000000000781	7.80793782478613e-12	10	0	0	23	5448
SM00020	Tryp_SPc	1.00000000000781	7.80793782478613e-12	10	0	0	23	5448
SM00051	DSL	1.00000000000781	7.80793782478613e-12	10	0	0	23	5448
SM00305	HintC	1.00000000000781	7.80793782478613e-12	10	0	0	23	5448
SM00479	EXOIII	1.00000000000781	7.80793782478613e-12	10	0	0	23	5448
SM01196	FERM_C	1.00000000000781	7.80793782478613e-12	10	0	0	23	5448
SM00240	FHA	1.00000000000781	7.80793782478613e-12	10	0	0	23	5448
SM00306	HintN	1.00000000000781	7.80793782478613e-12	10	0	0	23	5448
SM00351	PAX	1.00000000000781	7.80793782478613e-12	10	0	0	23	5448
SM01391	Filament	1.00000000000781	7.80793782478613e-12	10	0	0	23	5448
SM00185	ARM	1.00000000000781	7.80793782478613e-12	10	0	0	23	5448
SM00275	G_alpha	1.00000000000843	8.4298770711209e-12	22	0	0	23	5448
SM00512	Skp1	1.00000000000843	8.4298770711209e-12	22	0	0	23	5448
SM00239	C2	1.00000000000849	8.486127410114e-12	41	0	0	23	5448
SM00179	EGF_CA	1.00000000000849	8.486127410114e-12	41	0	0	23	5448
SM00397	t_SNARE	1.00000000000909	9.09193393100991e-12	14	0	0	23	5448
SM00195	DSPc	1.00000000000909	9.09193393100991e-12	14	0	0	23	5448
SM00100	cNMP	1.00000000000909	9.09193393100991e-12	14	0	0	23	5448
SM00282	LamG	1.00000000000909	9.09193393100991e-12	14	0	0	23	5448
SM00516	SEC14	1.00000000000909	9.09193393100991e-12	14	0	0	23	5448
SM00443	G_patch	1.00000000000909	9.09193393100991e-12	14	0	0	23	5448
SM00327	VWA	1.00000000000933	9.33036404796313e-12	43	0	0	23	5448
SM00360	RRM	1.00000000001058	1.05849623723202e-11	100	0	0	23	5448
SM00399	ZnF_C4	1.00000000001078	1.07815462701676e-11	255	0	0	23	5448
SM00181	EGF	1.00000000001089	1.08928980687546e-11	73	0	0	23	5448
SM00194	PTPc	1.00000000001139	1.13877421054872e-11	78	0	0	23	5448
SM00490	HELICc	1.00000000001139	1.13877421054872e-11	78	0	0	23	5448
SM00404	PTPc_motif	1.00000000001183	1.18295368415529e-11	88	0	0	23	5448
SM00990	VRR_NUC	1.00000000001208	1.20820350252293e-11	1	0	0	23	5448
SM00659	RPOLCX	1.00000000001208	1.20820350252293e-11	1	0	0	23	5448
SM01133	DeoC	1.00000000001208	1.20820350252293e-11	1	0	0	23	5448
SM01395	Tbf5	1.00000000001208	1.20820350252293e-11	1	0	0	23	5448
SM00250	PLEC	1.00000000001208	1.20820350252293e-11	1	0	0	23	5448
SM01377	Ribosomal_L40e	1.00000000001208	1.20820350252293e-11	1	0	0	23	5448
SM01083	Cir_N	1.00000000001208	1.20820350252293e-11	1	0	0	23	5448
SM01000	Aha1_N	1.00000000001208	1.20820350252293e-11	1	0	0	23	5448
SM01249	KASH	1.00000000001208	1.20820350252293e-11	1	0	0	23	5448
SM00121	IB	1.00000000001208	1.20820350252293e-11	1	0	0	23	5448
SM00505	Knot1	1.00000000001208	1.20820350252293e-11	1	0	0	23	5448
SM01284	ECSIT_Cterm	1.00000000001208	1.20820350252293e-11	1	0	0	23	5448
SM01346	DUF3385	1.00000000001208	1.20820350252293e-11	1	0	0	23	5448
SM01386	Ribosomal_S13_N	1.00000000001208	1.20820350252293e-11	1	0	0	23	5448
SM01198	FBA	1.00000000001208	1.20820350252293e-11	1	0	0	23	5448
SM01307	RICTOR_M	1.00000000001208	1.20820350252293e-11	1	0	0	23	5448
SM00929	NADH-G_4Fe-4S_3	1.00000000001208	1.20820350252293e-11	1	0	0	23	5448
SM01100	CRAL_TRIO_N	1.00000000001208	1.20820350252293e-11	1	0	0	23	5448
SM00538	POP4	1.00000000001208	1.20820350252293e-11	1	0	0	23	5448
SM01328	zf-3CxxC	1.00000000001208	1.20820350252293e-11	1	0	0	23	5448
SM00510	TFS2M	1.00000000001208	1.20820350252293e-11	1	0	0	23	5448
SM00465	GIYc	1.00000000001208	1.20820350252293e-11	1	0	0	23	5448
SM00143	PI3K_p85B	1.00000000001208	1.20820350252293e-11	1	0	0	23	5448
SM01122	DBC1	1.00000000001208	1.20820350252293e-11	1	0	0	23	5448
SM00811	Alpha_kinase	1.00000000001208	1.20820350252293e-11	1	0	0	23	5448
SM00683	DM16	1.00000000001208	1.20820350252293e-11	1	0	0	23	5448
SM01387	Ribosomal_S15	1.00000000001208	1.20820350252293e-11	1	0	0	23	5448
SM00870	Asparaginase	1.00000000001208	1.20820350252293e-11	1	0	0	23	5448
SM00839	ELFV_dehydrog	1.00000000001208	1.20820350252293e-11	1	0	0	23	5448
SM00554	FAS1	1.00000000001208	1.20820350252293e-11	1	0	0	23	5448
SM01039	BRICHOS	1.00000000001208	1.20820350252293e-11	1	0	0	23	5448
SM01144	DTW	1.00000000001208	1.20820350252293e-11	1	0	0	23	5448
SM01347	Mre11_DNA_bind	1.00000000001208	1.20820350252293e-11	1	0	0	23	5448
SM01314	SnAC	1.00000000001208	1.20820350252293e-11	1	0	0	23	5448
SM01013	APC2	1.00000000001208	1.20820350252293e-11	1	0	0	23	5448
SM00310	PTBI	1.00000000001208	1.20820350252293e-11	1	0	0	23	5448
SM00531	TFIIE	1.00000000001208	1.20820350252293e-11	1	0	0	23	5448
SM00321	WSC	1.00000000001208	1.20820350252293e-11	1	0	0	23	5448
SM01408	ING	1.00000000001208	1.20820350252293e-11	1	0	0	23	5448
SM01242	Integrin_B_tail	1.00000000001208	1.20820350252293e-11	1	0	0	23	5448
SM00226	LMWPc	1.00000000001208	1.20820350252293e-11	1	0	0	23	5448
SM01267	LAG1_DNAbind	1.00000000001208	1.20820350252293e-11	1	0	0	23	5448
SM00095	TR_THY	1.00000000001208	1.20820350252293e-11	1	0	0	23	5448
SM01396	BC10	1.00000000001208	1.20820350252293e-11	1	0	0	23	5448
SM01033	BING4CT	1.00000000001208	1.20820350252293e-11	1	0	0	23	5448
SM01293	DUF3402	1.00000000001208	1.20820350252293e-11	1	0	0	23	5448
SM01180	DWNN	1.00000000001208	1.20820350252293e-11	1	0	0	23	5448
SM00896	FDX-ACB	1.00000000001208	1.20820350252293e-11	1	0	0	23	5448
SM01274	malic	1.00000000001208	1.20820350252293e-11	1	0	0	23	5448
SM01071	CDC37_N	1.00000000001208	1.20820350252293e-11	1	0	0	23	5448
SM00932	Nfu_N	1.00000000001208	1.20820350252293e-11	1	0	0	23	5448
SM00506	A1pp	1.00000000001208	1.20820350252293e-11	1	0	0	23	5448
SM01138	DP	1.00000000001208	1.20820350252293e-11	1	0	0	23	5448
SM00719	Plus3	1.00000000001208	1.20820350252293e-11	1	0	0	23	5448
SM01281	Med12	1.00000000001208	1.20820350252293e-11	1	0	0	23	5448
SM00738	NGN	1.00000000001208	1.20820350252293e-11	1	0	0	23	5448
SM01253	Kin17_mid	1.00000000001208	1.20820350252293e-11	1	0	0	23	5448
SM01036	BP28CT	1.00000000001208	1.20820350252293e-11	1	0	0	23	5448
SM01393	Ribosomal_L32e	1.00000000001208	1.20820350252293e-11	1	0	0	23	5448
SM01360	A2M	1.00000000001208	1.20820350252293e-11	1	0	0	23	5448
SM00265	BH4	1.00000000001208	1.20820350252293e-11	1	0	0	23	5448
SM00986	UDG	1.00000000001208	1.20820350252293e-11	1	0	0	23	5448
SM01137	DMAP_binding	1.00000000001208	1.20820350252293e-11	1	0	0	23	5448
SM01069	CDC37_C	1.00000000001208	1.20820350252293e-11	1	0	0	23	5448
SM01152	DUF167	1.00000000001208	1.20820350252293e-11	1	0	0	23	5448
SM01368	RB_A	1.00000000001208	1.20820350252293e-11	1	0	0	23	5448
SM00459	Sorb	1.00000000001208	1.20820350252293e-11	1	0	0	23	5448
SM00761	HDAC_interact	1.00000000001208	1.20820350252293e-11	1	0	0	23	5448
SM01268	BTD	1.00000000001208	1.20820350252293e-11	1	0	0	23	5448
SM01273	Mago-bind	1.00000000001208	1.20820350252293e-11	1	0	0	23	5448
SM01016	Arg_tRNA_synt_N	1.00000000001208	1.20820350252293e-11	1	0	0	23	5448
SM00803	TAF	1.00000000001208	1.20820350252293e-11	1	0	0	23	5448
SM00152	THY	1.00000000001208	1.20820350252293e-11	1	0	0	23	5448
SM01102	CRM1_C	1.00000000001208	1.20820350252293e-11	1	0	0	23	5448
SM00853	MutL_C	1.00000000001208	1.20820350252293e-11	1	0	0	23	5448
SM00742	Hr1	1.00000000001208	1.20820350252293e-11	1	0	0	23	5448
SM00615	EPH_lbd	1.00000000001208	1.20820350252293e-11	1	0	0	23	5448
SM00706	TECPR	1.00000000001208	1.20820350252293e-11	1	0	0	23	5448
SM01278	MAPKK1_Int	1.00000000001208	1.20820350252293e-11	1	0	0	23	5448
SM01087	COG6	1.00000000001208	1.20820350252293e-11	1	0	0	23	5448
SM01398	Cornichon	1.00000000001208	1.20820350252293e-11	1	0	0	23	5448
SM00984	UDPG_MGDP_dh_C	1.00000000001208	1.20820350252293e-11	1	0	0	23	5448
SM00826	PKS_DH	1.00000000001208	1.20820350252293e-11	1	0	0	23	5448
SM00515	eIF5C	1.00000000001208	1.20820350252293e-11	1	0	0	23	5448
SM00750	KIND	1.00000000001208	1.20820350252293e-11	1	0	0	23	5448
SM00733	Mterf	1.00000000001208	1.20820350252293e-11	1	0	0	23	5448
SM00435	TOPEUc	1.00000000001208	1.20820350252293e-11	1	0	0	23	5448
SM00928	NADH_4Fe-4S	1.00000000001208	1.20820350252293e-11	1	0	0	23	5448
SM00536	AXH	1.00000000001208	1.20820350252293e-11	1	0	0	23	5448
SM01254	KLRAQ	1.00000000001208	1.20820350252293e-11	1	0	0	23	5448
SM00828	PKS_MT	1.00000000001208	1.20820350252293e-11	1	0	0	23	5448
SM00711	TDU	1.00000000001208	1.20820350252293e-11	1	0	0	23	5448
SM01032	BHD_3	1.00000000001208	1.20820350252293e-11	1	0	0	23	5448
SM01120	Dak2	1.00000000001208	1.20820350252293e-11	1	0	0	23	5448
SM01168	DUF1907	1.00000000001208	1.20820350252293e-11	1	0	0	23	5448
SM01176	DUF4208	1.00000000001208	1.20820350252293e-11	1	0	0	23	5448
SM00643	C345C	1.00000000001208	1.20820350252293e-11	1	0	0	23	5448
SM00883	Cpn10	1.00000000001208	1.20820350252293e-11	1	0	0	23	5448
SM00682	G2F	1.00000000001208	1.20820350252293e-11	1	0	0	23	5448
SM00477	NUC	1.00000000001208	1.20820350252293e-11	1	0	0	23	5448
SM01280	Mcm10	1.00000000001208	1.20820350252293e-11	1	0	0	23	5448
SM00707	RPEL	1.00000000001208	1.20820350252293e-11	1	0	0	23	5448
SM01135	DIRP	1.00000000001208	1.20820350252293e-11	1	0	0	23	5448
SM00762	Cog4	1.00000000001208	1.20820350252293e-11	1	0	0	23	5448
SM00997	AdoHcyase_NAD	1.00000000001208	1.20820350252293e-11	1	0	0	23	5448
SM01077	Cg6151-P	1.00000000001208	1.20820350252293e-11	1	0	0	23	5448
SM01051	CAMSAP_CKK	1.00000000001208	1.20820350252293e-11	1	0	0	23	5448
SM00567	EZ_HEAT	1.00000000001208	1.20820350252293e-11	1	0	0	23	5448
SM00692	DM3	1.00000000001208	1.20820350252293e-11	1	0	0	23	5448
SM00798	AICARFT_IMPCHas	1.00000000001208	1.20820350252293e-11	1	0	0	23	5448
SM00278	HhH1	1.00000000001208	1.20820350252293e-11	1	0	0	23	5448
SM01096	CPSase_L_D3	1.00000000001208	1.20820350252293e-11	1	0	0	23	5448
SM00658	RPOL8c	1.00000000001208	1.20820350252293e-11	1	0	0	23	5448
SM00998	ADSL_C	1.00000000001208	1.20820350252293e-11	1	0	0	23	5448
SM01250	KAT11	1.00000000001208	1.20820350252293e-11	1	0	0	23	5448
SM00542	FYRC	1.00000000001208	1.20820350252293e-11	1	0	0	23	5448
SM01359	A2M_N_2	1.00000000001208	1.20820350252293e-11	1	0	0	23	5448
SM01296	N2227	1.00000000001208	1.20820350252293e-11	1	0	0	23	5448
SM01350	6PGD	1.00000000001208	1.20820350252293e-11	1	0	0	23	5448
SM00509	TFS2N	1.00000000001208	1.20820350252293e-11	1	0	0	23	5448
SM00553	SEP	1.00000000001208	1.20820350252293e-11	1	0	0	23	5448
SM00455	RBD	1.00000000001208	1.20820350252293e-11	1	0	0	23	5448
SM01128	DDRGK	1.00000000001208	1.20820350252293e-11	1	0	0	23	5448
SM00654	eIF6	1.00000000001208	1.20820350252293e-11	1	0	0	23	5448
SM00995	AD	1.00000000001208	1.20820350252293e-11	1	0	0	23	5448
SM00548	IRO	1.00000000001208	1.20820350252293e-11	1	0	0	23	5448
SM01181	E2_bind	1.00000000001208	1.20820350252293e-11	1	0	0	23	5448
SM01018	B12-binding_2	1.00000000001208	1.20820350252293e-11	1	0	0	23	5448
SM00709	Zpr1	1.00000000001208	1.20820350252293e-11	1	0	0	23	5448
SM01123	DBP10CT	1.00000000001208	1.20820350252293e-11	1	0	0	23	5448
SM01023	BAF	1.00000000001208	1.20820350252293e-11	1	0	0	23	5448
SM00812	Alpha_L_fucos	1.00000000001208	1.20820350252293e-11	1	0	0	23	5448
SM00530	HTH_XRE	1.00000000001208	1.20820350252293e-11	1	0	0	23	5448
SM01385	DSS1_SEM1	1.00000000001208	1.20820350252293e-11	1	0	0	23	5448
SM01402	Ribosomal_S27	1.00000000001208	1.20820350252293e-11	1	0	0	23	5448
SM00469	WIF	1.00000000001208	1.20820350252293e-11	1	0	0	23	5448
SM01361	A2M_recep	1.00000000001208	1.20820350252293e-11	1	0	0	23	5448
SM01136	DKCLD	1.00000000001208	1.20820350252293e-11	1	0	0	23	5448
SM01220	FSA_C	1.00000000001208	1.20820350252293e-11	1	0	0	23	5448
SM00062	PBPb	1.00000000001208	1.20820350252293e-11	1	0	0	23	5448
SM01030	BHD_1	1.00000000001208	1.20820350252293e-11	1	0	0	23	5448
SM01389	Spt4	1.00000000001208	1.20820350252293e-11	1	0	0	23	5448
SM01192	Enolase_C	1.00000000001208	1.20820350252293e-11	1	0	0	23	5448
SM00684	DM15	1.00000000001208	1.20820350252293e-11	1	0	0	23	5448
SM01183	EF1G	1.00000000001208	1.20820350252293e-11	1	0	0	23	5448
SM01104	CTD	1.00000000001208	1.20820350252293e-11	1	0	0	23	5448
SM01001	AIRC	1.00000000001208	1.20820350252293e-11	1	0	0	23	5448
SM00653	eIF2B_5	1.00000000001208	1.20820350252293e-11	1	0	0	23	5448
SM01308	RICTOR_N	1.00000000001208	1.20820350252293e-11	1	0	0	23	5448
SM00417	H4	1.00000000001208	1.20820350252293e-11	1	0	0	23	5448
SM00006	A4_EXTRA	1.00000000001208	1.20820350252293e-11	1	0	0	23	5448
SM01413	Ribosomal_S19e	1.00000000001208	1.20820350252293e-11	1	0	0	23	5448
SM01302	Raptor_N	1.00000000001208	1.20820350252293e-11	1	0	0	23	5448
SM01156	DUF1716	1.00000000001208	1.20820350252293e-11	1	0	0	23	5448
SM01159	DUF1744	1.00000000001208	1.20820350252293e-11	1	0	0	23	5448
SM01380	Ribosomal_L31e	1.00000000001208	1.20820350252293e-11	1	0	0	23	5448
SM01416	Ribosomal_L19e	1.00000000001208	1.20820350252293e-11	1	0	0	23	5448
SM01384	Ribosomal_L15e	1.00000000001208	1.20820350252293e-11	1	0	0	23	5448
SM00555	GIT	1.00000000001208	1.20820350252293e-11	1	0	0	23	5448
SM01179	DUF862	1.00000000001208	1.20820350252293e-11	1	0	0	23	5448
SM01193	Enolase_N	1.00000000001208	1.20820350252293e-11	1	0	0	23	5448
SM01031	BHD_2	1.00000000001208	1.20820350252293e-11	1	0	0	23	5448
SM01024	BCS1_N	1.00000000001208	1.20820350252293e-11	1	0	0	23	5448
SM01291	N-SET	1.00000000001208	1.20820350252293e-11	1	0	0	23	5448
SM00227	NEBU	1.00000000001208	1.20820350252293e-11	1	0	0	23	5448
SM01272	LsmAD	1.00000000001208	1.20820350252293e-11	1	0	0	23	5448
SM01310	RICTOR_V	1.00000000001208	1.20820350252293e-11	1	0	0	23	5448
SM01173	DUF4187	1.00000000001208	1.20820350252293e-11	1	0	0	23	5448
SM00777	Mad3_BUB1_I	1.00000000001208	1.20820350252293e-11	1	0	0	23	5448
SM00934	OMPdecase	1.00000000001208	1.20820350252293e-11	1	0	0	23	5448
SM00874	B5	1.00000000001208	1.20820350252293e-11	1	0	0	23	5448
SM00676	DM10	1.00000000001208	1.20820350252293e-11	1	0	0	23	5448
SM00937	PCRF	1.00000000001208	1.20820350252293e-11	1	0	0	23	5448
SM00549	TAFH	1.00000000001208	1.20820350252293e-11	1	0	0	23	5448
SM00737	ML	1.00000000001208	1.20820350252293e-11	1	0	0	23	5448
SM00635	BID_2	1.00000000001208	1.20820350252293e-11	1	0	0	23	5448
SM01125	DCP2	1.00000000001208	1.20820350252293e-11	1	0	0	23	5448
SM01241	Integrin_b_cyt	1.00000000001208	1.20820350252293e-11	1	0	0	23	5448
SM01165	DUF1866	1.00000000001208	1.20820350252293e-11	1	0	0	23	5448
SM00426	TEA	1.00000000001208	1.20820350252293e-11	1	0	0	23	5448
SM01075	CDT1	1.00000000001208	1.20820350252293e-11	1	0	0	23	5448
SM00919	Malic_M	1.00000000001208	1.20820350252293e-11	1	0	0	23	5448
SM01118	CYTH	1.00000000001208	1.20820350252293e-11	1	0	0	23	5448
SM01097	CPSase_sm_chain	1.00000000001208	1.20820350252293e-11	1	0	0	23	5448
SM01219	Frataxin_Cyay	1.00000000001208	1.20820350252293e-11	1	0	0	23	5448
SM01098	CPSF73-100_C	1.00000000001208	1.20820350252293e-11	1	0	0	23	5448
SM00985	UBA_e1_C	1.00000000001208	1.20820350252293e-11	1	0	0	23	5448
SM00804	TAP_C	1.00000000001208	1.20820350252293e-11	1	0	0	23	5448
SM01405	Ribosomal_S6e	1.00000000001208	1.20820350252293e-11	1	0	0	23	5448
SM01044	Btz	1.00000000001208	1.20820350252293e-11	1	0	0	23	5448
SM01265	Mab-21	1.00000000001208	1.20820350252293e-11	1	0	0	23	5448
SM00541	FYRN	1.00000000001208	1.20820350252293e-11	1	0	0	23	5448
SM00208	TNFR	1.00000000001208	1.20820350252293e-11	1	0	0	23	5448
SM01153	DUF1693	1.00000000001208	1.20820350252293e-11	1	0	0	23	5448
SM01074	Cdc6_C	1.00000000001208	1.20820350252293e-11	1	0	0	23	5448
SM00293	PWWP	1.00000000001208	1.20820350252293e-11	1	0	0	23	5448
SM01028	Beta-TrCP_D	1.00000000001208	1.20820350252293e-11	1	0	0	23	5448
SM01206	Fibrillarin	1.00000000001208	1.20820350252293e-11	1	0	0	23	5448
SM00518	AP2Ec	1.00000000001208	1.20820350252293e-11	1	0	0	23	5448
SM00983	TPK_B1_binding	1.00000000001208	1.20820350252293e-11	1	0	0	23	5448
SM00859	Semialdhyde_dh	1.00000000001208	1.20820350252293e-11	1	0	0	23	5448
SM00993	YL1_C	1.00000000001208	1.20820350252293e-11	1	0	0	23	5448
SM01210	GARS_C	1.00000000001208	1.20820350252293e-11	1	0	0	23	5448
SM01214	Fmp27_GFWDK	1.00000000001208	1.20820350252293e-11	1	0	0	23	5448
SM01115	cwf21	1.00000000001208	1.20820350252293e-11	1	0	0	23	5448
SM01367	DUF3452	1.00000000001208	1.20820350252293e-11	1	0	0	23	5448
SM01292	N1221	1.00000000001208	1.20820350252293e-11	1	0	0	23	5448
SM00078	IlGF	1.00000000001208	1.20820350252293e-11	1	0	0	23	5448
SM01233	HABP4_PAI-RBP1	1.00000000001208	1.20820350252293e-11	1	0	0	23	5448
SM01313	Sec3-PIP2_bind	1.00000000001208	1.20820350252293e-11	1	0	0	23	5448
SM00588	NEUZ	1.00000000001208	1.20820350252293e-11	1	0	0	23	5448
SM01047	C1_4	1.00000000001208	1.20820350252293e-11	1	0	0	23	5448
SM01355	AP3B1_C	1.00000000001208	1.20820350252293e-11	1	0	0	23	5448
SM01199	FDF	1.00000000001208	1.20820350252293e-11	1	0	0	23	5448
SM01311	RPOL_N	1.00000000001208	1.20820350252293e-11	1	0	0	23	5448
SM01371	TFIIA	1.00000000001208	1.20820350252293e-11	1	0	0	23	5448
SM00698	MORN	1.00000000001208	1.20820350252293e-11	1	0	0	23	5448
SM00318	SNc	1.00000000001208	1.20820350252293e-11	1	0	0	23	5448
SM00206	NTR	1.00000000001208	1.20820350252293e-11	1	0	0	23	5448
SM00967	SpoU_sub_bind	1.00000000001208	1.20820350252293e-11	1	0	0	23	5448
SM00788	Adenylsucc_synt	1.00000000001208	1.20820350252293e-11	1	0	0	23	5448
SM00808	FABD	1.00000000001208	1.20820350252293e-11	1	0	0	23	5448
SM01035	BOP1NT	1.00000000001208	1.20820350252293e-11	1	0	0	23	5448
SM00734	ZnF_Rad18	1.00000000001208	1.20820350252293e-11	1	0	0	23	5448
SM00685	DM14	1.00000000001208	1.20820350252293e-11	1	0	0	23	5448
SM01186	eIF3_N	1.00000000001208	1.20820350252293e-11	1	0	0	23	5448
SM00892	Endonuclease_NS	1.00000000001208	1.20820350252293e-11	1	0	0	23	5448
SM01092	CO_deh_flav_C	1.00000000001208	1.20820350252293e-11	1	0	0	23	5448
SM01076	CG-1	1.00000000001208	1.20820350252293e-11	1	0	0	23	5448
SM01124	DBR1	1.00000000001208	1.20820350252293e-11	1	0	0	23	5448
SM00946	ProRS-C_1	1.00000000001208	1.20820350252293e-11	1	0	0	23	5448
SM00746	TRASH	1.00000000001208	1.20820350252293e-11	1	0	0	23	5448
SM01397	Ribosomal_S3Ae	1.00000000001208	1.20820350252293e-11	1	0	0	23	5448
SM01285	FACT-Spt16_Nlob	1.00000000001208	1.20820350252293e-11	1	0	0	23	5448
SM00632	Aamy_C	1.00000000001208	1.20820350252293e-11	1	0	0	23	5448
SM01335	PADR1	1.00000000001208	1.20820350252293e-11	1	0	0	23	5448
SM00996	AdoHcyase	1.00000000001208	1.20820350252293e-11	1	0	0	23	5448
SM01085	CK_II_beta	1.00000000001208	1.20820350252293e-11	1	0	0	23	5448
SM00904	Flavokinase	1.00000000001208	1.20820350252293e-11	1	0	0	23	5448
SM00951	QLQ	1.00000000001208	1.20820350252293e-11	1	0	0	23	5448
SM00187	INB	1.00000000001208	1.20820350252293e-11	1	0	0	23	5448
SM00478	ENDO3c	1.00000000001208	1.20820350252293e-11	1	0	0	23	5448
SM00882	CoA_trans	1.00000000001208	1.20820350252293e-11	1	0	0	23	5448
SM01020	B2-adapt-app_C	1.00000000001208	1.20820350252293e-11	1	0	0	23	5448
SM01286	SPT16	1.00000000001208	1.20820350252293e-11	1	0	0	23	5448
SM00132	LIM	1.00000000001227	1.22708591512966e-11	30	0	0	23	5448
SM00317	SET	1.00000000001227	1.22708591512966e-11	30	0	0	23	5448
SM00950	Piwi	1.00000000001325	1.32534989427212e-11	21	0	0	23	5448
SM00425	TBOX	1.00000000001325	1.32534989427212e-11	21	0	0	23	5448
SM00336	BBOX	1.00000000001325	1.32534989427212e-11	21	0	0	23	5448
SM00473	PAN_AP	1.00000000001325	1.32534989427212e-11	21	0	0	23	5448
SM00289	WR1	1.00000000001474	1.47364722551702e-11	39	0	0	23	5448
SM00453	WSN	1.00000000001474	1.47364722551702e-11	39	0	0	23	5448
SM00228	PDZ	1.00000000001493	1.49336476096947e-11	54	0	0	23	5448
SM00156	PP2Ac	1.00000000001689	1.68940472216613e-11	45	0	0	23	5448
SM00028	TPR	1.00000000001689	1.68940472216613e-11	45	0	0	23	5448
