TermID	Term	Enrichment	logP	Genes in Term	Target Genes in Term	Fraction of Targets in Term	Total Target Genes	Total Genes	Entrez Gene IDs	Gene Symbols
PS01180	CUB	0.00294172238732024	-5.82876002314504	53	2	0.181818181818182	11	7024	173430,188083	clec-10,T05A7.3
PS00166	ENOYL_COA_HYDRATASE	0.00780802568510406	-4.85260314028863	5	1	0.0909090909090909	11	7024	173300	ech-7
PS51670	SHKT	0.0115602746557814	-4.46018065686951	107	2	0.181818181818182	11	7024	175049,178576	F01D5.1,C14C6.2
PS00214	FABP	0.0140144962710434	-4.26766303714165	9	1	0.0909090909090909	11	7024	188761	lbp-8
PS51417	ARF	0.0140144962710434	-4.26766303714165	9	1	0.0909090909090909	11	7024	191609	arf-1.1
PS01357	ZF_ZZ_1	0.0155605890068087	-4.16301390704032	10	1	0.0909090909090909	11	7024	188950	sqst-3
PS50135	ZF_ZZ_2	0.0155605890068087	-4.16301390704032	10	1	0.0909090909090909	11	7024	188950	sqst-3
PS00154	ATPASE_E1_E2	0.0309007458166697	-3.47697495890791	20	1	0.0909090909090909	11	7024	179189	catp-3
PS00615	C_TYPE_LECTIN_1	0.0415092068159515	-3.18184002536399	27	1	0.0909090909090909	11	7024	173430	clec-10
PS50929	ABC_TM1F	0.0564810707573415	-2.87384972780863	37	1	0.0909090909090909	11	7024	178215	pgp-1
PS00061	ADH_SHORT	0.0594498069823656	-2.82262290257281	39	1	0.0909090909090909	11	7024	175895	let-767
PS00211	ABC_TRANSPORTER_1	0.0741665114507942	-2.60144255884442	49	1	0.0909090909090909	11	7024	178215	pgp-1
PS50893	ABC_TRANSPORTER_2	0.0828957359825195	-2.49017165383903	55	1	0.0909090909090909	11	7024	178215	pgp-1
PS50041	C_TYPE_LECTIN_2	0.250979530858248	-1.38238389354131	182	1	0.0909090909090909	11	7024	173430	clec-10
PS50821	PAZ	0.999999999991375	-8.62473375801761e-12	22	0	0	11	7024
PS50238	RHOGAP	0.999999999991375	-8.62473375801761e-12	22	0	0	11	7024
PS00455	AMP_BINDING	0.999999999991375	-8.62473375801761e-12	22	0	0	11	7024
PS00014	ER_TARGET	0.999999999991534	-8.46575185992829e-12	7	0	0	11	7024
PS00995	TCP1_3	0.999999999991534	-8.46575185992829e-12	7	0	0	11	7024
PS51072	MHD	0.999999999991534	-8.46575185992829e-12	7	0	0	11	7024
PS50069	CULLIN_2	0.999999999991534	-8.46575185992829e-12	7	0	0	11	7024
PS51805	EPHD	0.999999999991534	-8.46575185992829e-12	7	0	0	11	7024
PS51844	SH3_LIKE	0.999999999991534	-8.46575185992829e-12	7	0	0	11	7024
PS50255	CYTOCHROME_B5_2	0.999999999991534	-8.46575185992829e-12	7	0	0	11	7024
PS00687	ALDEHYDE_DEHYDR_GLU	0.999999999991534	-8.46575185992829e-12	7	0	0	11	7024
PS51387	FAD_PCMH	0.999999999991534	-8.46575185992829e-12	7	0	0	11	7024
PS01309	UPF0057	0.999999999991534	-8.46575185992829e-12	7	0	0	11	7024
PS50259	G_PROTEIN_RECEP_F3_4	0.999999999991534	-8.46575185992829e-12	7	0	0	11	7024
PS51122	CALPONIN_2	0.999999999991534	-8.46575185992829e-12	7	0	0	11	7024
PS00798	ALDOKETO_REDUCTASE_1	0.999999999991534	-8.46575185992829e-12	7	0	0	11	7024
PS00560	CARBOXYPEPT_SER_HIS	0.999999999991534	-8.46575185992829e-12	7	0	0	11	7024
PS00284	SERPIN	0.999999999991534	-8.46575185992829e-12	7	0	0	11	7024
PS51125	NHL	0.999999999991534	-8.46575185992829e-12	7	0	0	11	7024
PS51157	ZF_UBR	0.999999999991534	-8.46575185992829e-12	7	0	0	11	7024
PS00888	CNMP_BINDING_1	0.999999999991534	-8.46575185992829e-12	7	0	0	11	7024
PS50800	SAP	0.999999999991534	-8.46575185992829e-12	7	0	0	11	7024
PS51390	WAP	0.999999999991534	-8.46575185992829e-12	7	0	0	11	7024
PS51233	VWFD	0.999999999991534	-8.46575185992829e-12	7	0	0	11	7024
PS50126	S1	0.999999999991534	-8.46575185992829e-12	7	0	0	11	7024
PS50309	DC	0.999999999991534	-8.46575185992829e-12	7	0	0	11	7024
PS00388	PROTEASOME_ALPHA_1	0.999999999991534	-8.46575185992829e-12	7	0	0	11	7024
PS50868	POST_SET	0.999999999991534	-8.46575185992829e-12	7	0	0	11	7024
PS50826	RUN	0.999999999991534	-8.46575185992829e-12	7	0	0	11	7024
PS50848	START	0.999999999991534	-8.46575185992829e-12	7	0	0	11	7024
PS50212	RASGEF_NTER	0.999999999991534	-8.46575185992829e-12	7	0	0	11	7024
PS51741	F_BAR	0.999999999991534	-8.46575185992829e-12	7	0	0	11	7024
PS00856	GUANYLATE_KINASE_1	0.999999999991534	-8.46575185992829e-12	7	0	0	11	7024
PS00301	G_TR_1	0.999999999991534	-8.46575185992829e-12	7	0	0	11	7024
PS51475	PROTEASOME_ALPHA_2	0.999999999991534	-8.46575185992829e-12	7	0	0	11	7024
PS00751	TCP1_2	0.999999999991534	-8.46575185992829e-12	7	0	0	11	7024
PS51704	GP_PDE	0.999999999991534	-8.46575185992829e-12	7	0	0	11	7024
PS50008	PIPLC_Y_DOMAIN	0.999999999991534	-8.46575185992829e-12	7	0	0	11	7024
PS51444	FH2	0.999999999991534	-8.46575185992829e-12	7	0	0	11	7024
PS00914	SYNTAXIN	0.999999999991534	-8.46575185992829e-12	7	0	0	11	7024
PS00893	NUDIX_BOX	0.999999999991534	-8.46575185992829e-12	7	0	0	11	7024
PS50211	DENN	0.999999999991534	-8.46575185992829e-12	7	0	0	11	7024
PS00070	ALDEHYDE_DEHYDR_CYS	0.999999999991534	-8.46575185992829e-12	7	0	0	11	7024
PS51225	MARVEL	0.999999999991534	-8.46575185992829e-12	7	0	0	11	7024
PS51192	HELICASE_ATP_BIND_1	0.999999999994108	-5.89159991895835e-12	78	0	0	11	7024
PS50088	ANK_REPEAT	0.999999999994108	-5.89159991895835e-12	78	0	0	11	7024
PS51293	SANT	0.999999999994162	-5.83812869827199e-12	10	0	0	11	7024
PS00183	UBIQUITIN_CONJUGAT_1	0.999999999994162	-5.83812869827199e-12	10	0	0	11	7024
PS51051	DSL	0.999999999994162	-5.83812869827199e-12	10	0	0	11	7024
PS50137	DS_RBD	0.999999999994162	-5.83812869827199e-12	10	0	0	11	7024
PS50054	TYR_PHOSPHATASE_DUAL	0.999999999994162	-5.83812869827199e-12	10	0	0	11	7024
PS50975	ATP_GRASP	0.999999999994162	-5.83812869827199e-12	10	0	0	11	7024
PS51057	PAIRED_2	0.999999999994162	-5.83812869827199e-12	10	0	0	11	7024
PS00072	ACYL_COA_DH_1	0.999999999994162	-5.83812869827199e-12	10	0	0	11	7024
PS50808	ZF_BED	0.999999999994162	-5.83812869827199e-12	10	0	0	11	7024
PS40000	DM_1	0.999999999994162	-5.83812869827199e-12	10	0	0	11	7024
PS50303	PUM_HD	0.999999999994162	-5.83812869827199e-12	10	0	0	11	7024
PS00232	CADHERIN_1	0.999999999994162	-5.83812869827199e-12	10	0	0	11	7024
PS50200	RA	0.999999999994162	-5.83812869827199e-12	10	0	0	11	7024
PS50888	BHLH	0.999999999994325	-5.67468218151154e-12	40	0	0	11	7024
PS00086	CYTOCHROME_P450	0.999999999995314	-4.68554751062871e-12	70	0	0	11	7024
PS01036	HSP70_3	0.999999999995915	-4.08507368857383e-12	8	0	0	11	7024
PS50059	FKBP_PPIASE	0.999999999995915	-4.08507368857383e-12	8	0	0	11	7024
PS01360	ZF_MYND_1	0.999999999995915	-4.08507368857383e-12	8	0	0	11	7024
PS01032	PPM_1	0.999999999995915	-4.08507368857383e-12	8	0	0	11	7024
PS50052	GUANYLATE_KINASE_2	0.999999999995915	-4.08507368857383e-12	8	0	0	11	7024
PS51355	GLUTATHIONE_PEROXID_3	0.999999999995915	-4.08507368857383e-12	8	0	0	11	7024
PS00959	HISTONE_H3_2	0.999999999995915	-4.08507368857383e-12	8	0	0	11	7024
PS01206	ASC	0.999999999995915	-4.08507368857383e-12	8	0	0	11	7024
PS50108	CRIB	0.999999999995915	-4.08507368857383e-12	8	0	0	11	7024
PS50012	RCC1_3	0.999999999995915	-4.08507368857383e-12	8	0	0	11	7024
PS00750	TCP1_1	0.999999999995915	-4.08507368857383e-12	8	0	0	11	7024
PS00073	ACYL_COA_DH_2	0.999999999995915	-4.08507368857383e-12	8	0	0	11	7024
PS00329	HSP70_2	0.999999999995915	-4.08507368857383e-12	8	0	0	11	7024
PS50146	DAGK	0.999999999995915	-4.08507368857383e-12	8	0	0	11	7024
PS00019	ACTININ_1	0.999999999995915	-4.08507368857383e-12	8	0	0	11	7024
PS51747	CYT_DCMP_DEAMINASES_2	0.999999999995915	-4.08507368857383e-12	8	0	0	11	7024
PS51504	H15	0.999999999995915	-4.08507368857383e-12	8	0	0	11	7024
PS50923	SUSHI	0.999999999995915	-4.08507368857383e-12	8	0	0	11	7024
PS00297	HSP70_1	0.999999999995915	-4.08507368857383e-12	8	0	0	11	7024
PS50231	RICIN_B_LECTIN	0.999999999995915	-4.08507368857383e-12	8	0	0	11	7024
PS50009	RASGEF_CAT	0.999999999995915	-4.08507368857383e-12	8	0	0	11	7024
PS00131	CARBOXYPEPT_SER_SER	0.999999999995915	-4.08507368857383e-12	8	0	0	11	7024
PS51076	MH2	0.999999999995915	-4.08507368857383e-12	8	0	0	11	7024
PS50186	DEP	0.999999999995915	-4.08507368857383e-12	8	0	0	11	7024
PS00657	FORK_HEAD_1	0.999999999995915	-4.08507368857383e-12	8	0	0	11	7024
PS00344	GATA_ZN_FINGER_1	0.999999999995915	-4.08507368857383e-12	8	0	0	11	7024
PS50801	STAS	0.999999999995915	-4.08507368857383e-12	8	0	0	11	7024
PS51384	FAD_FR	0.999999999995915	-4.08507368857383e-12	8	0	0	11	7024
PS50061	ETS_DOMAIN_3	0.999999999995915	-4.08507368857383e-12	8	0	0	11	7024
PS50940	CHIT_BIND_II	0.999999999995915	-4.08507368857383e-12	8	0	0	11	7024
PS00860	GTP_CYCLOHYDROL_1_2	0.999999999996838	-3.16243320593046e-12	1	0	0	11	7024
PS00729	AP_NUCLEASE_F2_1	0.999999999996838	-3.16243320593046e-12	1	0	0	11	7024
PS51396	PUL	0.999999999996838	-3.16243320593046e-12	1	0	0	11	7024
PS51483	B5	0.999999999996838	-3.16243320593046e-12	1	0	0	11	7024
PS00320	APP_INTRA	0.999999999996838	-3.16243320593046e-12	1	0	0	11	7024
PS51435	AP_NUCLEASE_F1_4	0.999999999996838	-3.16243320593046e-12	1	0	0	11	7024
PS01161	GLC_GALNAC_ISOMERASE	0.999999999996838	-3.16243320593046e-12	1	0	0	11	7024
PS51323	IGFBP_N_2	0.999999999996838	-3.16243320593046e-12	1	0	0	11	7024
PS51797	TCTP_3	0.999999999996838	-3.16243320593046e-12	1	0	0	11	7024
PS50062	BCL2_FAMILY	0.999999999996838	-3.16243320593046e-12	1	0	0	11	7024
PS51496	CVC	0.999999999996838	-3.16243320593046e-12	1	0	0	11	7024
PS00295	ARRESTINS	0.999999999996838	-3.16243320593046e-12	1	0	0	11	7024
PS00055	RIBOSOMAL_S12	0.999999999996838	-3.16243320593046e-12	1	0	0	11	7024
PS51550	EPH_LBD	0.999999999996838	-3.16243320593046e-12	1	0	0	11	7024
PS01054	TRANSALDOLASE_1	0.999999999996838	-3.16243320593046e-12	1	0	0	11	7024
PS01071	GRPE	0.999999999996838	-3.16243320593046e-12	1	0	0	11	7024
PS00958	TRANSALDOLASE_2	0.999999999996838	-3.16243320593046e-12	1	0	0	11	7024
PS00966	PMI_I_2	0.999999999996838	-3.16243320593046e-12	1	0	0	11	7024
PS00722	FTHFS_2	0.999999999996838	-3.16243320593046e-12	1	0	0	11	7024
PS00879	ODR_DC_2_2	0.999999999996838	-3.16243320593046e-12	1	0	0	11	7024
PS51553	GMPS_ATP_PPASE	0.999999999996838	-3.16243320593046e-12	1	0	0	11	7024
PS00102	PHOSPHORYLASE	0.999999999996838	-3.16243320593046e-12	1	0	0	11	7024
PS01191	RIBOSOMAL_S3AE	0.999999999996838	-3.16243320593046e-12	1	0	0	11	7024
PS00069	G6P_DEHYDROGENASE	0.999999999996838	-3.16243320593046e-12	1	0	0	11	7024
PS51087	APAG	0.999999999996838	-3.16243320593046e-12	1	0	0	11	7024
PS01345	COE	0.999999999996838	-3.16243320593046e-12	1	0	0	11	7024
PS51363	W2	0.999999999996838	-3.16243320593046e-12	1	0	0	11	7024
PS51070	SHD	0.999999999996838	-3.16243320593046e-12	1	0	0	11	7024
PS00613	OSTEONECTIN_2	0.999999999996838	-3.16243320593046e-12	1	0	0	11	7024
PS00512	ALPHA_GALACTOSIDASE	0.999999999996838	-3.16243320593046e-12	1	0	0	11	7024
PS00359	RIBOSOMAL_L11	0.999999999996838	-3.16243320593046e-12	1	0	0	11	7024
PS51506	CBL_PTB	0.999999999996838	-3.16243320593046e-12	1	0	0	11	7024
PS00646	RIBOSOMAL_S13_1	0.999999999996838	-3.16243320593046e-12	1	0	0	11	7024
PS00530	RNASE_T2_1	0.999999999996838	-3.16243320593046e-12	1	0	0	11	7024
PS00464	RIBOSOMAL_L22	0.999999999996838	-3.16243320593046e-12	1	0	0	11	7024
PS51640	MRG	0.999999999996838	-3.16243320593046e-12	1	0	0	11	7024
PS00483	DIHYDROOROTASE_2	0.999999999996838	-3.16243320593046e-12	1	0	0	11	7024
PS00731	AP_NUCLEASE_F2_3	0.999999999996838	-3.16243320593046e-12	1	0	0	11	7024
PS00354	HMGI_Y	0.999999999996838	-3.16243320593046e-12	1	0	0	11	7024
PS01002	TCTP_1	0.999999999996838	-3.16243320593046e-12	1	0	0	11	7024
PS51112	AMMECR1	0.999999999996838	-3.16243320593046e-12	1	0	0	11	7024
PS01112	RNA_POL_N_8KD	0.999999999996838	-3.16243320593046e-12	1	0	0	11	7024
PS51321	TFIIS_CENTRAL	0.999999999996838	-3.16243320593046e-12	1	0	0	11	7024
PS51212	WSC	0.999999999996838	-3.16243320593046e-12	1	0	0	11	7024
PS51513	FFD	0.999999999996838	-3.16243320593046e-12	1	0	0	11	7024
PS51074	DPH_MB	0.999999999996838	-3.16243320593046e-12	1	0	0	11	7024
PS00979	G_PROTEIN_RECEP_F3_1	0.999999999996838	-3.16243320593046e-12	1	0	0	11	7024
PS01171	RIBOSOMAL_L21E	0.999999999996838	-3.16243320593046e-12	1	0	0	11	7024
PS00623	GMC_OXRED_1	0.999999999996838	-3.16243320593046e-12	1	0	0	11	7024
PS51758	LETM1_RBD	0.999999999996838	-3.16243320593046e-12	1	0	0	11	7024
PS00822	CYTO_HEME_LYASE_2	0.999999999996838	-3.16243320593046e-12	1	0	0	11	7024
PS51330	DHFR_2	0.999999999996838	-3.16243320593046e-12	1	0	0	11	7024
PS51626	SAM_MT_TRM1	0.999999999996838	-3.16243320593046e-12	1	0	0	11	7024
PS51859	RHO_BD	0.999999999996838	-3.16243320593046e-12	1	0	0	11	7024
PS00933	FGGY_KINASES_1	0.999999999996838	-3.16243320593046e-12	1	0	0	11	7024
PS00382	CLP_PROTEASE_HIS	0.999999999996838	-3.16243320593046e-12	1	0	0	11	7024
PS01050	YJEF_C_2	0.999999999996838	-3.16243320593046e-12	1	0	0	11	7024
PS00544	METMALONYL_COA_MUTASE	0.999999999996838	-3.16243320593046e-12	1	0	0	11	7024
PS51472	RRM_NUP35	0.999999999996838	-3.16243320593046e-12	1	0	0	11	7024
PS01070	NUCLEASE_NON_SPEC	0.999999999996838	-3.16243320593046e-12	1	0	0	11	7024
PS01000	SDH_CYT_1	0.999999999996838	-3.16243320593046e-12	1	0	0	11	7024
PS00115	RNA_POL_II_REPEAT	0.999999999996838	-3.16243320593046e-12	1	0	0	11	7024
PS00554	TEA_1	0.999999999996838	-3.16243320593046e-12	1	0	0	11	7024
PS51216	NEBULIN	0.999999999996838	-3.16243320593046e-12	1	0	0	11	7024
PS00739	ADOHCYASE_2	0.999999999996838	-3.16243320593046e-12	1	0	0	11	7024
PS00767	THF_DHG_CYH_2	0.999999999996838	-3.16243320593046e-12	1	0	0	11	7024
PS01110	RNA_POL_H_23KD	0.999999999996838	-3.16243320593046e-12	1	0	0	11	7024
PS51497	UMA	0.999999999996838	-3.16243320593046e-12	1	0	0	11	7024
PS01274	COA_TRANSF_2	0.999999999996838	-3.16243320593046e-12	1	0	0	11	7024
PS00373	GART	0.999999999996838	-3.16243320593046e-12	1	0	0	11	7024
PS51161	ATP_CONE	0.999999999996838	-3.16243320593046e-12	1	0	0	11	7024
PS51136	WAC	0.999999999996838	-3.16243320593046e-12	1	0	0	11	7024
PS00963	RIBOSOMAL_S2_2	0.999999999996838	-3.16243320593046e-12	1	0	0	11	7024
PS00629	IMP_1	0.999999999996838	-3.16243320593046e-12	1	0	0	11	7024
PS01183	UBIE_1	0.999999999996838	-3.16243320593046e-12	1	0	0	11	7024
PS51542	FYRN	0.999999999996838	-3.16243320593046e-12	1	0	0	11	7024
PS01268	UPF0024	0.999999999996838	-3.16243320593046e-12	1	0	0	11	7024
PS51673	SUZ	0.999999999996838	-3.16243320593046e-12	1	0	0	11	7024
PS00944	CKS_1	0.999999999996838	-3.16243320593046e-12	1	0	0	11	7024
PS01099	COMPLEX1_24K	0.999999999996838	-3.16243320593046e-12	1	0	0	11	7024
PS51282	DWNN	0.999999999996838	-3.16243320593046e-12	1	0	0	11	7024
PS01111	RNA_POL_K_14KD	0.999999999996838	-3.16243320593046e-12	1	0	0	11	7024
PS00783	RIBOSOMAL_L13	0.999999999996838	-3.16243320593046e-12	1	0	0	11	7024
PS00680	MAP_1	0.999999999996838	-3.16243320593046e-12	1	0	0	11	7024
PS50941	CHIT_BIND_I_2	0.999999999996838	-3.16243320593046e-12	1	0	0	11	7024
PS00488	PAL_HISTIDASE	0.999999999996838	-3.16243320593046e-12	1	0	0	11	7024
PS51818	HOMEO_PROSPERO	0.999999999996838	-3.16243320593046e-12	1	0	0	11	7024
PS00047	HISTONE_H4	0.999999999996838	-3.16243320593046e-12	1	0	0	11	7024
PS01200	TUB_1	0.999999999996838	-3.16243320593046e-12	1	0	0	11	7024
PS01184	UBIE_2	0.999999999996838	-3.16243320593046e-12	1	0	0	11	7024
PS01287	RTC	0.999999999996838	-3.16243320593046e-12	1	0	0	11	7024
PS51443	PCS	0.999999999996838	-3.16243320593046e-12	1	0	0	11	7024
PS00696	ETF_ALPHA	0.999999999996838	-3.16243320593046e-12	1	0	0	11	7024
PS01107	RIBOSOMAL_L27E	0.999999999996838	-3.16243320593046e-12	1	0	0	11	7024
PS51088	TEA_2	0.999999999996838	-3.16243320593046e-12	1	0	0	11	7024
PS00978	FAD_G3PDH_2	0.999999999996838	-3.16243320593046e-12	1	0	0	11	7024
PS00331	MALIC_ENZYMES	0.999999999996838	-3.16243320593046e-12	1	0	0	11	7024
PS51119	TAFH	0.999999999996838	-3.16243320593046e-12	1	0	0	11	7024
PS51855	MGS	0.999999999996838	-3.16243320593046e-12	1	0	0	11	7024
PS50063	BH4_2	0.999999999996838	-3.16243320593046e-12	1	0	0	11	7024
PS51536	TFG	0.999999999996838	-3.16243320593046e-12	1	0	0	11	7024
PS01262	IF1A	0.999999999996838	-3.16243320593046e-12	1	0	0	11	7024
PS00306	CASEIN_ALPHA_BETA	0.999999999996838	-3.16243320593046e-12	1	0	0	11	7024
PS51290	CRIC	0.999999999996838	-3.16243320593046e-12	1	0	0	11	7024
PS01336	ADOMETDC	0.999999999996838	-3.16243320593046e-12	1	0	0	11	7024
PS00056	RIBOSOMAL_S17	0.999999999996838	-3.16243320593046e-12	1	0	0	11	7024
PS00814	ADX	0.999999999996838	-3.16243320593046e-12	1	0	0	11	7024
PS51835	DENN_C9ORF72	0.999999999996838	-3.16243320593046e-12	1	0	0	11	7024
PS51491	TAU_MAP_2	0.999999999996838	-3.16243320593046e-12	1	0	0	11	7024
PS51046	GON	0.999999999996838	-3.16243320593046e-12	1	0	0	11	7024
PS51313	VPS28_N	0.999999999996838	-3.16243320593046e-12	1	0	0	11	7024
PS01257	RIBOSOMAL_L10E	0.999999999996838	-3.16243320593046e-12	1	0	0	11	7024
PS00721	FTHFS_1	0.999999999996838	-3.16243320593046e-12	1	0	0	11	7024
PS01313	LIPB	0.999999999996838	-3.16243320593046e-12	1	0	0	11	7024
PS00326	TROPOMYOSIN	0.999999999996838	-3.16243320593046e-12	1	0	0	11	7024
PS51620	SAM_TRM61	0.999999999996838	-3.16243320593046e-12	1	0	0	11	7024
PS51486	REKLES	0.999999999996838	-3.16243320593046e-12	1	0	0	11	7024
PS00821	CYTO_HEME_LYASE_1	0.999999999996838	-3.16243320593046e-12	1	0	0	11	7024
PS00842	XPG_2	0.999999999996838	-3.16243320593046e-12	1	0	0	11	7024
PS00624	GMC_OXRED_2	0.999999999996838	-3.16243320593046e-12	1	0	0	11	7024
PS00913	ADH_IRON_1	0.999999999996838	-3.16243320593046e-12	1	0	0	11	7024
PS00712	RIBOSOMAL_S17E	0.999999999996838	-3.16243320593046e-12	1	0	0	11	7024
PS01233	UROCANASE	0.999999999996838	-3.16243320593046e-12	1	0	0	11	7024
PS00387	PPASE	0.999999999996838	-3.16243320593046e-12	1	0	0	11	7024
PS50152	25A_SYNTH_3	0.999999999996838	-3.16243320593046e-12	1	0	0	11	7024
PS01227	UPF0012	0.999999999996838	-3.16243320593046e-12	1	0	0	11	7024
PS00298	HSP90	0.999999999996838	-3.16243320593046e-12	1	0	0	11	7024
PS51608	SAM_MT_UBIE	0.999999999996838	-3.16243320593046e-12	1	0	0	11	7024
PS00474	RIBOSOMAL_L3	0.999999999996838	-3.16243320593046e-12	1	0	0	11	7024
PS00351	TFIID	0.999999999996838	-3.16243320593046e-12	1	0	0	11	7024
PS00414	PROFILIN	0.999999999996838	-3.16243320593046e-12	1	0	0	11	7024
PS00761	SPASE_I_3	0.999999999996838	-3.16243320593046e-12	1	0	0	11	7024
PS50878	RT_POL	0.999999999996838	-3.16243320593046e-12	1	0	0	11	7024
PS01016	GLYCOPROTEASE	0.999999999996838	-3.16243320593046e-12	1	0	0	11	7024
PS01231	TRMA_2	0.999999999996838	-3.16243320593046e-12	1	0	0	11	7024
PS01066	UPP_SYNTHASE	0.999999999996838	-3.16243320593046e-12	1	0	0	11	7024
PS00975	NMT_1	0.999999999996838	-3.16243320593046e-12	1	0	0	11	7024
PS51310	VPS28_C	0.999999999996838	-3.16243320593046e-12	1	0	0	11	7024
PS50886	TRBD	0.999999999996838	-3.16243320593046e-12	1	0	0	11	7024
PS01288	UPF0027	0.999999999996838	-3.16243320593046e-12	1	0	0	11	7024
PS51489	BUB1_N	0.999999999996838	-3.16243320593046e-12	1	0	0	11	7024
PS00996	RIBOSOMAL_S21E	0.999999999996838	-3.16243320593046e-12	1	0	0	11	7024
PS51349	FMN_HYDROXY_ACID_DH_2	0.999999999996838	-3.16243320593046e-12	1	0	0	11	7024
PS51804	ZF_C2HC_LYAR	0.999999999996838	-3.16243320593046e-12	1	0	0	11	7024
PS51064	IRS_PTB	0.999999999996838	-3.16243320593046e-12	1	0	0	11	7024
PS50065	HMG_COA_REDUCTASE_4	0.999999999996838	-3.16243320593046e-12	1	0	0	11	7024
PS51434	NUP_C	0.999999999996838	-3.16243320593046e-12	1	0	0	11	7024
PS00171	TIM_1	0.999999999996838	-3.16243320593046e-12	1	0	0	11	7024
PS51058	ZF_CXXC	0.999999999996838	-3.16243320593046e-12	1	0	0	11	7024
PS00531	RNASE_T2_2	0.999999999996838	-3.16243320593046e-12	1	0	0	11	7024
PS00939	RIBOSOMAL_L1E	0.999999999996838	-3.16243320593046e-12	1	0	0	11	7024
PS00524	SMB_1	0.999999999996838	-3.16243320593046e-12	1	0	0	11	7024
PS51858	PPPDE	0.999999999996838	-3.16243320593046e-12	1	0	0	11	7024
PS51114	FBA	0.999999999996838	-3.16243320593046e-12	1	0	0	11	7024
PS51463	P_GLUCOSE_ISOMERASE_3	0.999999999996838	-3.16243320593046e-12	1	0	0	11	7024
PS00542	COMPLEX1_30K	0.999999999996838	-3.16243320593046e-12	1	0	0	11	7024
PS01160	KINESIN_LIGHT	0.999999999996838	-3.16243320593046e-12	1	0	0	11	7024
PS01067	SECE_SEC61G	0.999999999996838	-3.16243320593046e-12	1	0	0	11	7024
PS00911	DHODEHASE_1	0.999999999996838	-3.16243320593046e-12	1	0	0	11	7024
PS51006	PABS_2	0.999999999996838	-3.16243320593046e-12	1	0	0	11	7024
PS00480	CITRATE_SYNTHASE	0.999999999996838	-3.16243320593046e-12	1	0	0	11	7024
PS01105	RIBOSOMAL_L35AE	0.999999999996838	-3.16243320593046e-12	1	0	0	11	7024
PS01079	MOCF_BIOSYNTHESIS_2	0.999999999996838	-3.16243320593046e-12	1	0	0	11	7024
PS51158	ALPHA_KINASE	0.999999999996838	-3.16243320593046e-12	1	0	0	11	7024
PS00962	RIBOSOMAL_S2_1	0.999999999996838	-3.16243320593046e-12	1	0	0	11	7024
PS00663	VINCULIN_1	0.999999999996838	-3.16243320593046e-12	1	0	0	11	7024
PS00645	COMPLEX1_51K_2	0.999999999996838	-3.16243320593046e-12	1	0	0	11	7024
PS00878	ODR_DC_2_1	0.999999999996838	-3.16243320593046e-12	1	0	0	11	7024
PS00066	HMG_COA_REDUCTASE_1	0.999999999996838	-3.16243320593046e-12	1	0	0	11	7024
PS00089	RIBORED_LARGE	0.999999999996838	-3.16243320593046e-12	1	0	0	11	7024
PS51377	KIND	0.999999999996838	-3.16243320593046e-12	1	0	0	11	7024
PS50180	GAE	0.999999999996838	-3.16243320593046e-12	1	0	0	11	7024
PS51713	G_ERA	0.999999999996838	-3.16243320593046e-12	1	0	0	11	7024
PS00700	RIBOSOMAL_L6_2	0.999999999996838	-3.16243320593046e-12	1	0	0	11	7024
PS00987	PTPS_1	0.999999999996838	-3.16243320593046e-12	1	0	0	11	7024
PS00064	L_LDH	0.999999999996838	-3.16243320593046e-12	1	0	0	11	7024
PS00210	HEMOCYANIN_2	0.999999999996838	-3.16243320593046e-12	1	0	0	11	7024
PS00917	ASN_GLN_ASE_2	0.999999999996838	-3.16243320593046e-12	1	0	0	11	7024
PS51709	G_TRME	0.999999999996838	-3.16243320593046e-12	1	0	0	11	7024
PS00895	3_HYDROXYISOBUT_DH	0.999999999996838	-3.16243320593046e-12	1	0	0	11	7024
PS50810	FRATAXIN_2	0.999999999996838	-3.16243320593046e-12	1	0	0	11	7024
PS51479	ZF_RTR1	0.999999999996838	-3.16243320593046e-12	1	0	0	11	7024
PS51614	SAM_MT_ADRIFT	0.999999999996838	-3.16243320593046e-12	1	0	0	11	7024
PS51375	PPR	0.999999999996838	-3.16243320593046e-12	1	0	0	11	7024
PS51562	RNA_CAP0_MT	0.999999999996838	-3.16243320593046e-12	1	0	0	11	7024
PS01189	RIBOSOMAL_S12E	0.999999999996838	-3.16243320593046e-12	1	0	0	11	7024
PS51544	PI3K_ABD	0.999999999996838	-3.16243320593046e-12	1	0	0	11	7024
PS00948	RIBOSOMAL_S7E	0.999999999996838	-3.16243320593046e-12	1	0	0	11	7024
PS00469	NDP_KINASES	0.999999999996838	-3.16243320593046e-12	1	0	0	11	7024
PS00510	MALATE_SYNTHASE	0.999999999996838	-3.16243320593046e-12	1	0	0	11	7024
PS01280	GIDA_1	0.999999999996838	-3.16243320593046e-12	1	0	0	11	7024
PS00420	SRCR_1	0.999999999996838	-3.16243320593046e-12	1	0	0	11	7024
PS50159	RIBOSOMAL_S13_2	0.999999999996838	-3.16243320593046e-12	1	0	0	11	7024
PS00580	RIBOSOMAL_L32E	0.999999999996838	-3.16243320593046e-12	1	0	0	11	7024
PS50163	RECA_3	0.999999999996838	-3.16243320593046e-12	1	0	0	11	7024
PS01240	PNP_MTAP_2	0.999999999996838	-3.16243320593046e-12	1	0	0	11	7024
PS00664	VINCULIN_2	0.999999999996838	-3.16243320593046e-12	1	0	0	11	7024
PS51437	CG_1	0.999999999996838	-3.16243320593046e-12	1	0	0	11	7024
PS00920	NITRIL_CHT_1	0.999999999996838	-3.16243320593046e-12	1	0	0	11	7024
PS01085	RIBUL_P_3_EPIMER_1	0.999999999996838	-3.16243320593046e-12	1	0	0	11	7024
PS51669	4FE4S_MOW_BIS_MGD	0.999999999996838	-3.16243320593046e-12	1	0	0	11	7024
PS00762	WHEP_TRS_1	0.999999999996838	-3.16243320593046e-12	1	0	0	11	7024
PS51322	UEV	0.999999999996838	-3.16243320593046e-12	1	0	0	11	7024
PS50040	EF1G_C	0.999999999996838	-3.16243320593046e-12	1	0	0	11	7024
PS00513	ADENYLOSUCCIN_SYN_2	0.999999999996838	-3.16243320593046e-12	1	0	0	11	7024
PS00231	F_ACTIN_CAPPING_BETA	0.999999999996838	-3.16243320593046e-12	1	0	0	11	7024
PS01215	MRP	0.999999999996838	-3.16243320593046e-12	1	0	0	11	7024
PS00566	FIBRILLARIN	0.999999999996838	-3.16243320593046e-12	1	0	0	11	7024
PS00841	XPG_1	0.999999999996838	-3.16243320593046e-12	1	0	0	11	7024
PS50960	HTH_PSQ	0.999999999996838	-3.16243320593046e-12	1	0	0	11	7024
PS00799	GRANULINS	0.999999999996838	-3.16243320593046e-12	1	0	0	11	7024
PS51459	FIDO	0.999999999996838	-3.16243320593046e-12	1	0	0	11	7024
PS01234	GATB	0.999999999996838	-3.16243320593046e-12	1	0	0	11	7024
PS00745	RF_PROK_I	0.999999999996838	-3.16243320593046e-12	1	0	0	11	7024
PS50935	SSB	0.999999999996838	-3.16243320593046e-12	1	0	0	11	7024
PS51049	KASH	0.999999999996838	-3.16243320593046e-12	1	0	0	11	7024
PS51627	SAM_MT_TRM11	0.999999999996838	-3.16243320593046e-12	1	0	0	11	7024
PS00644	COMPLEX1_51K_1	0.999999999996838	-3.16243320593046e-12	1	0	0	11	7024
PS50988	TROVE	0.999999999996838	-3.16243320593046e-12	1	0	0	11	7024
PS01080	BH1	0.999999999996838	-3.16243320593046e-12	1	0	0	11	7024
PS00318	HMG_COA_REDUCTASE_2	0.999999999996838	-3.16243320593046e-12	1	0	0	11	7024
PS50278	PDGF_2	0.999999999996838	-3.16243320593046e-12	1	0	0	11	7024
PS00461	6PGD	0.999999999996838	-3.16243320593046e-12	1	0	0	11	7024
PS00546	CYSTEINE_SWITCH	0.999999999996838	-3.16243320593046e-12	1	0	0	11	7024
PS51687	SAM_MT_RNA_M5U	0.999999999996838	-3.16243320593046e-12	1	0	0	11	7024
PS00557	FMN_HYDROXY_ACID_DH_1	0.999999999996838	-3.16243320593046e-12	1	0	0	11	7024
PS51778	VAST	0.999999999996838	-3.16243320593046e-12	1	0	0	11	7024
PS00444	POLYPRENYL_SYNTHASE_2	0.999999999996838	-3.16243320593046e-12	1	0	0	11	7024
PS51705	G_HFLX	0.999999999996838	-3.16243320593046e-12	1	0	0	11	7024
PS01340	CORNICHON	0.999999999996838	-3.16243320593046e-12	1	0	0	11	7024
PS50974	ADOMET_ACTIVATION	0.999999999996838	-3.16243320593046e-12	1	0	0	11	7024
PS01330	PABS_1	0.999999999996838	-3.16243320593046e-12	1	0	0	11	7024
PS51116	LAMININ_IVB	0.999999999996838	-3.16243320593046e-12	1	0	0	11	7024
PS51360	PLUS3	0.999999999996838	-3.16243320593046e-12	1	0	0	11	7024
PS00764	ENDONUCLEASE_III_1	0.999999999996838	-3.16243320593046e-12	1	0	0	11	7024
PS51383	YJEF_C_3	0.999999999996838	-3.16243320593046e-12	1	0	0	11	7024
PS00671	D_2_HYDROXYACID_DH_3	0.999999999996838	-3.16243320593046e-12	1	0	0	11	7024
PS00782	TFIIB	0.999999999996838	-3.16243320593046e-12	1	0	0	11	7024
PS00114	PRPP_SYNTHASE	0.999999999996838	-3.16243320593046e-12	1	0	0	11	7024
PS51727	CBP_P300_HAT	0.999999999996838	-3.16243320593046e-12	1	0	0	11	7024
PS51827	XTBD	0.999999999996838	-3.16243320593046e-12	1	0	0	11	7024
PS01315	CDS	0.999999999996838	-3.16243320593046e-12	1	0	0	11	7024
PS01211	UPF0001	0.999999999996838	-3.16243320593046e-12	1	0	0	11	7024
PS00149	SULFATASE_2	0.999999999996838	-3.16243320593046e-12	1	0	0	11	7024
PS01058	SAICAR_SYNTHETASE_2	0.999999999996838	-3.16243320593046e-12	1	0	0	11	7024
PS00489	RNA_POL_PHAGE_2	0.999999999996838	-3.16243320593046e-12	1	0	0	11	7024
PS51399	SEP	0.999999999996838	-3.16243320593046e-12	1	0	0	11	7024
PS01152	HESB	0.999999999996838	-3.16243320593046e-12	1	0	0	11	7024
PS01086	RIBUL_P_3_EPIMER_2	0.999999999996838	-3.16243320593046e-12	1	0	0	11	7024
PS00075	DHFR_1	0.999999999996838	-3.16243320593046e-12	1	0	0	11	7024
PS51666	QLQ	0.999999999996838	-3.16243320593046e-12	1	0	0	11	7024
PS50830	TNASE_3	0.999999999996838	-3.16243320593046e-12	1	0	0	11	7024
PS00124	FBPASE	0.999999999996838	-3.16243320593046e-12	1	0	0	11	7024
PS51515	BIN3_SAM	0.999999999996838	-3.16243320593046e-12	1	0	0	11	7024
PS00632	RIBOSOMAL_S4	0.999999999996838	-3.16243320593046e-12	1	0	0	11	7024
PS51570	SAM_MT43_SUVAR420_2	0.999999999996838	-3.16243320593046e-12	1	0	0	11	7024
PS01281	GIDA_2	0.999999999996838	-3.16243320593046e-12	1	0	0	11	7024
PS00641	COMPLEX1_75K_1	0.999999999996838	-3.16243320593046e-12	1	0	0	11	7024
PS51378	INVERT_DEFENSINS	0.999999999996838	-3.16243320593046e-12	1	0	0	11	7024
PS00421	TM4_1	0.999999999996838	-3.16243320593046e-12	1	0	0	11	7024
PS00074	GLFV_DEHYDROGENASE	0.999999999996838	-3.16243320593046e-12	1	0	0	11	7024
PS50869	BRICHOS	0.999999999996838	-3.16243320593046e-12	1	0	0	11	7024
PS51131	ZN_HOOK	0.999999999996838	-3.16243320593046e-12	1	0	0	11	7024
PS00360	RIBOSOMAL_S9	0.999999999996838	-3.16243320593046e-12	1	0	0	11	7024
PS00605	ATPASE_C	0.999999999996838	-3.16243320593046e-12	1	0	0	11	7024
PS00997	G10_1	0.999999999996838	-3.16243320593046e-12	1	0	0	11	7024
PS51890	DAZ	0.999999999996838	-3.16243320593046e-12	1	0	0	11	7024
PS00675	SIGMA54_INTERACT_1	0.999999999996838	-3.16243320593046e-12	1	0	0	11	7024
PS00748	F_ACTIN_CAPPING_A_1	0.999999999996838	-3.16243320593046e-12	1	0	0	11	7024
PS01153	NOL1_NOP2_SUN	0.999999999996838	-3.16243320593046e-12	1	0	0	11	7024
PS51440	TIM_2	0.999999999996838	-3.16243320593046e-12	1	0	0	11	7024
PS51480	DHAL	0.999999999996838	-3.16243320593046e-12	1	0	0	11	7024
PS00603	TK_CELLULAR_TYPE	0.999999999996838	-3.16243320593046e-12	1	0	0	11	7024
PS01220	PBP	0.999999999996838	-3.16243320593046e-12	1	0	0	11	7024
PS00051	RIBOSOMAL_L39E	0.999999999996838	-3.16243320593046e-12	1	0	0	11	7024
PS01057	SAICAR_SYNTHETASE_1	0.999999999996838	-3.16243320593046e-12	1	0	0	11	7024
PS01177	ANAPHYLATOXIN_1	0.999999999996838	-3.16243320593046e-12	1	0	0	11	7024
PS00733	RIBOSOMAL_S26E	0.999999999996838	-3.16243320593046e-12	1	0	0	11	7024
PS50162	RECA_2	0.999999999996838	-3.16243320593046e-12	1	0	0	11	7024
PS51312	SB	0.999999999996838	-3.16243320593046e-12	1	0	0	11	7024
PS01289	TSC22	0.999999999996838	-3.16243320593046e-12	1	0	0	11	7024
PS00980	G_PROTEIN_RECEP_F3_2	0.999999999996838	-3.16243320593046e-12	1	0	0	11	7024
PS00514	FIBRINOGEN_C_1	0.999999999996838	-3.16243320593046e-12	1	0	0	11	7024
PS51148	AXH	0.999999999996838	-3.16243320593046e-12	1	0	0	11	7024
PS01267	UPF0023	0.999999999996838	-3.16243320593046e-12	1	0	0	11	7024
PS51154	MACRO	0.999999999996838	-3.16243320593046e-12	1	0	0	11	7024
PS01329	COX6A	0.999999999996838	-3.16243320593046e-12	1	0	0	11	7024
PS50898	RBD	0.999999999996838	-3.16243320593046e-12	1	0	0	11	7024
PS51796	MSS4	0.999999999996838	-3.16243320593046e-12	1	0	0	11	7024
PS00347	PARP_ZN_FINGER_1	0.999999999996838	-3.16243320593046e-12	1	0	0	11	7024
PS01344	FRATAXIN_1	0.999999999996838	-3.16243320593046e-12	1	0	0	11	7024
PS00323	RIBOSOMAL_S19	0.999999999996838	-3.16243320593046e-12	1	0	0	11	7024
PS01337	ODC_AZ	0.999999999996838	-3.16243320593046e-12	1	0	0	11	7024
PS50895	SURF1	0.999999999996838	-3.16243320593046e-12	1	0	0	11	7024
PS51873	TRIAD	0.999999999996838	-3.16243320593046e-12	1	0	0	11	7024
PS00378	HEXOKINASE_1	0.999999999996838	-3.16243320593046e-12	1	0	0	11	7024
PS51495	GLUE	0.999999999996838	-3.16243320593046e-12	1	0	0	11	7024
PS01137	TATD_1	0.999999999996838	-3.16243320593046e-12	1	0	0	11	7024
PS51857	CSD_2	0.999999999996838	-3.16243320593046e-12	1	0	0	11	7024
PS51163	YRDC	0.999999999996838	-3.16243320593046e-12	1	0	0	11	7024
PS00900	RNA_POL_PHAGE_1	0.999999999996838	-3.16243320593046e-12	1	0	0	11	7024
PS00528	RIBOSOMAL_S4E	0.999999999996838	-3.16243320593046e-12	1	0	0	11	7024
PS51199	SF4_HELICASE	0.999999999996838	-3.16243320593046e-12	1	0	0	11	7024
PS51392	KEN	0.999999999996838	-3.16243320593046e-12	1	0	0	11	7024
PS01129	PSI_RLU	0.999999999996838	-3.16243320593046e-12	1	0	0	11	7024
PS01089	CAP_2	0.999999999996838	-3.16243320593046e-12	1	0	0	11	7024
PS51466	PINIT	0.999999999996838	-3.16243320593046e-12	1	0	0	11	7024
PS01001	SDH_CYT_2	0.999999999996838	-3.16243320593046e-12	1	0	0	11	7024
PS51707	CYTH	0.999999999996838	-3.16243320593046e-12	1	0	0	11	7024
PS51271	WAPL	0.999999999996838	-3.16243320593046e-12	1	0	0	11	7024
PS00462	G_GLU_TRANSPEPTIDASE	0.999999999996838	-3.16243320593046e-12	1	0	0	11	7024
PS00527	RIBOSOMAL_S14	0.999999999996838	-3.16243320593046e-12	1	0	0	11	7024
PS01266	ADENYLOSUCCIN_SYN_1	0.999999999996838	-3.16243320593046e-12	1	0	0	11	7024
PS51262	COS	0.999999999996838	-3.16243320593046e-12	1	0	0	11	7024
PS51229	DCUN1	0.999999999996838	-3.16243320593046e-12	1	0	0	11	7024
PS01223	PROA	0.999999999996838	-3.16243320593046e-12	1	0	0	11	7024
PS00802	TRANSKETOLASE_2	0.999999999996838	-3.16243320593046e-12	1	0	0	11	7024
PS00296	CHAPERONINS_CPN60	0.999999999996838	-3.16243320593046e-12	1	0	0	11	7024
PS01073	RIBOSOMAL_L24E	0.999999999996838	-3.16243320593046e-12	1	0	0	11	7024
PS01047	HMA_1	0.999999999996838	-3.16243320593046e-12	1	0	0	11	7024
PS01293	NUDIX_COA	0.999999999996838	-3.16243320593046e-12	1	0	0	11	7024
PS00161	ISOCITRATE_LYASE	0.999999999996838	-3.16243320593046e-12	1	0	0	11	7024
PS51073	RPEL	0.999999999996838	-3.16243320593046e-12	1	0	0	11	7024
PS00634	RIBOSOMAL_L30	0.999999999996838	-3.16243320593046e-12	1	0	0	11	7024
PS51625	SAM_MT_TRMB	0.999999999996838	-3.16243320593046e-12	1	0	0	11	7024
PS01046	LON_SER	0.999999999996838	-3.16243320593046e-12	1	0	0	11	7024
PS01279	PCMT	0.999999999996838	-3.16243320593046e-12	1	0	0	11	7024
PS00902	GLUTAMATE_5_KINASE	0.999999999996838	-3.16243320593046e-12	1	0	0	11	7024
PS00993	RIBOSOMAL_L30E_2	0.999999999996838	-3.16243320593046e-12	1	0	0	11	7024
PS50113	PAC	0.999999999996838	-3.16243320593046e-12	1	0	0	11	7024
PS51716	G_IRG	0.999999999996838	-3.16243320593046e-12	1	0	0	11	7024
PS51182	C2_TENSIN	0.999999999996838	-3.16243320593046e-12	1	0	0	11	7024
PS00117	GAL_P_UDP_TRANSF_I	0.999999999996838	-3.16243320593046e-12	1	0	0	11	7024
PS00165	DEHYDRATASE_SER_THR	0.999999999996838	-3.16243320593046e-12	1	0	0	11	7024
PS00096	SHMT	0.999999999996838	-3.16243320593046e-12	1	0	0	11	7024
PS51870	APP_E2	0.999999999996838	-3.16243320593046e-12	1	0	0	11	7024
PS00859	GTP_CYCLOHYDROL_1_1	0.999999999996838	-3.16243320593046e-12	1	0	0	11	7024
PS00174	P_GLUCOSE_ISOMERASE_2	0.999999999996838	-3.16243320593046e-12	1	0	0	11	7024
PS51425	SCD	0.999999999996838	-3.16243320593046e-12	1	0	0	11	7024
PS00730	AP_NUCLEASE_F2_2	0.999999999996838	-3.16243320593046e-12	1	0	0	11	7024
PS00106	GALACTOKINASE	0.999999999996838	-3.16243320593046e-12	1	0	0	11	7024
PS01304	UBIH	0.999999999996838	-3.16243320593046e-12	1	0	0	11	7024
PS51065	NHR	0.999999999996838	-3.16243320593046e-12	1	0	0	11	7024
PS01201	TUB_2	0.999999999996838	-3.16243320593046e-12	1	0	0	11	7024
PS50993	NIDOGEN_G2	0.999999999996838	-3.16243320593046e-12	1	0	0	11	7024
PS01193	RIBOSOMAL_S8E	0.999999999996838	-3.16243320593046e-12	1	0	0	11	7024
PS01226	HMG_COA_SYNTHASE	0.999999999996838	-3.16243320593046e-12	1	0	0	11	7024
PS50845	RETICULON	0.999999999996838	-3.16243320593046e-12	1	0	0	11	7024
PS01199	RIBOSOMAL_L1	0.999999999996838	-3.16243320593046e-12	1	0	0	11	7024
PS50213	FAS1	0.999999999996838	-3.16243320593046e-12	1	0	0	11	7024
PS51525	NET	0.999999999996838	-3.16243320593046e-12	1	0	0	11	7024
PS00976	NMT_2	0.999999999996838	-3.16243320593046e-12	1	0	0	11	7024
PS00392	DDC_GAD_HDC_YDC	0.999999999996838	-3.16243320593046e-12	1	0	0	11	7024
PS51422	SAR1	0.999999999996838	-3.16243320593046e-12	1	0	0	11	7024
PS00961	RIBOSOMAL_S28E	0.999999999996838	-3.16243320593046e-12	1	0	0	11	7024
PS01251	PCNA_1	0.999999999996838	-3.16243320593046e-12	1	0	0	11	7024
PS00091	THYMIDYLATE_SYNTHASE	0.999999999996838	-3.16243320593046e-12	1	0	0	11	7024
PS51732	ASN_GLN_ASE_3	0.999999999996838	-3.16243320593046e-12	1	0	0	11	7024
PS00362	RIBOSOMAL_S15	0.999999999996838	-3.16243320593046e-12	1	0	0	11	7024
PS51543	FYRC	0.999999999996838	-3.16243320593046e-12	1	0	0	11	7024
PS51853	PG2	0.999999999996838	-3.16243320593046e-12	1	0	0	11	7024
PS51432	AP_NUCLEASE_F2_4	0.999999999996838	-3.16243320593046e-12	1	0	0	11	7024
PS00097	CARBAMOYLTRANSFERASE	0.999999999996838	-3.16243320593046e-12	1	0	0	11	7024
PS01090	TATD_2	0.999999999996838	-3.16243320593046e-12	1	0	0	11	7024
PS00491	PROLINE_PEPTIDASE	0.999999999996838	-3.16243320593046e-12	1	0	0	11	7024
PS51048	SGS	0.999999999996838	-3.16243320593046e-12	1	0	0	11	7024
PS50837	NACHT	0.999999999996838	-3.16243320593046e-12	1	0	0	11	7024
PS00756	SECY_2	0.999999999996838	-3.16243320593046e-12	1	0	0	11	7024
PS01190	RIBOSOMAL_L36E	0.999999999996838	-3.16243320593046e-12	1	0	0	11	7024
PS51269	COMM	0.999999999996838	-3.16243320593046e-12	1	0	0	11	7024
PS51481	DHAK	0.999999999996838	-3.16243320593046e-12	1	0	0	11	7024
PS01122	CASPASE_CYS	0.999999999996838	-3.16243320593046e-12	1	0	0	11	7024
PS01030	RNA_POL_M_15KD	0.999999999996838	-3.16243320593046e-12	1	0	0	11	7024
PS00319	APP_CUBD	0.999999999996838	-3.16243320593046e-12	1	0	0	11	7024
PS50109	HIS_KIN	0.999999999996838	-3.16243320593046e-12	1	0	0	11	7024
PS51447	FDX_ACB	0.999999999996838	-3.16243320593046e-12	1	0	0	11	7024
PS00485	A_DEAMINASE	0.999999999996838	-3.16243320593046e-12	1	0	0	11	7024
PS00681	CHAPERONINS_CPN10	0.999999999996838	-3.16243320593046e-12	1	0	0	11	7024
PS00755	SECY_1	0.999999999996838	-3.16243320593046e-12	1	0	0	11	7024
PS00181	GLNA_ATP	0.999999999996838	-3.16243320593046e-12	1	0	0	11	7024
PS00738	ADOHCYASE_1	0.999999999996838	-3.16243320593046e-12	1	0	0	11	7024
PS00282	KAZAL_1	0.999999999996838	-3.16243320593046e-12	1	0	0	11	7024
PS51613	SAM_MT_RRMJ	0.999999999996838	-3.16243320593046e-12	1	0	0	11	7024
PS01194	RIBOSOMAL_L15E	0.999999999996838	-3.16243320593046e-12	1	0	0	11	7024
PS01144	RIBOSOMAL_L31E	0.999999999996838	-3.16243320593046e-12	1	0	0	11	7024
PS01172	RIBOSOMAL_L44E	0.999999999996838	-3.16243320593046e-12	1	0	0	11	7024
PS00385	ALPHA_L_FUCOSIDASE	0.999999999996838	-3.16243320593046e-12	1	0	0	11	7024
PS01011	FOLYLPOLYGLU_SYNT_1	0.999999999996838	-3.16243320593046e-12	1	0	0	11	7024
PS51314	VPS37_C	0.999999999996838	-3.16243320593046e-12	1	0	0	11	7024
PS00084	CU2_MONOOXYGENASE_1	0.999999999996838	-3.16243320593046e-12	1	0	0	11	7024
PS51823	CLU	0.999999999996838	-3.16243320593046e-12	1	0	0	11	7024
PS51062	RUNT	0.999999999996838	-3.16243320593046e-12	1	0	0	11	7024
PS00765	P_GLUCOSE_ISOMERASE_1	0.999999999996838	-3.16243320593046e-12	1	0	0	11	7024
PS01182	GLYCOSYL_HYDROL_F35	0.999999999996838	-3.16243320593046e-12	1	0	0	11	7024
PS01049	YJEF_C_1	0.999999999996838	-3.16243320593046e-12	1	0	0	11	7024
PS51255	ADPK	0.999999999996838	-3.16243320593046e-12	1	0	0	11	7024
PS00548	RIBOSOMAL_S3	0.999999999996838	-3.16243320593046e-12	1	0	0	11	7024
PS50953	KID	0.999999999996838	-3.16243320593046e-12	1	0	0	11	7024
PS01170	RIBOSOMAL_L6E	0.999999999996838	-3.16243320593046e-12	1	0	0	11	7024
PS51439	MENTAL	0.999999999996838	-3.16243320593046e-12	1	0	0	11	7024
PS51467	HARP	0.999999999996838	-3.16243320593046e-12	1	0	0	11	7024
PS51869	APP_E1	0.999999999996838	-3.16243320593046e-12	1	0	0	11	7024
PS51729	GNAT_YJDJ	0.999999999996838	-3.16243320593046e-12	1	0	0	11	7024
PS00368	RIBORED_SMALL	0.999999999996838	-3.16243320593046e-12	1	0	0	11	7024
PS01104	RIBOSOMAL_L13E	0.999999999996838	-3.16243320593046e-12	1	0	0	11	7024
PS00643	COMPLEX1_75K_3	0.999999999996838	-3.16243320593046e-12	1	0	0	11	7024
PS01101	CK2_BETA	0.999999999996838	-3.16243320593046e-12	1	0	0	11	7024
PS51508	CKK	0.999999999996838	-3.16243320593046e-12	1	0	0	11	7024
PS00964	SYNDECAN	0.999999999996838	-3.16243320593046e-12	1	0	0	11	7024
PS00943	UBIA	0.999999999996838	-3.16243320593046e-12	1	0	0	11	7024
PS51423	MIRO	0.999999999996838	-3.16243320593046e-12	1	0	0	11	7024
PS01064	PYRIDOX_OXIDASE	0.999999999996838	-3.16243320593046e-12	1	0	0	11	7024
PS01250	CHH_MIH_GIH	0.999999999996838	-3.16243320593046e-12	1	0	0	11	7024
PS51081	ZF_SIAH	0.999999999996838	-3.16243320593046e-12	1	0	0	11	7024
PS00749	F_ACTIN_CAPPING_A_2	0.999999999996838	-3.16243320593046e-12	1	0	0	11	7024
PS00998	G10_2	0.999999999996838	-3.16243320593046e-12	1	0	0	11	7024
PS00204	FERRITIN_2	0.999999999996838	-3.16243320593046e-12	1	0	0	11	7024
PS50943	HTH_CROC1	0.999999999996838	-3.16243320593046e-12	1	0	0	11	7024
PS00229	TAU_MAP_1	0.999999999996838	-3.16243320593046e-12	1	0	0	11	7024
PS51790	MSRB	0.999999999996838	-3.16243320593046e-12	1	0	0	11	7024
PS51344	HTH_TFE_IIE	0.999999999996838	-3.16243320593046e-12	1	0	0	11	7024
PS51571	SAM_MT43_PR_SET	0.999999999996838	-3.16243320593046e-12	1	0	0	11	7024
PS00627	GHMP_KINASES_ATP	0.999999999996838	-3.16243320593046e-12	1	0	0	11	7024
PS51418	RAN	0.999999999996838	-3.16243320593046e-12	1	0	0	11	7024
PS01150	COMPLEX1_20K	0.999999999996838	-3.16243320593046e-12	1	0	0	11	7024
PS00697	DNA_LIGASE_A1	0.999999999996838	-3.16243320593046e-12	1	0	0	11	7024
PS50823	KH_TYPE_2	0.999999999996838	-3.16243320593046e-12	1	0	0	11	7024
PS51080	CTF_NFI_2	0.999999999996838	-3.16243320593046e-12	1	0	0	11	7024
PS51416	MIB_HERC2	0.999999999996838	-3.16243320593046e-12	1	0	0	11	7024
PS00187	TPP_ENZYMES	0.999999999996838	-3.16243320593046e-12	1	0	0	11	7024
PS00053	RIBOSOMAL_S8	0.999999999996838	-3.16243320593046e-12	1	0	0	11	7024
PS00111	PGLYCERATE_KINASE	0.999999999996838	-3.16243320593046e-12	1	0	0	11	7024
PS01094	UPF0076	0.999999999996838	-3.16243320593046e-12	1	0	0	11	7024
PS01290	ER	0.999999999996838	-3.16243320593046e-12	1	0	0	11	7024
PS51337	B12_BINDING_NTER	0.999999999996838	-3.16243320593046e-12	1	0	0	11	7024
PS00521	P5CR	0.999999999996838	-3.16243320593046e-12	1	0	0	11	7024
PS01331	THYMIDYLATE_KINASE	0.999999999996838	-3.16243320593046e-12	1	0	0	11	7024
PS50050	TNFR_NGFR_2	0.999999999996838	-3.16243320593046e-12	1	0	0	11	7024
PS50984	TRUD	0.999999999996838	-3.16243320593046e-12	1	0	0	11	7024
PS51685	SAM_MT_ERG6_SMT	0.999999999996838	-3.16243320593046e-12	1	0	0	11	7024
PS00184	GARS	0.999999999996838	-3.16243320593046e-12	1	0	0	11	7024
PS00912	DHODEHASE_2	0.999999999996838	-3.16243320593046e-12	1	0	0	11	7024
PS00612	OSTEONECTIN_1	0.999999999996838	-3.16243320593046e-12	1	0	0	11	7024
PS01325	LYS_HYDROXYLASE	0.999999999996838	-3.16243320593046e-12	1	0	0	11	7024
PS51394	PFU	0.999999999996838	-3.16243320593046e-12	1	0	0	11	7024
PS00128	GLYCOSYL_HYDROL_F22_1	0.999999999996838	-3.16243320593046e-12	1	0	0	11	7024
PS50972	PTERIN_BINDING	0.999999999996838	-3.16243320593046e-12	1	0	0	11	7024
PS00467	RIBOSOMAL_L2	0.999999999996838	-3.16243320593046e-12	1	0	0	11	7024
PS01003	TCTP_2	0.999999999996838	-3.16243320593046e-12	1	0	0	11	7024
PS00049	RIBOSOMAL_L14	0.999999999996838	-3.16243320593046e-12	1	0	0	11	7024
PS01145	RIBOSOMAL_L34E	0.999999999996838	-3.16243320593046e-12	1	0	0	11	7024
PS01010	CRISP_2	0.999999999996838	-3.16243320593046e-12	1	0	0	11	7024
PS00652	TNFR_NGFR_1	0.999999999996838	-3.16243320593046e-12	1	0	0	11	7024
PS51351	TFIIE_BETA_C	0.999999999996838	-3.16243320593046e-12	1	0	0	11	7024
PS51289	GLG1_C_RICH	0.999999999996838	-3.16243320593046e-12	1	0	0	11	7024
PS00628	RIBOSOMAL_S19E	0.999999999996838	-3.16243320593046e-12	1	0	0	11	7024
PS00333	DNA_LIGASE_A2	0.999999999996838	-3.16243320593046e-12	1	0	0	11	7024
PS00583	PFKB_KINASES_1	0.999999999996838	-3.16243320593046e-12	1	0	0	11	7024
PS00374	MGMT	0.999999999996838	-3.16243320593046e-12	1	0	0	11	7024
PS01012	FOLYLPOLYGLU_SYNT_2	0.999999999996838	-3.16243320593046e-12	1	0	0	11	7024
PS51839	4FE4S_HC3	0.999999999996838	-3.16243320593046e-12	1	0	0	11	7024
PS51327	DICER_DSRBF	0.999999999996838	-3.16243320593046e-12	1	0	0	11	7024
PS51279	BCNT_C	0.999999999996838	-3.16243320593046e-12	1	0	0	11	7024
PS01273	COA_TRANSF_1	0.999999999996838	-3.16243320593046e-12	1	0	0	11	7024
PS50814	WIF	0.999999999996838	-3.16243320593046e-12	1	0	0	11	7024
PS01225	CTCK_2	0.999999999996838	-3.16243320593046e-12	1	0	0	11	7024
PS00054	RIBOSOMAL_S11	0.999999999996838	-3.16243320593046e-12	1	0	0	11	7024
PS51802	ZF_CCHHC	0.999999999996838	-3.16243320593046e-12	1	0	0	11	7024
PS51336	DM10	0.999999999996838	-3.16243320593046e-12	1	0	0	11	7024
PS51020	SPONDIN	0.999999999996838	-3.16243320593046e-12	1	0	0	11	7024
PS00164	ENOLASE	0.999999999996838	-3.16243320593046e-12	1	0	0	11	7024
PS01078	MOCF_BIOSYNTHESIS_1	0.999999999996838	-3.16243320593046e-12	1	0	0	11	7024
PS51338	IMD	0.999999999996838	-3.16243320593046e-12	1	0	0	11	7024
PS00526	RIBOSOMAL_L19E	0.999999999996838	-3.16243320593046e-12	1	0	0	11	7024
PS51385	YJEF_N	0.999999999996838	-3.16243320593046e-12	1	0	0	11	7024
PS00381	CLP_PROTEASE_SER	0.999999999996838	-3.16243320593046e-12	1	0	0	11	7024
PS01127	EF_TS_2	0.999999999996838	-3.16243320593046e-12	1	0	0	11	7024
PS51477	PAH	0.999999999996838	-3.16243320593046e-12	1	0	0	11	7024
PS51143	MT_A70	0.999999999996838	-3.16243320593046e-12	1	0	0	11	7024
PS51633	CXC	0.999999999996838	-3.16243320593046e-12	1	0	0	11	7024
PS51854	CSPG	0.999999999996838	-3.16243320593046e-12	1	0	0	11	7024
PS00052	RIBOSOMAL_S7	0.999999999996838	-3.16243320593046e-12	1	0	0	11	7024
PS51401	CHORD	0.999999999996838	-3.16243320593046e-12	1	0	0	11	7024
PS00477	ALPHA_2_MACROGLOBULIN	0.999999999996838	-3.16243320593046e-12	1	0	0	11	7024
PS00579	RIBOSOMAL_L29	0.999999999996838	-3.16243320593046e-12	1	0	0	11	7024
PS51359	COX5B_2	0.999999999996838	-3.16243320593046e-12	1	0	0	11	7024
PS51281	TAP_C	0.999999999996838	-3.16243320593046e-12	1	0	0	11	7024
PS00475	RIBOSOMAL_L15	0.999999999996838	-3.16243320593046e-12	1	0	0	11	7024
PS50151	UVR	0.999999999996838	-3.16243320593046e-12	1	0	0	11	7024
PS00642	COMPLEX1_75K_2	0.999999999996838	-3.16243320593046e-12	1	0	0	11	7024
PS01174	LIPASE_GDXG_SER	0.999999999996838	-3.16243320593046e-12	1	0	0	11	7024
PS51659	GT23	0.999999999996838	-3.16243320593046e-12	1	0	0	11	7024
PS00176	TOPOISOMERASE_I_EUK	0.999999999996838	-3.16243320593046e-12	1	0	0	11	7024
PS50812	PWWP	0.999999999996838	-3.16243320593046e-12	1	0	0	11	7024
PS01155	ENDONUCLEASE_III_2	0.999999999996838	-3.16243320593046e-12	1	0	0	11	7024
PS00196	COPPER_BLUE	0.999999999996838	-3.16243320593046e-12	1	0	0	11	7024
PS50262	G_PROTEIN_RECEP_F1_2	0.999999999997028	-2.97222823912255e-12	390	0	0	11	7024
PS51864	ASTACIN	0.999999999998	-1.99955219512155e-12	39	0	0	11	7024
PS51352	THIOREDOXIN_2	0.999999999998	-1.99955219512155e-12	39	0	0	11	7024
PS00322	HISTONE_H3_1	0.999999999998797	-1.2026197740833e-12	4	0	0	11	7024
PS50918	WWE	0.999999999998797	-1.2026197740833e-12	4	0	0	11	7024
PS00012	PHOSPHOPANTETHEINE	0.999999999998797	-1.2026197740833e-12	4	0	0	11	7024
PS51885	NEPRILYSIN	0.999999999998797	-1.2026197740833e-12	4	0	0	11	7024
PS00439	ACYLTRANSF_C_1	0.999999999998797	-1.2026197740833e-12	4	0	0	11	7024
PS00345	ETS_DOMAIN_1	0.999999999998797	-1.2026197740833e-12	4	0	0	11	7024
PS50305	SIRTUIN	0.999999999998797	-1.2026197740833e-12	4	0	0	11	7024
PS50221	GPS	0.999999999998797	-1.2026197740833e-12	4	0	0	11	7024
PS00741	DH_1	0.999999999998797	-1.2026197740833e-12	4	0	0	11	7024
PS01216	SUCCINYL_COA_LIG_1	0.999999999998797	-1.2026197740833e-12	4	0	0	11	7024
PS50194	FILAMIN_REPEAT	0.999999999998797	-1.2026197740833e-12	4	0	0	11	7024
PS50032	KA1	0.999999999998797	-1.2026197740833e-12	4	0	0	11	7024
PS50208	CASPASE_P20	0.999999999998797	-1.2026197740833e-12	4	0	0	11	7024
PS50225	SOCS	0.999999999998797	-1.2026197740833e-12	4	0	0	11	7024
PS00046	HISTONE_H2A	0.999999999998797	-1.2026197740833e-12	4	0	0	11	7024
PS51324	ERV_ALR	0.999999999998797	-1.2026197740833e-12	4	0	0	11	7024
PS00720	RASGEF	0.999999999998797	-1.2026197740833e-12	4	0	0	11	7024
PS00357	HISTONE_H2B	0.999999999998797	-1.2026197740833e-12	4	0	0	11	7024
PS00763	GLUTATHIONE_PEROXID_2	0.999999999998797	-1.2026197740833e-12	4	0	0	11	7024
PS50018	RAS_GTPASE_ACTIV_2	0.999999999998797	-1.2026197740833e-12	4	0	0	11	7024
PS51263	ADF_H	0.999999999998797	-1.2026197740833e-12	4	0	0	11	7024
PS00758	ARGE_DAPE_CPG2_1	0.999999999998797	-1.2026197740833e-12	4	0	0	11	7024
PS51329	C_CAP_COFACTOR_C	0.999999999998797	-1.2026197740833e-12	4	0	0	11	7024
PS00610	NA_NEUROTRAN_SYMP_1	0.999999999998797	-1.2026197740833e-12	4	0	0	11	7024
PS50829	GYF	0.999999999998797	-1.2026197740833e-12	4	0	0	11	7024
PS50890	PUA	0.999999999998797	-1.2026197740833e-12	4	0	0	11	7024
PS01217	SUCCINYL_COA_LIG_3	0.999999999998797	-1.2026197740833e-12	4	0	0	11	7024
PS51726	MYST_HAT	0.999999999998797	-1.2026197740833e-12	4	0	0	11	7024
PS00134	TRYPSIN_HIS	0.999999999998797	-1.2026197740833e-12	4	0	0	11	7024
PS51140	CUE	0.999999999998797	-1.2026197740833e-12	4	0	0	11	7024
PS50889	S4	0.999999999998797	-1.2026197740833e-12	4	0	0	11	7024
PS51551	EPHRIN_RBD_2	0.999999999998797	-1.2026197740833e-12	4	0	0	11	7024
PS00399	SUCCINYL_COA_LIG_2	0.999999999998797	-1.2026197740833e-12	4	0	0	11	7024
PS00376	ADOMET_SYNTHASE_1	0.999999999998797	-1.2026197740833e-12	4	0	0	11	7024
PS00071	GAPDH	0.999999999998797	-1.2026197740833e-12	4	0	0	11	7024
PS00677	DAO	0.999999999998797	-1.2026197740833e-12	4	0	0	11	7024
PS50214	DISINTEGRIN_2	0.999999999998797	-1.2026197740833e-12	4	0	0	11	7024
PS00034	PAIRED_1	0.999999999998797	-1.2026197740833e-12	4	0	0	11	7024
PS51686	SAM_MT_RSMB_NOP	0.999999999998797	-1.2026197740833e-12	4	0	0	11	7024
PS51340	MOSC	0.999999999998797	-1.2026197740833e-12	4	0	0	11	7024
PS50880	TOPRIM	0.999999999998797	-1.2026197740833e-12	4	0	0	11	7024
PS50245	CAP_GLY_2	0.999999999998797	-1.2026197740833e-12	4	0	0	11	7024
PS01271	NA_SULFATE	0.999999999998797	-1.2026197740833e-12	4	0	0	11	7024
PS51115	LAMININ_IVA	0.999999999998797	-1.2026197740833e-12	4	0	0	11	7024
PS50900	PLAC	0.999999999998797	-1.2026197740833e-12	4	0	0	11	7024
PS51721	G_CP	0.999999999998797	-1.2026197740833e-12	4	0	0	11	7024
PS51698	U_BOX	0.999999999998797	-1.2026197740833e-12	4	0	0	11	7024
PS50989	COA_CT_CTER	0.999999999998797	-1.2026197740833e-12	4	0	0	11	7024
PS50207	CASPASE_P10	0.999999999998797	-1.2026197740833e-12	4	0	0	11	7024
PS00903	CYT_DCMP_DEAMINASES_1	0.999999999998797	-1.2026197740833e-12	4	0	0	11	7024
PS01219	AMMONIUM_TRANSP	0.999999999998797	-1.2026197740833e-12	4	0	0	11	7024
PS00484	THYROGLOBULIN_1_1	0.999999999998797	-1.2026197740833e-12	4	0	0	11	7024
PS00180	GLNA_1	0.999999999998797	-1.2026197740833e-12	4	0	0	11	7024
PS51214	IBB	0.999999999998797	-1.2026197740833e-12	4	0	0	11	7024
PS00901	CYS_SYNTHASE	0.999999999998797	-1.2026197740833e-12	4	0	0	11	7024
PS50263	CN_HYDROLASE	0.999999999998797	-1.2026197740833e-12	4	0	0	11	7024
PS00990	CLAT_ADAPTOR_M_1	0.999999999998797	-1.2026197740833e-12	4	0	0	11	7024
PS00138	SUBTILASE_SER	0.999999999998797	-1.2026197740833e-12	4	0	0	11	7024
PS51082	WH2	0.999999999998797	-1.2026197740833e-12	4	0	0	11	7024
PS51133	ZF_TFIIS_2	0.999999999998797	-1.2026197740833e-12	4	0	0	11	7024
PS50952	KIX	0.999999999998797	-1.2026197740833e-12	4	0	0	11	7024
PS50877	GOLOCO	0.999999999998797	-1.2026197740833e-12	4	0	0	11	7024
PS50980	COA_CT_NTER	0.999999999998797	-1.2026197740833e-12	4	0	0	11	7024
PS50275	SAC	0.999999999998797	-1.2026197740833e-12	4	0	0	11	7024
PS50934	SWIRM	0.999999999998797	-1.2026197740833e-12	4	0	0	11	7024
PS00136	SUBTILASE_ASP	0.999999999998797	-1.2026197740833e-12	4	0	0	11	7024
PS50864	SAND	0.999999999998797	-1.2026197740833e-12	4	0	0	11	7024
PS00866	CPSASE_1	0.999999999998797	-1.2026197740833e-12	4	0	0	11	7024
PS00067	3HCDH	0.999999999998797	-1.2026197740833e-12	4	0	0	11	7024
PS51232	GBD_FH3	0.999999999998797	-1.2026197740833e-12	4	0	0	11	7024
PS01136	UPF0034	0.999999999998797	-1.2026197740833e-12	4	0	0	11	7024
PS00406	ACTINS_1	0.999999999998797	-1.2026197740833e-12	4	0	0	11	7024
PS50176	ARM_REPEAT	0.999999999998797	-1.2026197740833e-12	4	0	0	11	7024
PS51038	BAH	0.999999999998797	-1.2026197740833e-12	4	0	0	11	7024
PS50189	NTR	0.999999999998797	-1.2026197740833e-12	4	0	0	11	7024
PS51675	SAM_MT_TRM10	0.999999999998797	-1.2026197740833e-12	4	0	0	11	7024
PS50902	FLAVODOXIN_LIKE	0.999999999998797	-1.2026197740833e-12	4	0	0	11	7024
PS51819	VOC	0.999999999998797	-1.2026197740833e-12	4	0	0	11	7024
PS00198	4FE4S_FER_1	0.999999999998797	-1.2026197740833e-12	4	0	0	11	7024
PS00377	ADOMET_SYNTHASE_2	0.999999999998797	-1.2026197740833e-12	4	0	0	11	7024
PS51253	HTH_CENPB	0.999999999998797	-1.2026197740833e-12	4	0	0	11	7024
PS50179	VHS	0.999999999998797	-1.2026197740833e-12	4	0	0	11	7024
PS50024	SEA	0.999999999998797	-1.2026197740833e-12	4	0	0	11	7024
PS00989	CLAT_ADAPTOR_S	0.999999999998797	-1.2026197740833e-12	4	0	0	11	7024
PS00132	CARBOXYPEPT_ZN_1	0.999999999998797	-1.2026197740833e-12	4	0	0	11	7024
PS00661	FERM_2	0.999999999998797	-1.2026197740833e-12	4	0	0	11	7024
PS51273	GATASE_TYPE_1	0.999999999998797	-1.2026197740833e-12	4	0	0	11	7024
PS00915	PI3_4_KINASE_1	0.999999999998797	-1.2026197740833e-12	4	0	0	11	7024
PS00486	DNA_MISMATCH_REPAIR_2	0.999999999998797	-1.2026197740833e-12	4	0	0	11	7024
PS50001	SH2	0.999999999998834	-1.16581805469483e-12	49	0	0	11	7024
PS50293	TPR_REGION	0.999999999998834	-1.16581805469483e-12	49	0	0	11	7024
PS00142	ZINC_PROTEASE	0.999999999998834	-1.16581805469483e-12	49	0	0	11	7024
PS00411	KINESIN_MOTOR_1	0.999999999998866	-1.13430609101023e-12	13	0	0	11	7024
PS50206	RHODANESE_3	0.999999999998866	-1.13430609101023e-12	13	0	0	11	7024
PS00178	AA_TRNA_LIGASE_I	0.999999999998866	-1.13430609101023e-12	13	0	0	11	7024
PS01159	WW_DOMAIN_1	0.999999999998866	-1.13430609101023e-12	13	0	0	11	7024
PS00690	DEAH_ATP_HELICASE	0.999999999998866	-1.13430609101023e-12	13	0	0	11	7024
PS50292	PEROXIDASE_3	0.999999999998866	-1.13430609101023e-12	13	0	0	11	7024
PS50203	CALPAIN_CAT	0.999999999998866	-1.13430609101023e-12	13	0	0	11	7024
PS01264	TBOX_2	0.999999999998866	-1.13430609101023e-12	13	0	0	11	7024
PS00941	CARBOXYLESTERASE_B_2	0.999999999998866	-1.13430609101023e-12	13	0	0	11	7024
PS51837	LITAF	0.999999999998866	-1.13430609101023e-12	13	0	0	11	7024
PS00217	SUGAR_TRANSPORT_2	0.999999999998866	-1.13430609101023e-12	13	0	0	11	7024
PS50026	EGF_3	0.999999999999679	-3.21325871392439e-13	90	0	0	11	7024
PS50092	TSP1	1.00000000000027	2.74695613707809e-13	42	0	0	11	7024
PS00518	ZF_RING_1	1.00000000000044	4.42552934584815e-13	80	0	0	11	7024
PS51722	G_TR_2	1.00000000000056	5.57581020292487e-13	16	0	0	11	7024
PS01031	SHSP	1.00000000000056	5.57581020292487e-13	16	0	0	11	7024
PS00227	TUBULIN	1.00000000000056	5.57581020292487e-13	16	0	0	11	7024
PS00216	SUGAR_TRANSPORT_1	1.00000000000056	5.57581020292487e-13	16	0	0	11	7024
PS51371	CBS	1.00000000000056	5.57581020292487e-13	16	0	0	11	7024
PS50118	HMG_BOX_2	1.00000000000056	5.57581020292487e-13	16	0	0	11	7024
PS50172	BRCT	1.00000000000097	9.74180345790061e-13	20	0	0	11	7024
PS50010	DH_2	1.00000000000097	9.74180345790061e-13	20	0	0	11	7024
PS50020	WW_DOMAIN_2	1.00000000000097	9.74180345790061e-13	20	0	0	11	7024
PS50086	TBC_RABGAP	1.00000000000097	9.74180345790061e-13	20	0	0	11	7024
PS50217	BZIP	1.00000000000097	9.74180345790061e-13	20	0	0	11	7024
PS00973	USP_2	1.00000000000157	1.57083904658621e-12	17	0	0	11	7024
PS50039	FORK_HEAD_3	1.00000000000157	1.57083904658621e-12	17	0	0	11	7024
PS51456	MYOSIN_MOTOR	1.00000000000157	1.57083904658621e-12	17	0	0	11	7024
PS51767	PEPTIDASE_A1	1.00000000000157	1.57083904658621e-12	17	0	0	11	7024
PS50096	IQ	1.00000000000157	1.57083904658621e-12	17	0	0	11	7024
PS50002	SH3	1.00000000000168	1.68176006138909e-12	60	0	0	11	7024
PS01245	RIO1	1.00000000000173	1.73128332641798e-12	3	0	0	11	7024
PS01022	PTR2_1	1.00000000000173	1.73128332641798e-12	3	0	0	11	7024
PS51829	P_HOMO_B	1.00000000000173	1.73128332641798e-12	3	0	0	11	7024
PS00119	PA2_ASP	1.00000000000173	1.73128332641798e-12	3	0	0	11	7024
PS50197	BEACH	1.00000000000173	1.73128332641798e-12	3	0	0	11	7024
PS00035	POU_1	1.00000000000173	1.73128332641798e-12	3	0	0	11	7024
PS51084	HIT_2	1.00000000000173	1.73128332641798e-12	3	0	0	11	7024
PS51671	ACT	1.00000000000173	1.73128332641798e-12	3	0	0	11	7024
PS51847	SMP	1.00000000000173	1.73128332641798e-12	3	0	0	11	7024
PS00600	AA_TRANSFER_CLASS_3	1.00000000000173	1.73128332641798e-12	3	0	0	11	7024
PS51381	B9	1.00000000000173	1.73128332641798e-12	3	0	0	11	7024
PS51258	MHD1	1.00000000000173	1.73128332641798e-12	3	0	0	11	7024
PS51016	MYTH4	1.00000000000173	1.73128332641798e-12	3	0	0	11	7024
PS51185	WHEP_TRS_2	1.00000000000173	1.73128332641798e-12	3	0	0	11	7024
PS50171	ZF_MATRIN	1.00000000000173	1.73128332641798e-12	3	0	0	11	7024
PS51522	ZF_NANOS	1.00000000000173	1.73128332641798e-12	3	0	0	11	7024
PS50022	FA58C_3	1.00000000000173	1.73128332641798e-12	3	0	0	11	7024
PS00175	PG_MUTASE	1.00000000000173	1.73128332641798e-12	3	0	0	11	7024
PS51642	HEMOPEXIN_2	1.00000000000173	1.73128332641798e-12	3	0	0	11	7024
PS51083	ZF_HIT	1.00000000000173	1.73128332641798e-12	3	0	0	11	7024
PS51410	BH4_AAA_HYDROXYL_2	1.00000000000173	1.73128332641798e-12	3	0	0	11	7024
PS50160	DNA_LIGASE_A3	1.00000000000173	1.73128332641798e-12	3	0	0	11	7024
PS51549	DM13	1.00000000000173	1.73128332641798e-12	3	0	0	11	7024
PS50961	HTH_LA	1.00000000000173	1.73128332641798e-12	3	0	0	11	7024
PS50007	PIPLC_X_DOMAIN	1.00000000000173	1.73128332641798e-12	3	0	0	11	7024
PS51061	R3H	1.00000000000173	1.73128332641798e-12	3	0	0	11	7024
PS01166	RNA_POL_BETA	1.00000000000173	1.73128332641798e-12	3	0	0	11	7024
PS51469	SUN	1.00000000000173	1.73128332641798e-12	3	0	0	11	7024
PS51699	SEA_DG	1.00000000000173	1.73128332641798e-12	3	0	0	11	7024
PS51792	YIPPEE	1.00000000000173	1.73128332641798e-12	3	0	0	11	7024
PS51007	CYTC	1.00000000000173	1.73128332641798e-12	3	0	0	11	7024
PS51745	PB1	1.00000000000173	1.73128332641798e-12	3	0	0	11	7024
PS01121	CASPASE_HIS	1.00000000000173	1.73128332641798e-12	3	0	0	11	7024
PS00595	AA_TRANSFER_CLASS_5	1.00000000000173	1.73128332641798e-12	3	0	0	11	7024
PS51678	SAM_MT_PRMT	1.00000000000173	1.73128332641798e-12	3	0	0	11	7024
PS50827	DDT	1.00000000000173	1.73128332641798e-12	3	0	0	11	7024
PS50085	RAPGAP	1.00000000000173	1.73128332641798e-12	3	0	0	11	7024
PS50209	CARD	1.00000000000173	1.73128332641798e-12	3	0	0	11	7024
PS51284	DOC	1.00000000000173	1.73128332641798e-12	3	0	0	11	7024
PS50078	POLO_BOX	1.00000000000173	1.73128332641798e-12	3	0	0	11	7024
PS51180	BRO1	1.00000000000173	1.73128332641798e-12	3	0	0	11	7024
PS00438	CATALASE_2	1.00000000000173	1.73128332641798e-12	3	0	0	11	7024
PS51650	DHR_1	1.00000000000173	1.73128332641798e-12	3	0	0	11	7024
PS51215	AWS	1.00000000000173	1.73128332641798e-12	3	0	0	11	7024
PS00880	ACB_1	1.00000000000173	1.73128332641798e-12	3	0	0	11	7024
PS50283	NA_SOLUT_SYMP_3	1.00000000000173	1.73128332641798e-12	3	0	0	11	7024
PS50904	PRELI_MSF1	1.00000000000173	1.73128332641798e-12	3	0	0	11	7024
PS01082	RIBOSOMAL_L7AE	1.00000000000173	1.73128332641798e-12	3	0	0	11	7024
PS51676	FF	1.00000000000173	1.73128332641798e-12	3	0	0	11	7024
PS00991	CLAT_ADAPTOR_M_2	1.00000000000173	1.73128332641798e-12	3	0	0	11	7024
PS50236	CHCR	1.00000000000173	1.73128332641798e-12	3	0	0	11	7024
PS50017	DEATH_DOMAIN	1.00000000000173	1.73128332641798e-12	3	0	0	11	7024
PS00116	DNA_POLYMERASE_B	1.00000000000173	1.73128332641798e-12	3	0	0	11	7024
PS50867	PRE_SET	1.00000000000173	1.73128332641798e-12	3	0	0	11	7024
PS51145	ZU5	1.00000000000173	1.73128332641798e-12	3	0	0	11	7024
PS51188	ZF_CR	1.00000000000173	1.73128332641798e-12	3	0	0	11	7024
PS51831	HD	1.00000000000173	1.73128332641798e-12	3	0	0	11	7024
PS00367	BH4_AAA_HYDROXYL_1	1.00000000000173	1.73128332641798e-12	3	0	0	11	7024
PS01091	TATD_3	1.00000000000173	1.73128332641798e-12	3	0	0	11	7024
PS00099	THIOLASE_3	1.00000000000173	1.73128332641798e-12	3	0	0	11	7024
PS51303	PET	1.00000000000173	1.73128332641798e-12	3	0	0	11	7024
PS51319	TFIIS_N	1.00000000000173	1.73128332641798e-12	3	0	0	11	7024
PS00630	IMP_2	1.00000000000173	1.73128332641798e-12	3	0	0	11	7024
PS00440	ACYLTRANSF_C_2	1.00000000000173	1.73128332641798e-12	3	0	0	11	7024
PS51022	L27	1.00000000000173	1.73128332641798e-12	3	0	0	11	7024
PS00379	CDP_ALCOHOL_P_TRANSF	1.00000000000173	1.73128332641798e-12	3	0	0	11	7024
PS50967	HRDC	1.00000000000173	1.73128332641798e-12	3	0	0	11	7024
PS51547	PI3K_C2	1.00000000000173	1.73128332641798e-12	3	0	0	11	7024
PS51296	RIESKE	1.00000000000173	1.73128332641798e-12	3	0	0	11	7024
PS00465	POU_2	1.00000000000173	1.73128332641798e-12	3	0	0	11	7024
PS51132	OLF	1.00000000000173	1.73128332641798e-12	3	0	0	11	7024
PS00226	IF_ROD_1	1.00000000000173	1.73128332641798e-12	3	0	0	11	7024
PS50173	UMUC	1.00000000000173	1.73128332641798e-12	3	0	0	11	7024
PS51880	TGS	1.00000000000173	1.73128332641798e-12	3	0	0	11	7024
PS50128	SURP	1.00000000000173	1.73128332641798e-12	3	0	0	11	7024
PS00352	CSD_1	1.00000000000173	1.73128332641798e-12	3	0	0	11	7024
PS51230	EB1_C	1.00000000000173	1.73128332641798e-12	3	0	0	11	7024
PS51060	PARP_ALPHA_HD	1.00000000000173	1.73128332641798e-12	3	0	0	11	7024
PS00854	PROTEASOME_BETA_1	1.00000000000173	1.73128332641798e-12	3	0	0	11	7024
PS00189	LIPOYL	1.00000000000173	1.73128332641798e-12	3	0	0	11	7024
PS00135	TRYPSIN_SER	1.00000000000173	1.73128332641798e-12	3	0	0	11	7024
PS50870	AH	1.00000000000173	1.73128332641798e-12	3	0	0	11	7024
PS01013	OSBP	1.00000000000173	1.73128332641798e-12	3	0	0	11	7024
PS01023	PTR2_2	1.00000000000173	1.73128332641798e-12	3	0	0	11	7024
PS50951	SARAH	1.00000000000173	1.73128332641798e-12	3	0	0	11	7024
PS01130	SLC26A	1.00000000000173	1.73128332641798e-12	3	0	0	11	7024
PS50856	AMOP	1.00000000000173	1.73128332641798e-12	3	0	0	11	7024
PS51681	SAM_MT_NNMT_PNMT_TEMT	1.00000000000173	1.73128332641798e-12	3	0	0	11	7024
PS00332	SOD_CU_ZN_2	1.00000000000173	1.73128332641798e-12	3	0	0	11	7024
PS00437	CATALASE_1	1.00000000000173	1.73128332641798e-12	3	0	0	11	7024
PS00606	B_KETOACYL_SYNTHASE	1.00000000000173	1.73128332641798e-12	3	0	0	11	7024
PS00105	AA_TRANSFER_CLASS_1	1.00000000000173	1.73128332641798e-12	3	0	0	11	7024
PS51358	NOP	1.00000000000173	1.73128332641798e-12	3	0	0	11	7024
PS51651	DHR_2	1.00000000000173	1.73128332641798e-12	3	0	0	11	7024
PS51059	PARP_CATALYTIC	1.00000000000173	1.73128332641798e-12	3	0	0	11	7024
PS00162	ALPHA_CA_1	1.00000000000173	1.73128332641798e-12	3	0	0	11	7024
PS51021	BAR	1.00000000000173	1.73128332641798e-12	3	0	0	11	7024
PS00197	2FE2S_FER_1	1.00000000000173	1.73128332641798e-12	3	0	0	11	7024
PS51179	POU_3	1.00000000000173	1.73128332641798e-12	3	0	0	11	7024
PS51455	PIPK	1.00000000000173	1.73128332641798e-12	3	0	0	11	7024
PS51770	HOTDOG_ACOT	1.00000000000173	1.73128332641798e-12	3	0	0	11	7024
PS51402	CATALASE_3	1.00000000000173	1.73128332641798e-12	3	0	0	11	7024
PS00076	PYRIDINE_REDOX_1	1.00000000000173	1.73128332641798e-12	3	0	0	11	7024
PS51193	HELICASE_ATP_BIND_2	1.00000000000173	1.73128332641798e-12	3	0	0	11	7024
PS50141	A_DEAMIN_EDITASE	1.00000000000173	1.73128332641798e-12	3	0	0	11	7024
PS50228	SUEL_LECTIN	1.00000000000173	1.73128332641798e-12	3	0	0	11	7024
PS00928	TREHALASE_2	1.00000000000173	1.73128332641798e-12	3	0	0	11	7024
PS00710	PGM_PMM	1.00000000000173	1.73128332641798e-12	3	0	0	11	7024
PS50058	G_PROTEIN_GAMMA	1.00000000000173	1.73128332641798e-12	3	0	0	11	7024
PS51205	VPS9	1.00000000000173	1.73128332641798e-12	3	0	0	11	7024
PS00250	TGF_BETA_1	1.00000000000173	1.73128332641798e-12	3	0	0	11	7024
PS00087	SOD_CU_ZN_1	1.00000000000173	1.73128332641798e-12	3	0	0	11	7024
PS00177	TOPOISOMERASE_II	1.00000000000173	1.73128332641798e-12	3	0	0	11	7024
PS51748	HEXOKINASE_2	1.00000000000173	1.73128332641798e-12	3	0	0	11	7024
PS51733	BPL_LPL_CATALYTIC	1.00000000000173	1.73128332641798e-12	3	0	0	11	7024
PS50296	SUI1	1.00000000000173	1.73128332641798e-12	3	0	0	11	7024
PS00223	ANNEXIN_1	1.00000000000173	1.73128332641798e-12	3	0	0	11	7024
PS51460	GAR	1.00000000000173	1.73128332641798e-12	3	0	0	11	7024
PS00649	G_PROTEIN_RECEP_F2_1	1.00000000000173	1.73128332641798e-12	3	0	0	11	7024
PS50954	LEM	1.00000000000173	1.73128332641798e-12	3	0	0	11	7024
PS00120	LIPASE_SER	1.00000000000173	1.73128332641798e-12	3	0	0	11	7024
PS51304	GALECTIN	1.0000000000018	1.79542925196957e-12	25	0	0	11	7024
PS50015	SAP_B	1.0000000000018	1.79542925196957e-12	25	0	0	11	7024
PS51013	PANNEXIN	1.0000000000018	1.79542925196957e-12	25	0	0	11	7024
PS50234	VWFA	1.00000000000188	1.88321209335494e-12	43	0	0	11	7024
PS51034	ZP_2	1.00000000000188	1.88321209335494e-12	43	0	0	11	7024
PS50252	TBOX_3	1.00000000000243	2.43257715707107e-12	21	0	0	11	7024
PS50822	PIWI	1.00000000000243	2.43257715707107e-12	21	0	0	11	7024
PS50089	ZF_RING_2	1.00000000000322	3.2176970420927e-12	145	0	0	11	7024
PS50056	TYR_PHOSPHATASE_2	1.0000000000043	4.30163946963997e-12	83	0	0	11	7024
PS50222	EF_HAND_2	1.0000000000043	4.30163946963997e-12	83	0	0	11	7024
PS50835	IG_LIKE	1.00000000000436	4.35944936629301e-12	75	0	0	11	7024
PS00280	BPTI_KUNITZ_1	1.00000000000445	4.4517244675462e-12	27	0	0	11	7024
PS50280	SET	1.00000000000445	4.4517244675462e-12	27	0	0	11	7024
PS01359	ZF_PHD_1	1.00000000000445	4.4517244675462e-12	27	0	0	11	7024
PS50071	HOMEOBOX_2	1.00000000000447	4.47200830040228e-12	93	0	0	11	7024
PS00022	EGF_1	1.00000000000455	4.54514882749514e-12	110	0	0	11	7024
PS00028	ZINC_FINGER_C2H2_1	1.00000000000479	4.79087301414377e-12	161	0	0	11	7024
PS01186	EGF_2	1.00000000000482	4.8183385625219e-12	105	0	0	11	7024
PS00237	G_PROTEIN_RECEP_F1_1	1.00000000000486	4.86339934018977e-12	74	0	0	11	7024
PS50097	BTB	1.00000000000494	4.93725575079976e-12	112	0	0	11	7024
PS50404	GST_NTER	1.00000000000509	5.08901117273342e-12	53	0	0	11	7024
PS50279	BPTI_KUNITZ_2	1.0000000000051	5.10299061828026e-12	35	0	0	11	7024
PS00236	NEUROTR_ION_CHANNEL	1.00000000000527	5.26978508439694e-12	82	0	0	11	7024
PS00125	SER_THR_PHOSPHATASE	1.00000000000573	5.72789997260401e-12	37	0	0	11	7024
PS50125	GUANYLATE_CYCLASE_2	1.00000000000573	5.72789997260401e-12	37	0	0	11	7024
PS50920	SOLCAR	1.00000000000573	5.72789997260401e-12	37	0	0	11	7024
PS50103	ZF_C3H1	1.00000000000573	5.72789997260401e-12	37	0	0	11	7024
PS50055	TYR_PHOSPHATASE_PTP	1.00000000000624	6.24338852378801e-12	81	0	0	11	7024
PS50202	MSP	1.00000000000624	6.24338852378801e-12	81	0	0	11	7024
PS00674	AAA	1.00000000000669	6.69106186143993e-12	24	0	0	11	7024
PS50127	UBIQUITIN_CONJUGAT_2	1.00000000000669	6.69106186143993e-12	24	0	0	11	7024
PS00479	ZF_DAG_PE_1	1.00000000000669	6.69106186143993e-12	24	0	0	11	7024
PS00122	CARBOXYLESTERASE_B_1	1.00000000000669	6.69106186143993e-12	24	0	0	11	7024
PS50119	ZF_BBOX	1.00000000000684	6.83803649447569e-12	9	0	0	11	7024
PS51419	RAB	1.00000000000684	6.83803649447569e-12	9	0	0	11	7024
PS50817	INTEIN_N_TER	1.00000000000684	6.83803649447569e-12	9	0	0	11	7024
PS50892	V_SNARE	1.00000000000684	6.83803649447569e-12	9	0	0	11	7024
PS50027	EGF_LAM_2	1.00000000000684	6.83803649447569e-12	9	0	0	11	7024
PS51465	KAZAL_2	1.00000000000684	6.83803649447569e-12	9	0	0	11	7024
PS01358	ZF_RANBP2_1	1.00000000000684	6.83803649447569e-12	9	0	0	11	7024
PS50290	PI3_4_KINASE_3	1.00000000000684	6.83803649447569e-12	9	0	0	11	7024
PS50261	G_PROTEIN_RECEP_F2_4	1.00000000000684	6.83803649447569e-12	9	0	0	11	7024
PS50922	TLC	1.00000000000684	6.83803649447569e-12	9	0	0	11	7024
PS50199	ZF_RANBP2_2	1.00000000000684	6.83803649447569e-12	9	0	0	11	7024
PS50968	BIOTINYL_LIPOYL	1.00000000000684	6.83803649447569e-12	9	0	0	11	7024
PS50237	HECT	1.00000000000684	6.83803649447569e-12	9	0	0	11	7024
PS51156	ELM2	1.00000000000684	6.83803649447569e-12	9	0	0	11	7024
PS51228	ACB_2	1.00000000000684	6.83803649447569e-12	9	0	0	11	7024
PS50181	FBOX	1.00000000000714	7.14503664120255e-12	286	0	0	11	7024
PS50023	LIM_DOMAIN_2	1.00000000000786	7.86297133739951e-12	30	0	0	11	7024
PS00027	HOMEOBOX_1	1.00000000000792	7.9239577784131e-12	64	0	0	11	7024
PS50144	MATH	1.00000000000792	7.9239577784131e-12	64	0	0	11	7024
PS50082	WD_REPEATS_2	1.00000000000835	8.35104736766046e-12	104	0	0	11	7024
PS51843	NR_LBD	1.00000000000845	8.44828962169082e-12	251	0	0	11	7024
PS00107	PROTEIN_KINASE_ATP	1.00000000000845	8.44828962169082e-12	251	0	0	11	7024
PS50235	USP_3	1.00000000000886	8.85783641255975e-12	26	0	0	11	7024
PS00636	DNAJ_1	1.00000000000888	8.87969250164288e-12	15	0	0	11	7024
PS01209	LDLRA_1	1.00000000000888	8.87969250164288e-12	15	0	0	11	7024
PS50105	SAM_DOMAIN	1.00000000000888	8.87969250164288e-12	15	0	0	11	7024
PS00640	THIOL_PROTEASE_ASN	1.00000000000888	8.87969250164288e-12	15	0	0	11	7024
PS50191	CRAL_TRIO	1.00000000000888	8.87969250164288e-12	15	0	0	11	7024
PS00658	FORK_HEAD_2	1.00000000000888	8.87969250164288e-12	15	0	0	11	7024
PS50267	NA_NEUROTRAN_SYMP_3	1.00000000000888	8.87969250164288e-12	15	0	0	11	7024
PS51421	RAS	1.00000000000888	8.87969250164288e-12	15	0	0	11	7024
PS00972	USP_1	1.00000000000888	8.87969250164288e-12	15	0	0	11	7024
PS00170	CSA_PPIASE_1	1.00000000000888	8.87969250164288e-12	15	0	0	11	7024
PS00616	HIS_ACID_PHOSPHAT_1	1.00000000000888	8.87969250164288e-12	15	0	0	11	7024
PS00375	UDPGT	1.00000000000896	8.95635255685529e-12	29	0	0	11	7024
PS50021	CH	1.00000000000896	8.95635255685529e-12	29	0	0	11	7024
PS00108	PROTEIN_KINASE_ST	1.00000000000922	9.21744310531852e-12	204	0	0	11	7024
PS50084	KH_TYPE_1	1.00000000000932	9.32278359627126e-12	5	0	0	11	7024
PS50815	HORMA	1.00000000000932	9.32278359627126e-12	5	0	0	11	7024
PS00098	THIOLASE_1	1.00000000000932	9.32278359627126e-12	5	0	0	11	7024
PS00714	NA_DICARBOXYL_SYMP_2	1.00000000000932	9.32278359627126e-12	5	0	0	11	7024
PS51718	G_DYNAMIN_2	1.00000000000932	9.32278359627126e-12	5	0	0	11	7024
PS50095	PLAT	1.00000000000932	9.32278359627126e-12	5	0	0	11	7024
PS50166	IMPORTIN_B_NT	1.00000000000932	9.32278359627126e-12	5	0	0	11	7024
PS00191	CYTOCHROME_B5_1	1.00000000000932	9.32278359627126e-12	5	0	0	11	7024
PS51190	FATC	1.00000000000932	9.32278359627126e-12	5	0	0	11	7024
PS50090	MYB_LIKE	1.00000000000932	9.32278359627126e-12	5	0	0	11	7024
PS00460	GLUTATHIONE_PEROXID_1	1.00000000000932	9.32278359627126e-12	5	0	0	11	7024
PS50600	ULP_PROTEASE	1.00000000000932	9.32278359627126e-12	5	0	0	11	7024
PS00299	UBIQUITIN_1	1.00000000000932	9.32278359627126e-12	5	0	0	11	7024
PS51682	SAM_OMT_I	1.00000000000932	9.32278359627126e-12	5	0	0	11	7024
PS00246	WNT1	1.00000000000932	9.32278359627126e-12	5	0	0	11	7024
PS51085	2FE2S_FER_2	1.00000000000932	9.32278359627126e-12	5	0	0	11	7024
PS00113	ADENYLATE_KINASE	1.00000000000932	9.32278359627126e-12	5	0	0	11	7024
PS50190	SEC7	1.00000000000932	9.32278359627126e-12	5	0	0	11	7024
PS00598	CHROMO_1	1.00000000000932	9.32278359627126e-12	5	0	0	11	7024
PS00737	THIOLASE_2	1.00000000000932	9.32278359627126e-12	5	0	0	11	7024
PS01095	CHITINASE_18	1.00000000000932	9.32278359627126e-12	5	0	0	11	7024
PS00221	MIP	1.00000000000932	9.32278359627126e-12	5	0	0	11	7024
PS51892	SUBTILASE	1.00000000000932	9.32278359627126e-12	5	0	0	11	7024
PS50271	ZF_UBP	1.00000000000932	9.32278359627126e-12	5	0	0	11	7024
PS00778	HIS_ACID_PHOSPHAT_2	1.00000000000932	9.32278359627126e-12	5	0	0	11	7024
PS51846	CNNM	1.00000000000932	9.32278359627126e-12	5	0	0	11	7024
PS51004	SEMA	1.00000000000932	9.32278359627126e-12	5	0	0	11	7024
PS00137	SUBTILASE_HIS	1.00000000000932	9.32278359627126e-12	5	0	0	11	7024
PS00133	CARBOXYPEPT_ZN_2	1.00000000000932	9.32278359627126e-12	5	0	0	11	7024
PS51545	PIK_HELICAL	1.00000000000932	9.32278359627126e-12	5	0	0	11	7024
PS00292	CYCLINS	1.00000000000932	9.32278359627126e-12	5	0	0	11	7024
PS01009	CRISP_1	1.00000000000932	9.32278359627126e-12	5	0	0	11	7024
PS00152	ATPASE_ALPHA_BETA	1.00000000000932	9.32278359627126e-12	5	0	0	11	7024
PS00571	AMIDASES	1.00000000000932	9.32278359627126e-12	5	0	0	11	7024
PS50031	EH	1.00000000000932	9.32278359627126e-12	5	0	0	11	7024
PS50833	BRIX	1.00000000000932	9.32278359627126e-12	5	0	0	11	7024
PS50969	FCP1	1.00000000000932	9.32278359627126e-12	5	0	0	11	7024
PS51211	VITELLOGENIN	1.00000000000932	9.32278359627126e-12	5	0	0	11	7024
PS51367	THAUMATIN_2	1.00000000000932	9.32278359627126e-12	5	0	0	11	7024
PS01052	CALPONIN_1	1.00000000000932	9.32278359627126e-12	5	0	0	11	7024
PS50979	BC	1.00000000000932	9.32278359627126e-12	5	0	0	11	7024
PS51904	GLYCOSYL_HYDROL_F25_2	1.00000000000932	9.32278359627126e-12	5	0	0	11	7024
PS51203	CS	1.00000000000932	9.32278359627126e-12	5	0	0	11	7024
PS51362	TGF_BETA_2	1.00000000000932	9.32278359627126e-12	5	0	0	11	7024
PS51189	FAT	1.00000000000932	9.32278359627126e-12	5	0	0	11	7024
PS50229	WH1	1.00000000000932	9.32278359627126e-12	5	0	0	11	7024
PS50841	DIX	1.00000000000932	9.32278359627126e-12	5	0	0	11	7024
PS00092	N6_MTASE	1.00000000000932	9.32278359627126e-12	5	0	0	11	7024
PS51117	LAMININ_NTER	1.00000000000932	9.32278359627126e-12	5	0	0	11	7024
PS51782	LYSM	1.00000000000932	9.32278359627126e-12	5	0	0	11	7024
PS00713	NA_DICARBOXYL_SYMP_1	1.00000000000932	9.32278359627126e-12	5	0	0	11	7024
PS51476	PROTEASOME_BETA_2	1.00000000000932	9.32278359627126e-12	5	0	0	11	7024
PS50244	S5A_REDUCTASE	1.00000000000932	9.32278359627126e-12	5	0	0	11	7024
PS50177	NTF2_DOMAIN	1.00000000000932	9.32278359627126e-12	5	0	0	11	7024
PS51011	ARID	1.00000000000932	9.32278359627126e-12	5	0	0	11	7024
PS51509	PHOSPHAGEN_KINASE_N	1.00000000000932	9.32278359627126e-12	5	0	0	11	7024
PS50060	MAM_2	1.00000000000932	9.32278359627126e-12	5	0	0	11	7024
PS00626	RCC1_2	1.00000000000932	9.32278359627126e-12	5	0	0	11	7024
PS50879	RNASE_H	1.00000000000932	9.32278359627126e-12	5	0	0	11	7024
PS50950	ZF_THAP	1.00000000000932	9.32278359627126e-12	5	0	0	11	7024
PS50828	SMR	1.00000000000932	9.32278359627126e-12	5	0	0	11	7024
PS00813	IF4E	1.00000000000932	9.32278359627126e-12	5	0	0	11	7024
PS51406	FIBRINOGEN_C_2	1.00000000000932	9.32278359627126e-12	5	0	0	11	7024
PS00498	TYROSINASE_2	1.00000000000932	9.32278359627126e-12	5	0	0	11	7024
PS50297	ANK_REP_REGION	1.00000000000943	9.43063741019786e-12	85	0	0	11	7024
PS00109	PROTEIN_KINASE_TYR	1.00000000000952	9.52021406830919e-12	66	0	0	11	7024
PS01187	EGF_CA	1.0000000000096	9.60241340918071e-12	28	0	0	11	7024
PS00452	GUANYLATE_CYCLASE_1	1.0000000000096	9.60241340918071e-12	28	0	0	11	7024
PS00478	LIM_DOMAIN_1	1.0000000000096	9.60241340918071e-12	28	0	0	11	7024
PS00039	DEAD_ATP_HELICASE	1.0000000000096	9.60241340918071e-12	28	0	0	11	7024
PS50016	ZF_PHD_2	1.00000000000965	9.64748691138051e-12	23	0	0	11	7024
PS50948	PAN	1.00000000000965	9.64748691138051e-12	23	0	0	11	7024
PS51285	AGC_KINASE_CTER	1.00000000000965	9.64748691138051e-12	23	0	0	11	7024
PS50068	LDLRA_2	1.00000000000965	9.64748691138051e-12	23	0	0	11	7024
PS00678	WD_REPEATS_1	1.00000000000994	9.9361856596426e-12	59	0	0	11	7024
PS50003	PH_DOMAIN	1.00000000000994	9.9361856596426e-12	59	0	0	11	7024
PS50178	ZF_FYVE	1.00000000001045	1.04536776256966e-11	18	0	0	11	7024
PS51882	G_ALPHA	1.00000000001045	1.04536776256966e-11	18	0	0	11	7024
PS50132	RGS	1.00000000001045	1.04536776256966e-11	18	0	0	11	7024
PS50250	PCI	1.00000000001045	1.04536776256966e-11	18	0	0	11	7024
PS50057	FERM_3	1.00000000001045	1.04536776256966e-11	18	0	0	11	7024
PS01033	GLOBIN	1.00000000001234	1.23393283645985e-11	14	0	0	11	7024
PS00639	THIOL_PROTEASE_HIS	1.00000000001234	1.23393283645985e-11	14	0	0	11	7024
PS50158	ZF_CCHC	1.00000000001234	1.23393283645985e-11	14	0	0	11	7024
PS50174	G_PATCH	1.00000000001234	1.23393283645985e-11	14	0	0	11	7024
PS00036	BZIP_BASIC	1.00000000001234	1.23393283645985e-11	14	0	0	11	7024
PS51398	PAW	1.00000000001234	1.23393283645985e-11	14	0	0	11	7024
PS50862	AA_TRNA_LIGASE_II	1.00000000001234	1.23393283645985e-11	14	0	0	11	7024
PS50013	CHROMO_2	1.00000000001234	1.23393283645985e-11	14	0	0	11	7024
PS50025	LAM_G_DOMAIN	1.00000000001234	1.23393283645985e-11	14	0	0	11	7024
PS50014	BROMODOMAIN_2	1.00000000001234	1.23393283645985e-11	14	0	0	11	7024
PS50042	CNMP_BINDING_3	1.00000000001234	1.23393283645985e-11	14	0	0	11	7024
PS51462	NUDIX	1.00000000001234	1.23393283645985e-11	14	0	0	11	7024
PS00262	INSULIN	1.00000000001234	1.23393283645985e-11	14	0	0	11	7024
PS50192	T_SNARE	1.00000000001234	1.23393283645985e-11	14	0	0	11	7024
PS50114	GATA_ZN_FINGER_2	1.00000000001234	1.23393283645985e-11	14	0	0	11	7024
PS51184	JMJC	1.00000000001234	1.23393283645985e-11	14	0	0	11	7024
PS51019	REELIN	1.00000000001245	1.24473107432951e-11	2	0	0	11	7024
PS51388	GED	1.00000000001245	1.24473107432951e-11	2	0	0	11	7024
PS50909	GAT	1.00000000001245	1.24473107432951e-11	2	0	0	11	7024
PS01208	VWFC_1	1.00000000001245	1.24473107432951e-11	2	0	0	11	7024
PS51219	DPCK	1.00000000001245	1.24473107432951e-11	2	0	0	11	7024
PS51204	HSA	1.00000000001245	1.24473107432951e-11	2	0	0	11	7024
PS50958	SMB_2	1.00000000001245	1.24473107432951e-11	2	0	0	11	7024
PS50258	LNR	1.00000000001245	1.24473107432951e-11	2	0	0	11	7024
PS00768	TRANSTHYRETIN_1	1.00000000001245	1.24473107432951e-11	2	0	0	11	7024
PS50145	ZF_TRAF	1.00000000001245	1.24473107432951e-11	2	0	0	11	7024
PS51634	CRC	1.00000000001245	1.24473107432951e-11	2	0	0	11	7024
PS00447	DNA_POLYMERASE_A	1.00000000001245	1.24473107432951e-11	2	0	0	11	7024
PS50825	HYR	1.00000000001245	1.24473107432951e-11	2	0	0	11	7024
PS51464	SIS	1.00000000001245	1.24473107432951e-11	2	0	0	11	7024
PS00300	SRP54	1.00000000001245	1.24473107432951e-11	2	0	0	11	7024
PS51789	RLR_CTR	1.00000000001245	1.24473107432951e-11	2	0	0	11	7024
PS51783	PH_BEACH	1.00000000001245	1.24473107432951e-11	2	0	0	11	7024
PS00068	MDH	1.00000000001245	1.24473107432951e-11	2	0	0	11	7024
PS00805	CALRETICULIN_REPEAT	1.00000000001245	1.24473107432951e-11	2	0	0	11	7024
PS51259	MHD2	1.00000000001245	1.24473107432951e-11	2	0	0	11	7024
PS51252	ANTISTASIN	1.00000000001245	1.24473107432951e-11	2	0	0	11	7024
PS00505	PEPCK_GTP	1.00000000001245	1.24473107432951e-11	2	0	0	11	7024
PS00112	PHOSPHAGEN_KINASE	1.00000000001245	1.24473107432951e-11	2	0	0	11	7024
PS51788	CULT	1.00000000001245	1.24473107432951e-11	2	0	0	11	7024
PS00945	CKS_2	1.00000000001245	1.24473107432951e-11	2	0	0	11	7024
PS51134	ZF_TFIIB	1.00000000001245	1.24473107432951e-11	2	0	0	11	7024
PS51532	PITH	1.00000000001245	1.24473107432951e-11	2	0	0	11	7024
PS51366	MI	1.00000000001245	1.24473107432951e-11	2	0	0	11	7024
PS51840	C2_NT	1.00000000001245	1.24473107432951e-11	2	0	0	11	7024
PS00396	TOPOISOMERASE_I_PROK	1.00000000001245	1.24473107432951e-11	2	0	0	11	7024
PS01339	SURF4	1.00000000001245	1.24473107432951e-11	2	0	0	11	7024
PS51335	ELMO	1.00000000001245	1.24473107432951e-11	2	0	0	11	7024
PS00188	BIOTIN	1.00000000001245	1.24473107432951e-11	2	0	0	11	7024
PS00892	HIT_1	1.00000000001245	1.24473107432951e-11	2	0	0	11	7024
PS50196	RANBD1	1.00000000001245	1.24473107432951e-11	2	0	0	11	7024
PS01286	FA58C_2	1.00000000001245	1.24473107432951e-11	2	0	0	11	7024
PS51079	MBT	1.00000000001245	1.24473107432951e-11	2	0	0	11	7024
PS50970	HCY	1.00000000001245	1.24473107432951e-11	2	0	0	11	7024
PS50991	PYR_CT	1.00000000001245	1.24473107432951e-11	2	0	0	11	7024
PS51159	CBM21	1.00000000001245	1.24473107432951e-11	2	0	0	11	7024
PS51689	SAM_RNA_A_N6_MT	1.00000000001245	1.24473107432951e-11	2	0	0	11	7024
PS01239	DYNEIN_LIGHT_1	1.00000000001245	1.24473107432951e-11	2	0	0	11	7024
PS50913	GRIP	1.00000000001245	1.24473107432951e-11	2	0	0	11	7024
PS00796	1433_1	1.00000000001245	1.24473107432951e-11	2	0	0	11	7024
PS51517	NDT80	1.00000000001245	1.24473107432951e-11	2	0	0	11	7024
PS00965	PMI_I_1	1.00000000001245	1.24473107432951e-11	2	0	0	11	7024
PS51041	EMI	1.00000000001245	1.24473107432951e-11	2	0	0	11	7024
PS00487	IMP_DH_GMP_RED	1.00000000001245	1.24473107432951e-11	2	0	0	11	7024
PS00243	INTEGRIN_BETA	1.00000000001245	1.24473107432951e-11	2	0	0	11	7024
PS50070	KRINGLE_2	1.00000000001245	1.24473107432951e-11	2	0	0	11	7024
PS51534	SEFIR	1.00000000001245	1.24473107432951e-11	2	0	0	11	7024
PS50905	FERRITIN_LIKE	1.00000000001245	1.24473107432951e-11	2	0	0	11	7024
PS51470	FG_GAP	1.00000000001245	1.24473107432951e-11	2	0	0	11	7024
PS51684	SAM_MT_TRM5_TYW2	1.00000000001245	1.24473107432951e-11	2	0	0	11	7024
PS00977	FAD_G3PDH_1	1.00000000001245	1.24473107432951e-11	2	0	0	11	7024
PS51546	PI3K_RBD	1.00000000001245	1.24473107432951e-11	2	0	0	11	7024
PS00101	HEXAPEP_TRANSFERASES	1.00000000001245	1.24473107432951e-11	2	0	0	11	7024
PS00450	ACONITASE_1	1.00000000001245	1.24473107432951e-11	2	0	0	11	7024
PS51031	BESS	1.00000000001245	1.24473107432951e-11	2	0	0	11	7024
PS00825	EF1BD_2	1.00000000001245	1.24473107432951e-11	2	0	0	11	7024
PS51283	DUSP	1.00000000001245	1.24473107432951e-11	2	0	0	11	7024
PS50860	AA_TRNA_LIGASE_II_ALA	1.00000000001245	1.24473107432951e-11	2	0	0	11	7024
PS00163	FUMARATE_LYASES	1.00000000001245	1.24473107432951e-11	2	0	0	11	7024
PS00242	INTEGRIN_ALPHA	1.00000000001245	1.24473107432951e-11	2	0	0	11	7024
PS51526	RFX_DBD	1.00000000001245	1.24473107432951e-11	2	0	0	11	7024
PS00865	UBIQUITIN_ACTIVAT_2	1.00000000001245	1.24473107432951e-11	2	0	0	11	7024
PS00350	MADS_BOX_1	1.00000000001245	1.24473107432951e-11	2	0	0	11	7024
PS01154	RNA_POL_L_13KD	1.00000000001245	1.24473107432951e-11	2	0	0	11	7024
PS51294	HTH_MYB	1.00000000001245	1.24473107432951e-11	2	0	0	11	7024
PS51433	PNT	1.00000000001245	1.24473107432951e-11	2	0	0	11	7024
PS51498	MABP	1.00000000001245	1.24473107432951e-11	2	0	0	11	7024
PS00065	D_2_HYDROXYACID_DH_1	1.00000000001245	1.24473107432951e-11	2	0	0	11	7024
PS50881	S5_DSRBD	1.00000000001245	1.24473107432951e-11	2	0	0	11	7024
PS50966	ZF_SWIM	1.00000000001245	1.24473107432951e-11	2	0	0	11	7024
PS51181	PPASE_TENSIN	1.00000000001245	1.24473107432951e-11	2	0	0	11	7024
PS00797	1433_2	1.00000000001245	1.24473107432951e-11	2	0	0	11	7024
PS50268	CADHERIN_2	1.00000000001245	1.24473107432951e-11	2	0	0	11	7024
PS00905	GTP1_OBG	1.00000000001245	1.24473107432951e-11	2	0	0	11	7024
PS00927	TREHALASE_1	1.00000000001245	1.24473107432951e-11	2	0	0	11	7024
PS51165	THUMP	1.00000000001245	1.24473107432951e-11	2	0	0	11	7024
PS01131	RRNA_A_DIMETH	1.00000000001245	1.24473107432951e-11	2	0	0	11	7024
PS50919	MIR	1.00000000001245	1.24473107432951e-11	2	0	0	11	7024
PS51036	ZF_A20	1.00000000001245	1.24473107432951e-11	2	0	0	11	7024
PS51424	ROC	1.00000000001245	1.24473107432951e-11	2	0	0	11	7024
PS00466	ZF_TFIIS_1	1.00000000001245	1.24473107432951e-11	2	0	0	11	7024
PS00804	CALRETICULIN_2	1.00000000001245	1.24473107432951e-11	2	0	0	11	7024
PS00957	NAD_G3PDH	1.00000000001245	1.24473107432951e-11	2	0	0	11	7024
PS51151	NAC_AB	1.00000000001245	1.24473107432951e-11	2	0	0	11	7024
PS00650	G_PROTEIN_RECEP_F2_2	1.00000000001245	1.24473107432951e-11	2	0	0	11	7024
PS50859	LONGIN	1.00000000001245	1.24473107432951e-11	2	0	0	11	7024
PS00290	IG_MHC	1.00000000001245	1.24473107432951e-11	2	0	0	11	7024
PS01158	MIF	1.00000000001245	1.24473107432951e-11	2	0	0	11	7024
PS51787	LON_N	1.00000000001245	1.24473107432951e-11	2	0	0	11	7024
PS00195	GLUTAREDOXIN_1	1.00000000001245	1.24473107432951e-11	2	0	0	11	7024
PS51207	PXA	1.00000000001245	1.24473107432951e-11	2	0	0	11	7024
PS00358	RIBOSOMAL_L5	1.00000000001245	1.24473107432951e-11	2	0	0	11	7024
PS00599	AA_TRANSFER_CLASS_2	1.00000000001245	1.24473107432951e-11	2	0	0	11	7024
PS51025	PWI	1.00000000001245	1.24473107432951e-11	2	0	0	11	7024
PS51511	FIP_RBD	1.00000000001245	1.24473107432951e-11	2	0	0	11	7024
PS01108	RIBOSOMAL_L24	1.00000000001245	1.24473107432951e-11	2	0	0	11	7024
PS50926	TRAM	1.00000000001245	1.24473107432951e-11	2	0	0	11	7024
PS00085	CU2_MONOOXYGENASE_2	1.00000000001245	1.24473107432951e-11	2	0	0	11	7024
PS51037	YEATS	1.00000000001245	1.24473107432951e-11	2	0	0	11	7024
PS50184	VWFC_2	1.00000000001245	1.24473107432951e-11	2	0	0	11	7024
PS51183	JMJN	1.00000000001245	1.24473107432951e-11	2	0	0	11	7024
PS50142	RNASE_3_2	1.00000000001245	1.24473107432951e-11	2	0	0	11	7024
PS01278	MTTASE_RADICAL	1.00000000001245	1.24473107432951e-11	2	0	0	11	7024
PS51403	NC1_IV	1.00000000001245	1.24473107432951e-11	2	0	0	11	7024
PS51035	BAG	1.00000000001245	1.24473107432951e-11	2	0	0	11	7024
PS51518	SGF29_C	1.00000000001245	1.24473107432951e-11	2	0	0	11	7024
PS51703	DZF	1.00000000001245	1.24473107432951e-11	2	0	0	11	7024
PS51043	DDHD	1.00000000001245	1.24473107432951e-11	2	0	0	11	7024
PS51126	DILUTE	1.00000000001245	1.24473107432951e-11	2	0	0	11	7024
PS50064	PARP_ZN_FINGER_2	1.00000000001245	1.24473107432951e-11	2	0	0	11	7024
PS51039	ZF_AN1	1.00000000001245	1.24473107432951e-11	2	0	0	11	7024
PS51089	HP	1.00000000001245	1.24473107432951e-11	2	0	0	11	7024
PS00380	RHODANESE_1	1.00000000001245	1.24473107432951e-11	2	0	0	11	7024
PS01244	ACONITASE_2	1.00000000001245	1.24473107432951e-11	2	0	0	11	7024
PS51309	PABC	1.00000000001245	1.24473107432951e-11	2	0	0	11	7024
PS51147	PFTA	1.00000000001245	1.24473107432951e-11	2	0	0	11	7024
PS00482	DIHYDROOROTASE_1	1.00000000001245	1.24473107432951e-11	2	0	0	11	7024
PS01237	UPF0028	1.00000000001245	1.24473107432951e-11	2	0	0	11	7024
PS51826	PSBD	1.00000000001245	1.24473107432951e-11	2	0	0	11	7024
PS00504	FRD_SDH_FAD_BINDING	1.00000000001245	1.24473107432951e-11	2	0	0	11	7024
PS51152	NFYA_HAP2_2	1.00000000001245	1.24473107432951e-11	2	0	0	11	7024
PS50858	BSD	1.00000000001245	1.24473107432951e-11	2	0	0	11	7024
PS50945	I_LWEQ	1.00000000001245	1.24473107432951e-11	2	0	0	11	7024
PS00754	NA_NEUROTRAN_SYMP_2	1.00000000001245	1.24473107432951e-11	2	0	0	11	7024
PS00759	ARGE_DAPE_CPG2_2	1.00000000001245	1.24473107432951e-11	2	0	0	11	7024
PS51407	LAMP_3	1.00000000001245	1.24473107432951e-11	2	0	0	11	7024
PS51800	ZF_CHHC_U11_48K	1.00000000001245	1.24473107432951e-11	2	0	0	11	7024
PS00390	ATPASE_NA_K_BETA_1	1.00000000001245	1.24473107432951e-11	2	0	0	11	7024
PS01305	MOAA_NIFB_PQQE	1.00000000001245	1.24473107432951e-11	2	0	0	11	7024
PS50066	MADS_BOX_2	1.00000000001245	1.24473107432951e-11	2	0	0	11	7024
PS00723	POLYPRENYL_SYNTHASE_1	1.00000000001245	1.24473107432951e-11	2	0	0	11	7024
PS51503	HIG1	1.00000000001245	1.24473107432951e-11	2	0	0	11	7024
PS00803	CALRETICULIN_1	1.00000000001245	1.24473107432951e-11	2	0	0	11	7024
PS51860	REM_1	1.00000000001245	1.24473107432951e-11	2	0	0	11	7024
PS51719	G_SEPTIN	1.00000000001245	1.24473107432951e-11	2	0	0	11	7024
PS00129	GLYCOSYL_HYDROL_F31_1	1.00000000001245	1.24473107432951e-11	2	0	0	11	7024
PS00868	CYS_MET_METAB_PP	1.00000000001245	1.24473107432951e-11	2	0	0	11	7024
PS51714	G_BMS1	1.00000000001245	1.24473107432951e-11	2	0	0	11	7024
PS51328	L_LECTIN_LIKE	1.00000000001245	1.24473107432951e-11	2	0	0	11	7024
PS00769	TRANSTHYRETIN_2	1.00000000001245	1.24473107432951e-11	2	0	0	11	7024
PS00058	DNA_MISMATCH_REPAIR_1	1.00000000001245	1.24473107432951e-11	2	0	0	11	7024
PS00523	SULFATASE_1	1.00000000001245	1.24473107432951e-11	2	0	0	11	7024
PS51776	RH1	1.00000000001245	1.24473107432951e-11	2	0	0	11	7024
PS00509	RAS_GTPASE_ACTIV_1	1.00000000001245	1.24473107432951e-11	2	0	0	11	7024
PS51564	SAM_ICMT	1.00000000001245	1.24473107432951e-11	2	0	0	11	7024
PS00302	IF5A_HYPUSINE	1.00000000001245	1.24473107432951e-11	2	0	0	11	7024
PS51700	SEPARIN	1.00000000001245	1.24473107432951e-11	2	0	0	11	7024
PS51757	TH1	1.00000000001245	1.24473107432951e-11	2	0	0	11	7024
PS01238	GDA1_CD39_NTPASE	1.00000000001245	1.24473107432951e-11	2	0	0	11	7024
PS00088	SOD_MN	1.00000000001245	1.24473107432951e-11	2	0	0	11	7024
PS00021	KRINGLE_1	1.00000000001245	1.24473107432951e-11	2	0	0	11	7024
PS50916	RABBD	1.00000000001245	1.24473107432951e-11	2	0	0	11	7024
PS50917	SPOC	1.00000000001245	1.24473107432951e-11	2	0	0	11	7024
PS51448	P_TREFOIL_2	1.00000000001245	1.24473107432951e-11	2	0	0	11	7024
PS00585	RIBOSOMAL_S5	1.00000000001245	1.24473107432951e-11	2	0	0	11	7024
PS01175	RIBONUCLEASE_II	1.00000000001245	1.24473107432951e-11	2	0	0	11	7024
PS51688	ICA	1.00000000001245	1.24473107432951e-11	2	0	0	11	7024
PS51834	DENN_FLCN_SMCR8	1.00000000001245	1.24473107432951e-11	2	0	0	11	7024
PS51512	DFDF	1.00000000001245	1.24473107432951e-11	2	0	0	11	7024
PS50198	PPIC_PPIASE_2	1.00000000001245	1.24473107432951e-11	2	0	0	11	7024
PS00535	COMPLEX1_49K	1.00000000001245	1.24473107432951e-11	2	0	0	11	7024
PS50957	JOSEPHIN	1.00000000001245	1.24473107432951e-11	2	0	0	11	7024
PS00631	CYTOSOL_AP	1.00000000001245	1.24473107432951e-11	2	0	0	11	7024
PS01077	RIBOSOMAL_L37E	1.00000000001245	1.24473107432951e-11	2	0	0	11	7024
PS00501	SPASE_I_1	1.00000000001245	1.24473107432951e-11	2	0	0	11	7024
PS00433	PHOSPHOFRUCTOKINASE	1.00000000001245	1.24473107432951e-11	2	0	0	11	7024
PS00517	RNASE_3_1	1.00000000001245	1.24473107432951e-11	2	0	0	11	7024
PS00110	PYRUVATE_KINASE	1.00000000001245	1.24473107432951e-11	2	0	0	11	7024
PS51449	MTTASE_N	1.00000000001245	1.24473107432951e-11	2	0	0	11	7024
PS00410	G_DYNAMIN_1	1.00000000001245	1.24473107432951e-11	2	0	0	11	7024
PS00770	AA_TRANSFER_CLASS_4	1.00000000001245	1.24473107432951e-11	2	0	0	11	7024
PS00103	PUR_PYR_PR_TRANSFER	1.00000000001245	1.24473107432951e-11	2	0	0	11	7024
PS51777	RH2	1.00000000001245	1.24473107432951e-11	2	0	0	11	7024
PS00584	PFKB_KINASES_2	1.00000000001245	1.24473107432951e-11	2	0	0	11	7024
PS01173	LIPASE_GDXG_HIS	1.00000000001245	1.24473107432951e-11	2	0	0	11	7024
PS00824	EF1BD_1	1.00000000001245	1.24473107432951e-11	2	0	0	11	7024
PS50143	BIR_REPEAT_2	1.00000000001245	1.24473107432951e-11	2	0	0	11	7024
PS00952	ER_LUMEN_RECEPTOR_2	1.00000000001245	1.24473107432951e-11	2	0	0	11	7024
PS01285	FA58C_1	1.00000000001245	1.24473107432951e-11	2	0	0	11	7024
PS50216	DHHC	1.00000000001245	1.24473107432951e-11	2	0	0	11	7024
PS00050	RIBOSOMAL_L23	1.00000000001245	1.24473107432951e-11	2	0	0	11	7024
PS51715	G_GB1_RHD3	1.00000000001245	1.24473107432951e-11	2	0	0	11	7024
PS51166	CBM20	1.00000000001245	1.24473107432951e-11	2	0	0	11	7024
PS01133	UPF0017	1.00000000001245	1.24473107432951e-11	2	0	0	11	7024
PS00417	SYNAPTOBREVIN	1.00000000001245	1.24473107432951e-11	2	0	0	11	7024
PS50982	MBD	1.00000000001245	1.24473107432951e-11	2	0	0	11	7024
PS51332	B12_BINDING	1.00000000001245	1.24473107432951e-11	2	0	0	11	7024
PS00032	ANTENNAPEDIA	1.00000000001245	1.24473107432951e-11	2	0	0	11	7024
PS00845	CAP_GLY_1	1.00000000001245	1.24473107432951e-11	2	0	0	11	7024
PS50832	S1_IF1_TYPE	1.00000000001245	1.24473107432951e-11	2	0	0	11	7024
PS51044	ZF_SP_RING	1.00000000001245	1.24473107432951e-11	2	0	0	11	7024
PS00981	G_PROTEIN_RECEP_F3_3	1.00000000001245	1.24473107432951e-11	2	0	0	11	7024
PS00951	ER_LUMEN_RECEPTOR_1	1.00000000001245	1.24473107432951e-11	2	0	0	11	7024
PS51730	GNAT_ATAT	1.00000000001245	1.24473107432951e-11	2	0	0	11	7024
PS50287	SRCR_2	1.00000000001245	1.24473107432951e-11	2	0	0	11	7024
PS51256	GS	1.00000000001245	1.24473107432951e-11	2	0	0	11	7024
PS50164	GIY_YIG	1.00000000001245	1.24473107432951e-11	2	0	0	11	7024
PS50846	HMA_2	1.00000000001245	1.24473107432951e-11	2	0	0	11	7024
PS00158	ALDOLASE_CLASS_I	1.00000000001245	1.24473107432951e-11	2	0	0	11	7024
PS50104	TIR	1.00000000001245	1.24473107432951e-11	2	0	0	11	7024
PS51786	LON_PROTEOLYTIC	1.00000000001245	1.24473107432951e-11	2	0	0	11	7024
PS50106	PDZ	1.00000000001285	1.28464345222521e-11	54	0	0	11	7024
PS51194	HELICASE_CTER	1.0000000000129	1.28958168932989e-11	79	0	0	11	7024
PS00018	EF_HAND_1	1.0000000000129	1.28958168932989e-11	79	0	0	11	7024
PS50405	GST_CTER	1.00000000001304	1.3040767998723e-11	52	0	0	11	7024
PS00383	TYR_PHOSPHATASE_1	1.00000000001304	1.3040767998723e-11	52	0	0	11	7024
PS50004	C2	1.00000000001345	1.34535466466403e-11	31	0	0	11	7024
PS51195	Q_MOTIF	1.00000000001345	1.34535466466403e-11	31	0	0	11	7024
PS51030	NUCLEAR_REC_DBD_2	1.00000000001355	1.35518997183691e-11	255	0	0	11	7024
PS50006	FHA_DOMAIN	1.00000000001371	1.37105708201529e-11	12	0	0	11	7024
PS50836	DOMON	1.00000000001371	1.37105708201529e-11	12	0	0	11	7024
PS50240	TRYPSIN_DOM	1.00000000001371	1.37105708201529e-11	12	0	0	11	7024
PS51635	PNPLA	1.00000000001371	1.37105708201529e-11	12	0	0	11	7024
PS51471	FE2OG_OXY	1.00000000001371	1.37105708201529e-11	12	0	0	11	7024
PS51842	IF_ROD_2	1.00000000001371	1.37105708201529e-11	12	0	0	11	7024
PS50195	PX	1.00000000001371	1.37105708201529e-11	12	0	0	11	7024
PS50077	HEAT_REPEAT	1.00000000001371	1.37105708201529e-11	12	0	0	11	7024
PS50030	UBA	1.00000000001371	1.37105708201529e-11	12	0	0	11	7024
PS51354	GLUTAREDOXIN_2	1.00000000001371	1.37105708201529e-11	12	0	0	11	7024
PS50866	GOLD	1.00000000001371	1.37105708201529e-11	12	0	0	11	7024
PS00031	NUCLEAR_REC_DBD_1	1.00000000001406	1.40579475041532e-11	183	0	0	11	7024
PS51450	LRR	1.00000000001583	1.58301738504018e-11	46	0	0	11	7024
PS50011	PROTEIN_KINASE_DOM	1.00000000001611	1.61096014798068e-11	401	0	0	11	7024
PS50157	ZINC_FINGER_C2H2_2	1.00000000001643	1.64283361329752e-11	127	0	0	11	7024
PS50053	UBIQUITIN_2	1.00000000001678	1.67765596330452e-11	32	0	0	11	7024
PS50850	MFS	1.00000000001691	1.69056958500971e-11	123	0	0	11	7024
PS00867	CPSASE_2	1.00000000001721	1.72112126078704e-11	6	0	0	11	7024
PS50304	TUDOR	1.00000000001721	1.72112126078704e-11	6	0	0	11	7024
PS00118	PA2_HIS	1.00000000001721	1.72112126078704e-11	6	0	0	11	7024
PS50802	OTU	1.00000000001721	1.72112126078704e-11	6	0	0	11	7024
PS50942	ENTH	1.00000000001721	1.72112126078704e-11	6	0	0	11	7024
PS50939	CYTOCHROME_B561	1.00000000001721	1.72112126078704e-11	6	0	0	11	7024
PS01132	ACTINS_ACT_LIKE	1.00000000001721	1.72112126078704e-11	6	0	0	11	7024
PS00228	TUBULIN_B_AUTOREG	1.00000000001721	1.72112126078704e-11	6	0	0	11	7024
PS00432	ACTINS_2	1.00000000001721	1.72112126078704e-11	6	0	0	11	7024
PS51391	CID	1.00000000001721	1.72112126078704e-11	6	0	0	11	7024
PS51120	LDLRB	1.00000000001721	1.72112126078704e-11	6	0	0	11	7024
PS00020	ACTININ_2	1.00000000001721	1.72112126078704e-11	6	0	0	11	7024
PS00126	PDEASE_I_1	1.00000000001721	1.72112126078704e-11	6	0	0	11	7024
PS00889	CNMP_BINDING_2	1.00000000001721	1.72112126078704e-11	6	0	0	11	7024
PS51221	TTL	1.00000000001721	1.72112126078704e-11	6	0	0	11	7024
PS50075	CARRIER	1.00000000001721	1.72112126078704e-11	6	0	0	11	7024
PS51278	GATASE_TYPE_2	1.00000000001721	1.72112126078704e-11	6	0	0	11	7024
PS51162	THYROGLOBULIN_1_2	1.00000000001721	1.72112126078704e-11	6	0	0	11	7024
PS51144	ALPHA_CA_2	1.00000000001721	1.72112126078704e-11	6	0	0	11	7024
PS51845	PDEASE_I_2	1.00000000001721	1.72112126078704e-11	6	0	0	11	7024
PS50227	G_PROTEIN_RECEP_F2_3	1.00000000001721	1.72112126078704e-11	6	0	0	11	7024
PS50038	FZ	1.00000000001721	1.72112126078704e-11	6	0	0	11	7024
PS50051	MCM_2	1.00000000001721	1.72112126078704e-11	6	0	0	11	7024
PS51808	CHCH	1.00000000001721	1.72112126078704e-11	6	0	0	11	7024
PS50219	CNH	1.00000000001721	1.72112126078704e-11	6	0	0	11	7024
PS01270	BAND_7	1.00000000001721	1.72112126078704e-11	6	0	0	11	7024
PS00847	MCM_1	1.00000000001721	1.72112126078704e-11	6	0	0	11	7024
PS00497	TYROSINASE_1	1.00000000001721	1.72112126078704e-11	6	0	0	11	7024
PS51569	DOT1	1.00000000001721	1.72112126078704e-11	6	0	0	11	7024
PS50033	UBX	1.00000000001721	1.72112126078704e-11	6	0	0	11	7024
PS50035	PLD	1.00000000001721	1.72112126078704e-11	6	0	0	11	7024
PS50112	PAS	1.00000000001721	1.72112126078704e-11	6	0	0	11	7024
PS01256	CULLIN_1	1.00000000001721	1.72112126078704e-11	6	0	0	11	7024
PS51379	4FE4S_FER_2	1.00000000001721	1.72112126078704e-11	6	0	0	11	7024
PS51220	NIDO	1.00000000001721	1.72112126078704e-11	6	0	0	11	7024
PS00059	ADH_ZINC	1.00000000001721	1.72112126078704e-11	6	0	0	11	7024
PS51710	G_OBG	1.00000000001721	1.72112126078704e-11	6	0	0	11	7024
PS51420	RHO	1.00000000001721	1.72112126078704e-11	6	0	0	11	7024
PS00916	PI3_4_KINASE_2	1.00000000001721	1.72112126078704e-11	6	0	0	11	7024
PS50908	RWD	1.00000000001721	1.72112126078704e-11	6	0	0	11	7024
PS00346	ETS_DOMAIN_2	1.00000000001721	1.72112126078704e-11	6	0	0	11	7024
PS50115	ARFGAP	1.00000000001721	1.72112126078704e-11	6	0	0	11	7024
PS50330	UIM	1.00000000001721	1.72112126078704e-11	6	0	0	11	7024
PS00063	ALDOKETO_REDUCTASE_3	1.00000000001721	1.72112126078704e-11	6	0	0	11	7024
PS01188	ELO	1.00000000001721	1.72112126078704e-11	6	0	0	11	7024
PS51042	CUT	1.00000000001721	1.72112126078704e-11	6	0	0	11	7024
PS00062	ALDOKETO_REDUCTASE_2	1.00000000001721	1.72112126078704e-11	6	0	0	11	7024
PS51339	PPASE_MYOTUBULARIN	1.00000000001721	1.72112126078704e-11	6	0	0	11	7024
PS00470	IDH_IMDH	1.00000000001721	1.72112126078704e-11	6	0	0	11	7024
PS00660	FERM_1	1.00000000001721	1.72112126078704e-11	6	0	0	11	7024
PS51510	PHOSPHAGEN_KINASE_C	1.00000000001721	1.72112126078704e-11	6	0	0	11	7024
PS50134	ZF_TAZ	1.00000000001721	1.72112126078704e-11	6	0	0	11	7024
PS51075	MH1	1.00000000001721	1.72112126078704e-11	6	0	0	11	7024
PS50897	CTLH	1.00000000001721	1.72112126078704e-11	6	0	0	11	7024
PS00143	INSULINASE	1.00000000001721	1.72112126078704e-11	6	0	0	11	7024
PS51292	ZF_RING_CH	1.00000000001721	1.72112126078704e-11	6	0	0	11	7024
PS51186	GNAT	1.00000000001756	1.75586674582243e-11	19	0	0	11	7024
PS00139	THIOL_PROTEASE_CYS	1.00000000001756	1.75586674582243e-11	19	0	0	11	7024
PS50072	CSA_PPIASE_2	1.00000000001756	1.75586674582243e-11	19	0	0	11	7024
PS50067	KINESIN_MOTOR_2	1.00000000001756	1.75586674582243e-11	19	0	0	11	7024
PS00194	THIOREDOXIN_1	1.00000000001756	1.75586674582243e-11	19	0	0	11	7024
PS50294	WD_REPEATS_REGION	1.00000000001759	1.75879679126219e-11	114	0	0	11	7024
PS50005	TPR	1.00000000001888	1.88824973463743e-11	38	0	0	11	7024
PS50853	FN3	1.00000000001888	1.88824973463743e-11	38	0	0	11	7024
PS50896	LISH	1.0000000000209	2.08987516744321e-11	11	0	0	11	7024
PS50302	PUM	1.0000000000209	2.08987516744321e-11	11	0	0	11	7024
PS50865	ZF_MYND_2	1.0000000000209	2.08987516744321e-11	11	0	0	11	7024
PS50809	DM_2	1.0000000000209	2.08987516744321e-11	11	0	0	11	7024
PS50249	MPN	1.0000000000209	2.08987516744321e-11	11	0	0	11	7024
PS01248	EGF_LAM_1	1.0000000000209	2.08987516744321e-11	11	0	0	11	7024
PS50215	ADAM_MEPRO	1.0000000000209	2.08987516744321e-11	11	0	0	11	7024
PS00141	ASP_PROTEASE	1.0000000000209	2.08987516744321e-11	11	0	0	11	7024
PS51029	MADF	1.0000000000209	2.08987516744321e-11	11	0	0	11	7024
PS51841	LTD	1.0000000000209	2.08987516744321e-11	11	0	0	11	7024
PS01283	TBOX_1	1.0000000000209	2.08987516744321e-11	11	0	0	11	7024
PS00633	BROMODOMAIN_1	1.0000000000209	2.08987516744321e-11	11	0	0	11	7024
PS51746	PPM_2	1.0000000000209	2.08987516744321e-11	11	0	0	11	7024
PS01179	PID	1.0000000000209	2.08987516744321e-11	11	0	0	11	7024
PS01351	MAPK	1.0000000000209	2.08987516744321e-11	11	0	0	11	7024
PS50188	B302_SPRY	1.0000000000209	2.08987516744321e-11	11	0	0	11	7024
PS50102	RRM	1.00000000002094	2.09374813043208e-11	99	0	0	11	7024
PS50156	SSD	1.00000000002408	2.40796270356615e-11	33	0	0	11	7024
PS50076	DNAJ_2	1.00000000002408	2.40796270356615e-11	33	0	0	11	7024
PS50081	ZF_DAG_PE_2	1.00000000002408	2.40796270356615e-11	33	0	0	11	7024
PS00010	ASX_HYDROXYL	1.00000000002408	2.40796270356615e-11	33	0	0	11	7024
