TermID	Term	Enrichment	logP	Genes in Term	Target Genes in Term	Fraction of Targets in Term	Total Target Genes	Total Genes	Entrez Gene IDs	Gene Symbols
SM01135	DIRP	0.00679148311309435	-4.99208593518139	1	1	0.027027027027027	37	5448	176256	lin-9
SM00164	TBC	0.00713687739919318	-4.94247993733983	19	2	0.0540540540540541	37	5448	181406,3565805	tbc-13,eat-17
SM01127	DDHD	0.0135380803451889	-4.30224879812319	2	1	0.027027027027027	37	5448	173795	ipla-1
SM00311	PWI	0.0135380803451889	-4.30224879812319	2	1	0.027027027027027	37	5448	259655	rbm-25
SM00277	GRAN	0.0135380803451889	-4.30224879812319	2	1	0.027027027027027	37	5448	173054	pgrn-1
SM00437	TOP1Ac	0.0135380803451889	-4.30224879812319	2	1	0.027027027027027	37	5448	174978	Y48C3A.14
SM00493	TOPRIM	0.0135380803451889	-4.30224879812319	2	1	0.027027027027027	37	5448	174978	Y48C3A.14
SM00436	TOP1Bc	0.0135380803451889	-4.30224879812319	2	1	0.027027027027027	37	5448	174978	Y48C3A.14
SM00573	HSA	0.0135380803451889	-4.30224879812319	2	1	0.027027027027027	37	5448	190954	ssl-1
SM01060	Catalase	0.0202400801666964	-3.90009047376556	3	1	0.027027027027027	37	5448	259738	ctl-1
SM00044	CYCc	0.0257497605837205	-3.65932994963521	37	2	0.0540540540540541	37	5448	191646,178237	gcy-13,gcy-18
SM00406	IGv	0.026897769245341	-3.61571192349553	4	1	0.027027027027027	37	5448	266969	ttn-1
SM00463	SMR	0.026897769245341	-3.61571192349553	4	1	0.027027027027027	37	5448	184483	F14F8.9
SM00273	ENTH	0.040081352907915	-3.21684406758772	6	1	0.027027027027027	37	5448	184169	tag-138
SM00665	B561	0.040081352907915	-3.21684406758772	6	1	0.027027027027027	37	5448	186343	F55H2.5
SM00116	CBS	0.0595314621740673	-2.82125033014859	9	1	0.027027027027027	37	5448	174449	clh-5
SM00020	Tryp_SPc	0.065929207329756	-2.71917372883598	10	1	0.027027027027027	37	5448	3565941	try-9
SM00112	CA	0.0722845988946415	-2.62714418918032	11	1	0.027027027027027	37	5448	173007	hmr-1
SM00282	LamG	0.0910993699885604	-2.39580439034321	14	1	0.027027027027027	37	5448	173007	hmr-1
SM01381	7TM_GPCR_Srsx	0.0935576460723924	-2.36917749713384	76	2	0.0540540540540541	37	5448	182921,190453	npr-11,srsx-25
SM01048	C6	0.1095426722583	-2.21144110465024	17	1	0.027027027027027	37	5448	182463	C09G9.3
SM00325	RhoGEF	0.121635364143477	-2.10672752818271	19	1	0.027027027027027	37	5448	180571	cgef-1
SM00950	Piwi	0.133568213181264	-2.01314297147825	21	1	0.027027027027027	37	5448	179393	rde-1
SM00192	LDLa	0.145343274258787	-1.92865692577723	23	1	0.027027027027027	37	5448	187815	R11G1.1
SM00360	RRM	0.147145433242093	-1.91633383949649	100	2	0.0540540540540541	37	5448	259655,173401	rbm-25,etr-1
SM00034	CLECT	0.161225501137286	-1.82495126578049	205	3	0.0810810810810811	37	5448	190182,173010,184615	clec-92,clec-95,clec-221
SM00382	AAA	0.161403341013577	-1.8238488231525	106	2	0.0540540540540541	37	5448	178522,180691	haf-1,mrp-6
SM00322	KH	0.168428124055829	-1.78124618366069	27	1	0.027027027027027	37	5448	175288	pes-4
SM00271	DnaJ	0.196432240176522	-1.62743774084891	32	1	0.027027027027027	37	5448	174122	dnj-5
SM00060	FN3	0.228827460777793	-1.47478700579646	38	1	0.027027027027027	37	5448	266969	ttn-1
SM00241	ZP	0.228827460777793	-1.47478700579646	38	1	0.027027027027027	37	5448	186153	cutl-7
SM00369	LRR_TYP	0.228827460777793	-1.47478700579646	38	1	0.027027027027027	37	5448	175451	rsu-1
SM00028	TPR	0.265017554665274	-1.32795921117005	45	1	0.027027027027027	37	5448	175332	ttc-7
SM00408	IGc2	0.289850272430266	-1.23839079129597	50	1	0.027027027027027	37	5448	266969	ttn-1
SM00409	IG	0.294717915988076	-1.221736597099	51	1	0.027027027027027	37	5448	266969	ttn-1
SM00219	TyrKc	0.368324530501697	-0.998790853074397	67	1	0.027027027027027	37	5448	181440	F09A5.2
SM00181	EGF	0.393952912312401	-0.93152388872378	73	1	0.027027027027027	37	5448	173007	hmr-1
SM00490	HELICc	0.414534552618488	-0.880598948125922	78	1	0.027027027027027	37	5448	190954	ssl-1
SM00487	DEXDc	0.418568485864955	-0.870914756407812	79	1	0.027027027027027	37	5448	190954	ssl-1
SM00430	HOLI	0.825174674747124	-0.192160188092236	250	1	0.027027027027027	37	5448	187411	nhr-123
SM00399	ZnF_C4	0.831311191344419	-0.184751076074004	255	1	0.027027027027027	37	5448	187411	nhr-123
SM00220	S_TKc	0.855911889354694	-0.155587841135212	277	1	0.027027027027027	37	5448	266969	ttn-1
SM00033	CH	0.999999999989758	-1.0241761458433e-11	24	0	0	37	5448
SM00587	CHK	0.999999999989758	-1.0241761458433e-11	24	0	0	37	5448
SM00962	SRP54	0.999999999990689	-9.31127487532055e-12	2	0	0	37	5448
SM01201	FerB	0.999999999990689	-9.31127487532055e-12	2	0	0	37	5448
SM00992	YccV-like	0.999999999990689	-9.31127487532055e-12	2	0	0	37	5448
SM01146	DUF1086	0.999999999990689	-9.31127487532055e-12	2	0	0	37	5448
SM00160	RanBD	0.999999999990689	-9.31127487532055e-12	2	0	0	37	5448
SM00144	PI3K_rbd	0.999999999990689	-9.31127487532055e-12	2	0	0	37	5448
SM00594	UAS	0.999999999990689	-9.31127487532055e-12	2	0	0	37	5448
SM00391	MBD	0.999999999990689	-9.31127487532055e-12	2	0	0	37	5448
SM00153	VHP	0.999999999990689	-9.31127487532055e-12	2	0	0	37	5448
SM00657	RPOL4c	0.999999999990689	-9.31127487532055e-12	2	0	0	37	5448
SM00384	AT_hook	0.999999999990689	-9.31127487532055e-12	2	0	0	37	5448
SM01326	PTEN_C2	0.999999999990689	-9.31127487532055e-12	2	0	0	37	5448
SM00114	CARD	0.999999999990689	-9.31127487532055e-12	2	0	0	37	5448
SM00775	LNS2	0.999999999990689	-9.31127487532055e-12	2	0	0	37	5448
SM00467	GS	0.999999999990689	-9.31127487532055e-12	2	0	0	37	5448
SM00981	THUMP	0.999999999990689	-9.31127487532055e-12	2	0	0	37	5448
SM00438	ZnF_NFX	0.999999999990689	-9.31127487532055e-12	2	0	0	37	5448
SM01182	EF-1_beta_acid	0.999999999990689	-9.31127487532055e-12	2	0	0	37	5448
SM01008	Ald_Xan_dh_C	0.999999999990689	-9.31127487532055e-12	2	0	0	37	5448
SM00695	DUSP	0.999999999990689	-9.31127487532055e-12	2	0	0	37	5448
SM00313	PXA	0.999999999990689	-9.31127487532055e-12	2	0	0	37	5448
SM00535	RIBOc	0.999999999990689	-9.31127487532055e-12	2	0	0	37	5448
SM00960	Robl_LC7	0.999999999990689	-9.31127487532055e-12	2	0	0	37	5448
SM01002	AlaDh_PNT_C	0.999999999990689	-9.31127487532055e-12	2	0	0	37	5448
SM00004	NL	0.999999999990689	-9.31127487532055e-12	2	0	0	37	5448
SM00955	RNB	0.999999999990689	-9.31127487532055e-12	2	0	0	37	5448
SM00893	ETF	0.999999999990689	-9.31127487532055e-12	2	0	0	37	5448
SM00712	PUR	0.999999999990689	-9.31127487532055e-12	2	0	0	37	5448
SM00363	S4	0.999999999990689	-9.31127487532055e-12	2	0	0	37	5448
SM00302	GED	0.999999999990689	-9.31127487532055e-12	2	0	0	37	5448
SM01340	DNA_mis_repair	0.999999999990689	-9.31127487532055e-12	2	0	0	37	5448
SM00255	TIR	0.999999999990689	-9.31127487532055e-12	2	0	0	37	5448
SM00731	SprT	0.999999999990689	-9.31127487532055e-12	2	0	0	37	5448
SM01376	eIF-5a	0.999999999990689	-9.31127487532055e-12	2	0	0	37	5448
SM00881	CoA_binding	0.999999999990689	-9.31127487532055e-12	2	0	0	37	5448
SM00907	GDNF	0.999999999990689	-9.31127487532055e-12	2	0	0	37	5448
SM00300	ChSh	0.999999999990689	-9.31127487532055e-12	2	0	0	37	5448
SM00394	RIIa	0.999999999990689	-9.31127487532055e-12	2	0	0	37	5448
SM00323	RasGAP	0.999999999990689	-9.31127487532055e-12	2	0	0	37	5448
SM00043	CY	0.999999999990689	-9.31127487532055e-12	2	0	0	37	5448
SM00662	RPOLD	0.999999999990689	-9.31127487532055e-12	2	0	0	37	5448
SM01270	Longin	0.999999999990689	-9.31127487532055e-12	2	0	0	37	5448
SM00608	ACR	0.999999999990689	-9.31127487532055e-12	2	0	0	37	5448
SM01362	DUF663	0.999999999990689	-9.31127487532055e-12	2	0	0	37	5448
SM00259	ZnF_A20	0.999999999990689	-9.31127487532055e-12	2	0	0	37	5448
SM00468	PreSET	0.999999999990689	-9.31127487532055e-12	2	0	0	37	5448
SM01338	NOD	0.999999999990689	-9.31127487532055e-12	2	0	0	37	5448
SM00432	MADS	0.999999999990689	-9.31127487532055e-12	2	0	0	37	5448
SM01263	Leuk-A4-hydro_C	0.999999999990689	-9.31127487532055e-12	2	0	0	37	5448
SM01141	DRY_EERY	0.999999999990689	-9.31127487532055e-12	2	0	0	37	5448
SM01283	Costars	0.999999999990689	-9.31127487532055e-12	2	0	0	37	5448
SM00732	YqgFc	0.999999999990689	-9.31127487532055e-12	2	0	0	37	5448
SM00308	LH2	0.999999999990689	-9.31127487532055e-12	2	0	0	37	5448
SM01142	DSHCT	0.999999999990689	-9.31127487532055e-12	2	0	0	37	5448
SM01200	FerA	0.999999999990689	-9.31127487532055e-12	2	0	0	37	5448
SM01415	DUF106	0.999999999990689	-9.31127487532055e-12	2	0	0	37	5448
SM00572	DZF	0.999999999990689	-9.31127487532055e-12	2	0	0	37	5448
SM00559	Ku78	0.999999999990689	-9.31127487532055e-12	2	0	0	37	5448
SM00561	MBT	0.999999999990689	-9.31127487532055e-12	2	0	0	37	5448
SM01370	TAFII55_N	0.999999999990689	-9.31127487532055e-12	2	0	0	37	5448
SM01147	DUF1087	0.999999999990689	-9.31127487532055e-12	2	0	0	37	5448
SM01166	DUF1899	0.999999999990689	-9.31127487532055e-12	2	0	0	37	5448
SM00500	SFM	0.999999999990689	-9.31127487532055e-12	2	0	0	37	5448
SM00544	MA3	0.999999999990689	-9.31127487532055e-12	2	0	0	37	5448
SM00751	BSD	0.999999999990689	-9.31127487532055e-12	2	0	0	37	5448
SM00251	SAM_PNT	0.999999999990689	-9.31127487532055e-12	2	0	0	37	5448
SM01390	Ribosomal_S4	0.999999999990689	-9.31127487532055e-12	2	0	0	37	5448
SM00873	B3_4	0.999999999990689	-9.31127487532055e-12	2	0	0	37	5448
SM00191	Int_alpha	0.999999999990689	-9.31127487532055e-12	2	0	0	37	5448
SM01072	CDC48_2	0.999999999990689	-9.31127487532055e-12	2	0	0	37	5448
SM00238	BIR	0.999999999990689	-9.31127487532055e-12	2	0	0	37	5448
SM00661	RPOL9	0.999999999990689	-9.31127487532055e-12	2	0	0	37	5448
SM00223	APPLE	0.999999999990689	-9.31127487532055e-12	2	0	0	37	5448
SM01145	DUF1041	0.999999999990689	-9.31127487532055e-12	2	0	0	37	5448
SM00888	EF1_GNE	0.999999999990689	-9.31127487532055e-12	2	0	0	37	5448
SM00722	CASH	0.999999999990689	-9.31127487532055e-12	2	0	0	37	5448
SM00307	ILWEQ	0.999999999990689	-9.31127487532055e-12	2	0	0	37	5448
SM00018	PD	0.999999999990689	-9.31127487532055e-12	2	0	0	37	5448
SM00755	Grip	0.999999999990689	-9.31127487532055e-12	2	0	0	37	5448
SM01132	DIL	0.999999999990689	-9.31127487532055e-12	2	0	0	37	5448
SM00214	VWC	0.999999999990689	-9.31127487532055e-12	2	0	0	37	5448
SM01269	Lipid_DES	0.999999999990689	-9.31127487532055e-12	2	0	0	37	5448
SM00521	CBF	0.999999999990689	-9.31127487532055e-12	2	0	0	37	5448
SM01339	NODP	0.999999999990689	-9.31127487532055e-12	2	0	0	37	5448
SM00652	eIF1a	0.999999999990689	-9.31127487532055e-12	2	0	0	37	5448
SM00592	BRK	0.999999999990689	-9.31127487532055e-12	2	0	0	37	5448
SM00460	TGc	0.999999999990689	-9.31127487532055e-12	2	0	0	37	5448
SM01246	Josephin	0.999999999990689	-9.31127487532055e-12	2	0	0	37	5448
SM00101	14_3_3	0.999999999990689	-9.31127487532055e-12	2	0	0	37	5448
SM00851	MGS	0.999999999990689	-9.31127487532055e-12	2	0	0	37	5448
SM00562	NDK	0.999999999990689	-9.31127487532055e-12	2	0	0	37	5448
SM00415	HSF	0.999999999990689	-9.31127487532055e-12	2	0	0	37	5448
SM01374	Ribosomal_L14	0.999999999990689	-9.31127487532055e-12	2	0	0	37	5448
SM00836	DALR_1	0.999999999990689	-9.31127487532055e-12	2	0	0	37	5448
SM00580	PUG	0.999999999990689	-9.31127487532055e-12	2	0	0	37	5448
SM00963	SRP54_N	0.999999999990689	-9.31127487532055e-12	2	0	0	37	5448
SM00472	MIR	0.999999999990689	-9.31127487532055e-12	2	0	0	37	5448
SM01271	LSM14	0.999999999990689	-9.31127487532055e-12	2	0	0	37	5448
SM00111	C4	0.999999999990689	-9.31127487532055e-12	2	0	0	37	5448
SM01407	NAC	0.999999999990689	-9.31127487532055e-12	2	0	0	37	5448
SM01399	Sybindin	0.999999999990689	-9.31127487532055e-12	2	0	0	37	5448
SM00671	SEL1	0.999999999990689	-9.31127487532055e-12	2	0	0	37	5448
SM01086	ClpB_D2-small	0.999999999990689	-9.31127487532055e-12	2	0	0	37	5448
SM00891	ERCC4	0.999999999990689	-9.31127487532055e-12	2	0	0	37	5448
SM00545	JmjN	0.999999999990689	-9.31127487532055e-12	2	0	0	37	5448
SM00299	CLH	0.999999999990689	-9.31127487532055e-12	2	0	0	37	5448
SM00956	RQC	0.999999999990689	-9.31127487532055e-12	2	0	0	37	5448
SM01383	Ribosomal_L2	0.999999999990689	-9.31127487532055e-12	2	0	0	37	5448
SM00576	BTP	0.999999999990689	-9.31127487532055e-12	2	0	0	37	5448
SM01114	CXC	0.999999999990689	-9.31127487532055e-12	2	0	0	37	5448
SM00331	PP2C_SIG	0.999999999990689	-9.31127487532055e-12	2	0	0	37	5448
SM01084	CKS	0.999999999990689	-9.31127487532055e-12	2	0	0	37	5448
SM00649	RL11	0.999999999990689	-9.31127487532055e-12	2	0	0	37	5448
SM00757	CRA	0.999999999990689	-9.31127487532055e-12	2	0	0	37	5448
SM01070	CDC37_M	0.999999999990689	-9.31127487532055e-12	2	0	0	37	5448
SM00200	SEA	0.999999999990689	-9.31127487532055e-12	2	0	0	37	5448
SM00202	SR	0.999999999990689	-9.31127487532055e-12	2	0	0	37	5448
SM01003	AlaDh_PNT_N	0.999999999990689	-9.31127487532055e-12	2	0	0	37	5448
SM00736	CADG	0.999999999990689	-9.31127487532055e-12	2	0	0	37	5448
SM00785	AARP2CN	0.999999999990689	-9.31127487532055e-12	2	0	0	37	5448
SM00947	Pro_CA	0.999999999990689	-9.31127487532055e-12	2	0	0	37	5448
SM01194	eRF1_1	0.999999999990689	-9.31127487532055e-12	2	0	0	37	5448
SM00978	Tim44	0.999999999990689	-9.31127487532055e-12	2	0	0	37	5448
SM00167	VPS9	0.999999999990689	-9.31127487532055e-12	2	0	0	37	5448
SM01065	CBM_2	0.999999999990689	-9.31127487532055e-12	2	0	0	37	5448
SM00065	GAF	0.999999999990689	-9.31127487532055e-12	2	0	0	37	5448
SM01062	Ca_chan_IQ	0.999999999990689	-9.31127487532055e-12	2	0	0	37	5448
SM00086	PAC	0.999999999990689	-9.31127487532055e-12	2	0	0	37	5448
SM00482	POLAc	0.999999999990689	-9.31127487532055e-12	2	0	0	37	5448
SM00253	SOCS	0.999999999990689	-9.31127487532055e-12	2	0	0	37	5448
SM00517	PolyA	0.999999999990689	-9.31127487532055e-12	2	0	0	37	5448
SM01336	zf-PARP	0.999999999990689	-9.31127487532055e-12	2	0	0	37	5448
SM00442	FGF	0.999999999990689	-9.31127487532055e-12	2	0	0	37	5448
SM01010	AMPKBI	0.999999999990689	-9.31127487532055e-12	2	0	0	37	5448
SM01378	Romo1	0.999999999990689	-9.31127487532055e-12	2	0	0	37	5448
SM01011	AMP_N	0.999999999990689	-9.31127487532055e-12	2	0	0	37	5448
SM01382	Ribosomal_L2_C	0.999999999990689	-9.31127487532055e-12	2	0	0	37	5448
SM00650	rADc	0.999999999990689	-9.31127487532055e-12	2	0	0	37	5448
SM00393	R3H	0.999999999992886	-7.11423042326751e-12	3	0	0	37	5448
SM00569	L27	0.999999999992886	-7.11423042326751e-12	3	0	0	37	5448
SM00134	LU	0.999999999992886	-7.11423042326751e-12	3	0	0	37	5448
SM00686	DM13	0.999999999992886	-7.11423042326751e-12	3	0	0	37	5448
SM01287	Rtt106	0.999999999992886	-7.11423042326751e-12	3	0	0	37	5448
SM00392	PROF	0.999999999992886	-7.11423042326751e-12	3	0	0	37	5448
SM00823	PKS_PP	0.999999999992886	-7.11423042326751e-12	3	0	0	37	5448
SM00154	ZnF_AN1	0.999999999992886	-7.11423042326751e-12	3	0	0	37	5448
SM00693	DysFN	0.999999999992886	-7.11423042326751e-12	3	0	0	37	5448
SM00827	PKS_AT	0.999999999992886	-7.11423042326751e-12	3	0	0	37	5448
SM00673	CARP	0.999999999992886	-7.11423042326751e-12	3	0	0	37	5448
SM00130	KR	0.999999999992886	-7.11423042326751e-12	3	0	0	37	5448
SM00090	RIO	0.999999999992886	-7.11423042326751e-12	3	0	0	37	5448
SM00773	WGR	0.999999999992886	-7.11423042326751e-12	3	0	0	37	5448
SM00085	PA2c	0.999999999992886	-7.11423042326751e-12	3	0	0	37	5448
SM01140	Drf_GBD	0.999999999992886	-7.11423042326751e-12	3	0	0	37	5448
SM00825	PKS_KS	0.999999999992886	-7.11423042326751e-12	3	0	0	37	5448
SM00352	POU	0.999999999992886	-7.11423042326751e-12	3	0	0	37	5448
SM00852	MoCF_biosynth	0.999999999992886	-7.11423042326751e-12	3	0	0	37	5448
SM01403	Ribosomal_S10	0.999999999992886	-7.11423042326751e-12	3	0	0	37	5448
SM00969	SOCS_box	0.999999999992886	-7.11423042326751e-12	3	0	0	37	5448
SM00433	TOP2c	0.999999999992886	-7.11423042326751e-12	3	0	0	37	5448
SM00863	tRNA_SAD	0.999999999992886	-7.11423042326751e-12	3	0	0	37	5448
SM00809	Alpha_adaptinC2	0.999999999992886	-7.11423042326751e-12	3	0	0	37	5448
SM00151	SWIB	0.999999999992886	-7.11423042326751e-12	3	0	0	37	5448
SM00715	LA	0.999999999992886	-7.11423042326751e-12	3	0	0	37	5448
SM00359	PUA	0.999999999992886	-7.11423042326751e-12	3	0	0	37	5448
SM01175	DUF4206	0.999999999992886	-7.11423042326751e-12	3	0	0	37	5448
SM00341	HRDC	0.999999999992886	-7.11423042326751e-12	3	0	0	37	5448
SM00973	Sec63	0.999999999992886	-7.11423042326751e-12	3	0	0	37	5448
SM00648	SWAP	0.999999999992886	-7.11423042326751e-12	3	0	0	37	5448
SM00264	BAG	0.999999999992886	-7.11423042326751e-12	3	0	0	37	5448
SM00552	ADEAMc	0.999999999992886	-7.11423042326751e-12	3	0	0	37	5448
SM00464	LON	0.999999999992886	-7.11423042326751e-12	3	0	0	37	5448
SM00261	FU	0.999999999992886	-7.11423042326751e-12	3	0	0	37	5448
SM00441	FF	0.999999999992886	-7.11423042326751e-12	3	0	0	37	5448
SM00581	PSP	0.999999999992886	-7.11423042326751e-12	3	0	0	37	5448
SM00280	KAZAL	0.999999999992886	-7.11423042326751e-12	3	0	0	37	5448
SM01337	APC10	0.999999999992886	-7.11423042326751e-12	3	0	0	37	5448
SM01073	CDC48_N	0.999999999992886	-7.11423042326751e-12	3	0	0	37	5448
SM00237	Calx_beta	0.999999999992886	-7.11423042326751e-12	3	0	0	37	5448
SM00704	ZnF_CDGSH	0.999999999992886	-7.11423042326751e-12	3	0	0	37	5448
SM00931	NOSIC	0.999999999992886	-7.11423042326751e-12	3	0	0	37	5448
SM01218	FoP_duplication	0.999999999992886	-7.11423042326751e-12	3	0	0	37	5448
SM00142	PI3K_C2	0.999999999992886	-7.11423042326751e-12	3	0	0	37	5448
SM01178	DUF4217	0.999999999992886	-7.11423042326751e-12	3	0	0	37	5448
SM00570	AWS	0.999999999992886	-7.11423042326751e-12	3	0	0	37	5448
SM00663	RPOLA_N	0.999999999992886	-7.11423042326751e-12	3	0	0	37	5448
SM00991	WHEP-TRS	0.999999999992886	-7.11423042326751e-12	3	0	0	37	5448
SM00540	LEM	0.999999999992886	-7.11423042326751e-12	3	0	0	37	5448
SM00723	AMOP	0.999999999992886	-7.11423042326751e-12	3	0	0	37	5448
SM01161	DUF1767	0.999999999992886	-7.11423042326751e-12	3	0	0	37	5448
SM00726	UIM	0.999999999992886	-7.11423042326751e-12	3	0	0	37	5448
SM01139	Drf_FH3	0.999999999992886	-7.11423042326751e-12	3	0	0	37	5448
SM00166	UBX	0.999999999992886	-7.11423042326751e-12	3	0	0	37	5448
SM00434	TOP4c	0.999999999992886	-7.11423042326751e-12	3	0	0	37	5448
SM00694	DysFC	0.999999999992886	-7.11423042326751e-12	3	0	0	37	5448
SM00243	GAS2	0.999999999992886	-7.11423042326751e-12	3	0	0	37	5448
SM00139	MyTH4	0.999999999992886	-7.11423042326751e-12	3	0	0	37	5448
SM00262	GEL	0.999999999992886	-7.11423042326751e-12	3	0	0	37	5448
SM00488	DEXDc2	0.999999999992886	-7.11423042326751e-12	3	0	0	37	5448
SM00041	CT	0.999999999992886	-7.11423042326751e-12	3	0	0	37	5448
SM00564	PQQ	0.999999999992886	-7.11423042326751e-12	3	0	0	37	5448
SM00504	Ubox	0.999999999992886	-7.11423042326751e-12	3	0	0	37	5448
SM00491	HELICc2	0.999999999992886	-7.11423042326751e-12	3	0	0	37	5448
SM00571	DDT	0.999999999992886	-7.11423042326751e-12	3	0	0	37	5448
SM00872	Alpha-mann_mid	0.999999999992886	-7.11423042326751e-12	3	0	0	37	5448
SM00270	ChtBD1	0.999999999992886	-7.11423042326751e-12	3	0	0	37	5448
SM00735	ZM	0.999999999992886	-7.11423042326751e-12	3	0	0	37	5448
SM00284	OLF	0.999999999992886	-7.11423042326751e-12	3	0	0	37	5448
SM00021	DAX	0.999999999992886	-7.11423042326751e-12	3	0	0	37	5448
SM01007	Aldolase_II	0.999999999992886	-7.11423042326751e-12	3	0	0	37	5448
SM01041	BRO1	0.999999999992886	-7.11423042326751e-12	3	0	0	37	5448
SM00980	THAP	0.999999999992886	-7.11423042326751e-12	3	0	0	37	5448
SM00231	FA58C	0.999999999992886	-7.11423042326751e-12	3	0	0	37	5448
SM00330	PIPKc	0.999999999992886	-7.11423042326751e-12	3	0	0	37	5448
SM00053	DYNc	0.999999999992886	-7.11423042326751e-12	3	0	0	37	5448
SM01015	Arfaptin	0.999999999992886	-7.11423042326751e-12	3	0	0	37	5448
SM00218	ZU5	0.999999999992886	-7.11423042326751e-12	3	0	0	37	5448
SM00137	MAM	0.999999999992886	-7.11423042326751e-12	3	0	0	37	5448
SM00916	L51_S25_CI-B8	0.999999999992886	-7.11423042326751e-12	3	0	0	37	5448
SM00651	Sm	0.999999999993684	-6.31556278733138e-12	17	0	0	37	5448
SM00338	BRLZ	0.999999999993684	-6.31556278733138e-12	17	0	0	37	5448
SM00454	SAM	0.999999999993684	-6.31556278733138e-12	17	0	0	37	5448
SM00147	RasGEF	0.999999999994683	-5.31676188438858e-12	8	0	0	37	5448
SM00547	ZnF_RBZ	0.999999999994683	-5.31676188438858e-12	8	0	0	37	5448
SM00333	TUDOR	0.999999999994683	-5.31676188438858e-12	8	0	0	37	5448
SM00458	RICIN	0.999999999994683	-5.31676188438858e-12	8	0	0	37	5448
SM00667	LisH	0.999999999994683	-5.31676188438858e-12	8	0	0	37	5448
SM00082	LRRCT	0.999999999994683	-5.31676188438858e-12	8	0	0	37	5448
SM00285	PBD	0.999999999994683	-5.31676188438858e-12	8	0	0	37	5448
SM00274	FOLN	0.999999999994683	-5.31676188438858e-12	8	0	0	37	5448
SM01190	EMP24_GP25L	0.999999999994683	-5.31676188438858e-12	8	0	0	37	5448
SM00413	ETS	0.999999999994683	-5.31676188438858e-12	8	0	0	37	5448
SM00358	DSRM	0.999999999994683	-5.31676188438858e-12	8	0	0	37	5448
SM00524	DWB	0.999999999994683	-5.31676188438858e-12	8	0	0	37	5448
SM01349	TOG	0.999999999994683	-5.31676188438858e-12	8	0	0	37	5448
SM00918	Lig_chan-Glu_bd	0.999999999995163	-4.83727510599855e-12	9	0	0	37	5448
SM00848	Inhibitor_I29	0.999999999995163	-4.83727510599855e-12	9	0	0	37	5448
SM00595	MADF	0.999999999995163	-4.83727510599855e-12	9	0	0	37	5448
SM00328	BPI1	0.999999999995163	-4.83727510599855e-12	9	0	0	37	5448
SM00314	RA	0.999999999995163	-4.83727510599855e-12	9	0	0	37	5448
SM00494	ChtBD2	0.999999999995163	-4.83727510599855e-12	9	0	0	37	5448
SM00471	HDc	0.999999999995163	-4.83727510599855e-12	9	0	0	37	5448
SM00072	GuKc	0.999999999995163	-4.83727510599855e-12	9	0	0	37	5448
SM00049	DEP	0.999999999995163	-4.83727510599855e-12	9	0	0	37	5448
SM01117	Cyt-b5	0.999999999995163	-4.83727510599855e-12	9	0	0	37	5448
SM00119	HECTc	0.999999999995163	-4.83727510599855e-12	9	0	0	37	5448
SM00428	H3	0.999999999995163	-4.83727510599855e-12	9	0	0	37	5448
SM00702	P4Hc	0.999999999995163	-4.83727510599855e-12	9	0	0	37	5448
SM00451	ZnF_U1	0.999999999995163	-4.83727510599855e-12	9	0	0	37	5448
SM01189	ELM2	0.999999999995163	-4.83727510599855e-12	9	0	0	37	5448
SM00015	IQ	0.999999999995163	-4.83727510599855e-12	9	0	0	37	5448
SM00079	PBPe	0.999999999995163	-4.83727510599855e-12	9	0	0	37	5448
SM00724	TLC	0.999999999995163	-4.83727510599855e-12	9	0	0	37	5448
SM00061	MATH	0.999999999995222	-4.77837523418974e-12	75	0	0	37	5448
SM00913	IBN_N	0.999999999995386	-4.61367331234246e-12	4	0	0	37	5448
SM00115	CASc	0.999999999995386	-4.61367331234246e-12	4	0	0	37	5448
SM00429	IPT	0.999999999995386	-4.61367331234246e-12	4	0	0	37	5448
SM00145	PI3Ka	0.999999999995386	-4.61367331234246e-12	4	0	0	37	5448
SM00474	35EXOc	0.999999999995386	-4.61367331234246e-12	4	0	0	37	5448
SM00642	Aamy	0.999999999995386	-4.61367331234246e-12	4	0	0	37	5448
SM00745	MIT	0.999999999995386	-4.61367331234246e-12	4	0	0	37	5448
SM00427	H2B	0.999999999995386	-4.61367331234246e-12	4	0	0	37	5448
SM01330	Frizzled	0.999999999995386	-4.61367331234246e-12	4	0	0	37	5448
SM00674	CENPB	0.999999999995386	-4.61367331234246e-12	4	0	0	37	5448
SM00485	XPGN	0.999999999995386	-4.61367331234246e-12	4	0	0	37	5448
SM00444	GYF	0.999999999995386	-4.61367331234246e-12	4	0	0	37	5448
SM00889	EFG_IV	0.999999999995386	-4.61367331234246e-12	4	0	0	37	5448
SM00678	WWE	0.999999999995386	-4.61367331234246e-12	4	0	0	37	5448
SM00679	CTNS	0.999999999995386	-4.61367331234246e-12	4	0	0	37	5448
SM00258	SAND	0.999999999995386	-4.61367331234246e-12	4	0	0	37	5448
SM00102	ADF	0.999999999995386	-4.61367331234246e-12	4	0	0	37	5448
SM00279	HhH2	0.999999999995386	-4.61367331234246e-12	4	0	0	37	5448
SM00534	MUTSac	0.999999999995386	-4.61367331234246e-12	4	0	0	37	5448
SM00846	Gp_dh_N	0.999999999995386	-4.61367331234246e-12	4	0	0	37	5448
SM00246	WH2	0.999999999995386	-4.61367331234246e-12	4	0	0	37	5448
SM00390	GoLoco	0.999999999995386	-4.61367331234246e-12	4	0	0	37	5448
SM01195	FA	0.999999999995386	-4.61367331234246e-12	4	0	0	37	5448
SM00666	PB1	0.999999999995386	-4.61367331234246e-12	4	0	0	37	5448
SM00217	WAP	0.999999999995386	-4.61367331234246e-12	4	0	0	37	5448
SM00027	EH	0.999999999995386	-4.61367331234246e-12	4	0	0	37	5448
SM00546	CUE	0.999999999995386	-4.61367331234246e-12	4	0	0	37	5448
SM00584	TLDc	0.999999999995386	-4.61367331234246e-12	4	0	0	37	5448
SM00446	LRRcap	0.999999999995386	-4.61367331234246e-12	4	0	0	37	5448
SM01343	FATC	0.999999999995386	-4.61367331234246e-12	4	0	0	37	5448
SM01053	CaMBD	0.999999999995386	-4.61367331234246e-12	4	0	0	37	5448
SM00484	XPGI	0.999999999995386	-4.61367331234246e-12	4	0	0	37	5448
SM00050	DISIN	0.999999999995386	-4.61367331234246e-12	4	0	0	37	5448
SM01388	Mob1_phocein	0.999999999995386	-4.61367331234246e-12	4	0	0	37	5448
SM00288	VHS	0.999999999995386	-4.61367331234246e-12	4	0	0	37	5448
SM00604	MD	0.999999999995386	-4.61367331234246e-12	4	0	0	37	5448
SM00335	ANX	0.999999999995386	-4.61367331234246e-12	4	0	0	37	5448
SM00013	LRRNT	0.999999999995386	-4.61367331234246e-12	4	0	0	37	5448
SM00281	LamB	0.999999999995386	-4.61367331234246e-12	4	0	0	37	5448
SM00727	STI1	0.999999999995386	-4.61367331234246e-12	4	0	0	37	5448
SM00387	HATPase_c	0.999999999995386	-4.61367331234246e-12	4	0	0	37	5448
SM00557	IG_FLMN	0.999999999995386	-4.61367331234246e-12	4	0	0	37	5448
SM00439	BAH	0.999999999995386	-4.61367331234246e-12	4	0	0	37	5448
SM00533	MUTSd	0.999999999995386	-4.61367331234246e-12	4	0	0	37	5448
SM01027	Beta-Casp	0.999999999995386	-4.61367331234246e-12	4	0	0	37	5448
SM00224	GGL	0.999999999995386	-4.61367331234246e-12	4	0	0	37	5448
SM01026	Beach	0.999999999995386	-4.61367331234246e-12	4	0	0	37	5448
SM00440	ZnF_C2C2	0.999999999995386	-4.61367331234246e-12	4	0	0	37	5448
SM01372	E2F_TDP	0.999999999995386	-4.61367331234246e-12	4	0	0	37	5448
SM00568	GRAM	0.999999999995386	-4.61367331234246e-12	4	0	0	37	5448
SM00248	ANK	0.9999999999961	-3.89965569168856e-12	77	0	0	37	5448
SM01052	CAP_GLY	0.999999999996202	-3.79788089855311e-12	5	0	0	37	5448
SM00097	WNT1	0.999999999996202	-3.79788089855311e-12	5	0	0	37	5448
SM00879	Brix	0.999999999996202	-3.79788089855311e-12	5	0	0	37	5448
SM00005	DEATH	0.999999999996202	-3.79788089855311e-12	5	0	0	37	5448
SM00136	LamNT	0.999999999996202	-3.79788089855311e-12	5	0	0	37	5448
SM00503	SynN	0.999999999996202	-3.79788089855311e-12	5	0	0	37	5448
SM00638	LPD_N	0.999999999996202	-3.79788089855311e-12	5	0	0	37	5448
SM00357	CSP	0.999999999996202	-3.79788089855311e-12	5	0	0	37	5448
SM00423	PSI	0.999999999996202	-3.79788089855311e-12	5	0	0	37	5448
SM00036	CNH	0.999999999996202	-3.79788089855311e-12	5	0	0	37	5448
SM00582	RPR	0.999999999996202	-3.79788089855311e-12	5	0	0	37	5448
SM00577	CPDc	0.999999999996202	-3.79788089855311e-12	5	0	0	37	5448
SM00968	SMC_hinge	0.999999999996202	-3.79788089855311e-12	5	0	0	37	5448
SM00502	BBC	0.999999999996202	-3.79788089855311e-12	5	0	0	37	5448
SM00501	BRIGHT	0.999999999996202	-3.79788089855311e-12	5	0	0	37	5448
SM00014	acidPPc	0.999999999996202	-3.79788089855311e-12	5	0	0	37	5448
SM00222	Sec7	0.999999999996202	-3.79788089855311e-12	5	0	0	37	5448
SM00063	FRI	0.999999999996202	-3.79788089855311e-12	5	0	0	37	5448
SM00630	Sema	0.999999999996202	-3.79788089855311e-12	5	0	0	37	5448
SM00204	TGFB	0.999999999996202	-3.79788089855311e-12	5	0	0	37	5448
SM00461	WH1	0.999999999996202	-3.79788089855311e-12	5	0	0	37	5448
SM01163	DUF1785	0.999999999996202	-3.79788089855311e-12	5	0	0	37	5448
SM00186	FBG	0.999999999996202	-3.79788089855311e-12	5	0	0	37	5448
SM00670	PINc	0.999999999996202	-3.79788089855311e-12	5	0	0	37	5448
SM01230	Gln-synt_C	0.999999999996202	-3.79788089855311e-12	5	0	0	37	5448
SM01411	Ephrin_rec_like	0.999999999996202	-3.79788089855311e-12	5	0	0	37	5448
SM00486	POLBc	0.999999999996202	-3.79788089855311e-12	5	0	0	37	5448
SM00721	BAR	0.999999999996202	-3.79788089855311e-12	5	0	0	37	5448
SM00205	THN	0.999999999996202	-3.79788089855311e-12	5	0	0	37	5448
SM00801	dDENN	0.999999999996202	-3.79788089855311e-12	5	0	0	37	5448
SM00710	PbH1	0.999999999996202	-3.79788089855311e-12	5	0	0	37	5448
SM00120	HX	0.999999999996202	-3.79788089855311e-12	5	0	0	37	5448
SM01169	DUF1943	0.999999999996202	-3.79788089855311e-12	5	0	0	37	5448
SM00799	DENN	0.999999999996202	-3.79788089855311e-12	5	0	0	37	5448
SM00739	KOW	0.999999999996202	-3.79788089855311e-12	5	0	0	37	5448
SM00878	Biotin_carb_C	0.999999999996202	-3.79788089855311e-12	5	0	0	37	5448
SM00614	ZnF_BED	0.999999999996202	-3.79788089855311e-12	5	0	0	37	5448
SM00730	PSN	0.999999999996202	-3.79788089855311e-12	5	0	0	37	5448
SM00414	H2A	0.999999999996202	-3.79788089855311e-12	5	0	0	37	5448
SM00257	LysM	0.999999999996202	-3.79788089855311e-12	5	0	0	37	5448
SM00290	ZnF_UBP	0.999999999996202	-3.79788089855311e-12	5	0	0	37	5448
SM00045	DAGKa	0.999999999996202	-3.79788089855311e-12	5	0	0	37	5448
SM00861	Transket_pyr	0.999999999996202	-3.79788089855311e-12	5	0	0	37	5448
SM00367	LRR_CC	0.999999999996202	-3.79788089855311e-12	5	0	0	37	5448
SM00800	uDENN	0.999999999996202	-3.79788089855311e-12	5	0	0	37	5448
SM00128	IPPc	0.999999999996202	-3.79788089855311e-12	5	0	0	37	5448
SM00184	RING	0.999999999996381	-3.61937245090192e-12	113	0	0	37	5448
SM00356	ZnF_C3H1	0.999999999997038	-2.96215520866784e-12	32	0	0	37	5448
SM00198	SCP	0.999999999997038	-2.96215520866784e-12	32	0	0	37	5448
SM00233	PH	0.999999999997242	-2.75773729923738e-12	66	0	0	37	5448
SM00558	JmjC	0.999999999997315	-2.6850286614198e-12	12	0	0	37	5448
SM00849	Lactamase_B	0.999999999997315	-2.6850286614198e-12	12	0	0	37	5448
SM00829	PKS_ER	0.999999999997315	-2.6850286614198e-12	12	0	0	37	5448
SM00230	CysPc	0.999999999997315	-2.6850286614198e-12	12	0	0	37	5448
SM00315	RGS	0.999999999997424	-2.5759484227793e-12	18	0	0	37	5448
SM00339	FH	0.999999999997424	-2.5759484227793e-12	18	0	0	37	5448
SM00949	PAZ	0.999999999997424	-2.5759484227793e-12	18	0	0	37	5448
SM00242	MYSc	0.999999999997424	-2.5759484227793e-12	18	0	0	37	5448
SM00295	B41	0.999999999997424	-2.5759484227793e-12	18	0	0	37	5448
SM00385	CYCLIN	0.999999999997424	-2.5759484227793e-12	18	0	0	37	5448
SM00326	SH3	0.999999999998536	-1.46438598767334e-12	57	0	0	37	5448
SM00706	TECPR	0.99999999999949	-5.10334829950665e-13	1	0	0	37	5448
SM01371	TFIIA	0.99999999999949	-5.10334829950665e-13	1	0	0	37	5448
SM00853	MutL_C	0.99999999999949	-5.10334829950665e-13	1	0	0	37	5448
SM01030	BHD_1	0.99999999999949	-5.10334829950665e-13	1	0	0	37	5448
SM00682	G2F	0.99999999999949	-5.10334829950665e-13	1	0	0	37	5448
SM00538	POP4	0.99999999999949	-5.10334829950665e-13	1	0	0	37	5448
SM00874	B5	0.99999999999949	-5.10334829950665e-13	1	0	0	37	5448
SM01398	Cornichon	0.99999999999949	-5.10334829950665e-13	1	0	0	37	5448
SM01016	Arg_tRNA_synt_N	0.99999999999949	-5.10334829950665e-13	1	0	0	37	5448
SM00465	GIYc	0.99999999999949	-5.10334829950665e-13	1	0	0	37	5448
SM01193	Enolase_N	0.99999999999949	-5.10334829950665e-13	1	0	0	37	5448
SM00510	TFS2M	0.99999999999949	-5.10334829950665e-13	1	0	0	37	5448
SM01296	N2227	0.99999999999949	-5.10334829950665e-13	1	0	0	37	5448
SM00469	WIF	0.99999999999949	-5.10334829950665e-13	1	0	0	37	5448
SM00986	UDG	0.99999999999949	-5.10334829950665e-13	1	0	0	37	5448
SM00518	AP2Ec	0.99999999999949	-5.10334829950665e-13	1	0	0	37	5448
SM01033	BING4CT	0.99999999999949	-5.10334829950665e-13	1	0	0	37	5448
SM01024	BCS1_N	0.99999999999949	-5.10334829950665e-13	1	0	0	37	5448
SM01233	HABP4_PAI-RBP1	0.99999999999949	-5.10334829950665e-13	1	0	0	37	5448
SM00121	IB	0.99999999999949	-5.10334829950665e-13	1	0	0	37	5448
SM00417	H4	0.99999999999949	-5.10334829950665e-13	1	0	0	37	5448
SM00206	NTR	0.99999999999949	-5.10334829950665e-13	1	0	0	37	5448
SM00653	eIF2B_5	0.99999999999949	-5.10334829950665e-13	1	0	0	37	5448
SM00746	TRASH	0.99999999999949	-5.10334829950665e-13	1	0	0	37	5448
SM00882	CoA_trans	0.99999999999949	-5.10334829950665e-13	1	0	0	37	5448
SM00187	INB	0.99999999999949	-5.10334829950665e-13	1	0	0	37	5448
SM00937	PCRF	0.99999999999949	-5.10334829950665e-13	1	0	0	37	5448
SM00567	EZ_HEAT	0.99999999999949	-5.10334829950665e-13	1	0	0	37	5448
SM00919	Malic_M	0.99999999999949	-5.10334829950665e-13	1	0	0	37	5448
SM01168	DUF1907	0.99999999999949	-5.10334829950665e-13	1	0	0	37	5448
SM00698	MORN	0.99999999999949	-5.10334829950665e-13	1	0	0	37	5448
SM00635	BID_2	0.99999999999949	-5.10334829950665e-13	1	0	0	37	5448
SM01359	A2M_N_2	0.99999999999949	-5.10334829950665e-13	1	0	0	37	5448
SM01386	Ribosomal_S13_N	0.99999999999949	-5.10334829950665e-13	1	0	0	37	5448
SM00761	HDAC_interact	0.99999999999949	-5.10334829950665e-13	1	0	0	37	5448
SM01285	FACT-Spt16_Nlob	0.99999999999949	-5.10334829950665e-13	1	0	0	37	5448
SM01085	CK_II_beta	0.99999999999949	-5.10334829950665e-13	1	0	0	37	5448
SM01241	Integrin_b_cyt	0.99999999999949	-5.10334829950665e-13	1	0	0	37	5448
SM00455	RBD	0.99999999999949	-5.10334829950665e-13	1	0	0	37	5448
SM01144	DTW	0.99999999999949	-5.10334829950665e-13	1	0	0	37	5448
SM01031	BHD_2	0.99999999999949	-5.10334829950665e-13	1	0	0	37	5448
SM01125	DCP2	0.99999999999949	-5.10334829950665e-13	1	0	0	37	5448
SM01000	Aha1_N	0.99999999999949	-5.10334829950665e-13	1	0	0	37	5448
SM01074	Cdc6_C	0.99999999999949	-5.10334829950665e-13	1	0	0	37	5448
SM00676	DM10	0.99999999999949	-5.10334829950665e-13	1	0	0	37	5448
SM01210	GARS_C	0.99999999999949	-5.10334829950665e-13	1	0	0	37	5448
SM01265	Mab-21	0.99999999999949	-5.10334829950665e-13	1	0	0	37	5448
SM00685	DM14	0.99999999999949	-5.10334829950665e-13	1	0	0	37	5448
SM01124	DBR1	0.99999999999949	-5.10334829950665e-13	1	0	0	37	5448
SM01384	Ribosomal_L15e	0.99999999999949	-5.10334829950665e-13	1	0	0	37	5448
SM00803	TAF	0.99999999999949	-5.10334829950665e-13	1	0	0	37	5448
SM00709	Zpr1	0.99999999999949	-5.10334829950665e-13	1	0	0	37	5448
SM00588	NEUZ	0.99999999999949	-5.10334829950665e-13	1	0	0	37	5448
SM01350	6PGD	0.99999999999949	-5.10334829950665e-13	1	0	0	37	5448
SM00143	PI3K_p85B	0.99999999999949	-5.10334829950665e-13	1	0	0	37	5448
SM01254	KLRAQ	0.99999999999949	-5.10334829950665e-13	1	0	0	37	5448
SM00692	DM3	0.99999999999949	-5.10334829950665e-13	1	0	0	37	5448
SM01416	Ribosomal_L19e	0.99999999999949	-5.10334829950665e-13	1	0	0	37	5448
SM01272	LsmAD	0.99999999999949	-5.10334829950665e-13	1	0	0	37	5448
SM01075	CDT1	0.99999999999949	-5.10334829950665e-13	1	0	0	37	5448
SM01152	DUF167	0.99999999999949	-5.10334829950665e-13	1	0	0	37	5448
SM00226	LMWPc	0.99999999999949	-5.10334829950665e-13	1	0	0	37	5448
SM01281	Med12	0.99999999999949	-5.10334829950665e-13	1	0	0	37	5448
SM01136	DKCLD	0.99999999999949	-5.10334829950665e-13	1	0	0	37	5448
SM01153	DUF1693	0.99999999999949	-5.10334829950665e-13	1	0	0	37	5448
SM01293	DUF3402	0.99999999999949	-5.10334829950665e-13	1	0	0	37	5448
SM01368	RB_A	0.99999999999949	-5.10334829950665e-13	1	0	0	37	5448
SM00707	RPEL	0.99999999999949	-5.10334829950665e-13	1	0	0	37	5448
SM00654	eIF6	0.99999999999949	-5.10334829950665e-13	1	0	0	37	5448
SM00798	AICARFT_IMPCHas	0.99999999999949	-5.10334829950665e-13	1	0	0	37	5448
SM00993	YL1_C	0.99999999999949	-5.10334829950665e-13	1	0	0	37	5448
SM01192	Enolase_C	0.99999999999949	-5.10334829950665e-13	1	0	0	37	5448
SM01028	Beta-TrCP_D	0.99999999999949	-5.10334829950665e-13	1	0	0	37	5448
SM01183	EF1G	0.99999999999949	-5.10334829950665e-13	1	0	0	37	5448
SM00995	AD	0.99999999999949	-5.10334829950665e-13	1	0	0	37	5448
SM00683	DM16	0.99999999999949	-5.10334829950665e-13	1	0	0	37	5448
SM01036	BP28CT	0.99999999999949	-5.10334829950665e-13	1	0	0	37	5448
SM01278	MAPKK1_Int	0.99999999999949	-5.10334829950665e-13	1	0	0	37	5448
SM00859	Semialdhyde_dh	0.99999999999949	-5.10334829950665e-13	1	0	0	37	5448
SM01206	Fibrillarin	0.99999999999949	-5.10334829950665e-13	1	0	0	37	5448
SM01328	zf-3CxxC	0.99999999999949	-5.10334829950665e-13	1	0	0	37	5448
SM00990	VRR_NUC	0.99999999999949	-5.10334829950665e-13	1	0	0	37	5448
SM00321	WSC	0.99999999999949	-5.10334829950665e-13	1	0	0	37	5448
SM00541	FYRN	0.99999999999949	-5.10334829950665e-13	1	0	0	37	5448
SM00733	Mterf	0.99999999999949	-5.10334829950665e-13	1	0	0	37	5448
SM01083	Cir_N	0.99999999999949	-5.10334829950665e-13	1	0	0	37	5448
SM01199	FDF	0.99999999999949	-5.10334829950665e-13	1	0	0	37	5448
SM01393	Ribosomal_L32e	0.99999999999949	-5.10334829950665e-13	1	0	0	37	5448
SM00812	Alpha_L_fucos	0.99999999999949	-5.10334829950665e-13	1	0	0	37	5448
SM01069	CDC37_C	0.99999999999949	-5.10334829950665e-13	1	0	0	37	5448
SM01098	CPSF73-100_C	0.99999999999949	-5.10334829950665e-13	1	0	0	37	5448
SM00883	Cpn10	0.99999999999949	-5.10334829950665e-13	1	0	0	37	5448
SM01035	BOP1NT	0.99999999999949	-5.10334829950665e-13	1	0	0	37	5448
SM01047	C1_4	0.99999999999949	-5.10334829950665e-13	1	0	0	37	5448
SM01314	SnAC	0.99999999999949	-5.10334829950665e-13	1	0	0	37	5448
SM00477	NUC	0.99999999999949	-5.10334829950665e-13	1	0	0	37	5448
SM00904	Flavokinase	0.99999999999949	-5.10334829950665e-13	1	0	0	37	5448
SM00828	PKS_MT	0.99999999999949	-5.10334829950665e-13	1	0	0	37	5448
SM01395	Tbf5	0.99999999999949	-5.10334829950665e-13	1	0	0	37	5448
SM01032	BHD_3	0.99999999999949	-5.10334829950665e-13	1	0	0	37	5448
SM00278	HhH1	0.99999999999949	-5.10334829950665e-13	1	0	0	37	5448
SM00006	A4_EXTRA	0.99999999999949	-5.10334829950665e-13	1	0	0	37	5448
SM00435	TOPEUc	0.99999999999949	-5.10334829950665e-13	1	0	0	37	5448
SM00737	ML	0.99999999999949	-5.10334829950665e-13	1	0	0	37	5448
SM00536	AXH	0.99999999999949	-5.10334829950665e-13	1	0	0	37	5448
SM01071	CDC37_N	0.99999999999949	-5.10334829950665e-13	1	0	0	37	5448
SM00777	Mad3_BUB1_I	0.99999999999949	-5.10334829950665e-13	1	0	0	37	5448
SM00509	TFS2N	0.99999999999949	-5.10334829950665e-13	1	0	0	37	5448
SM01307	RICTOR_M	0.99999999999949	-5.10334829950665e-13	1	0	0	37	5448
SM01001	AIRC	0.99999999999949	-5.10334829950665e-13	1	0	0	37	5448
SM00826	PKS_DH	0.99999999999949	-5.10334829950665e-13	1	0	0	37	5448
SM00870	Asparaginase	0.99999999999949	-5.10334829950665e-13	1	0	0	37	5448
SM00426	TEA	0.99999999999949	-5.10334829950665e-13	1	0	0	37	5448
SM01347	Mre11_DNA_bind	0.99999999999949	-5.10334829950665e-13	1	0	0	37	5448
SM00542	FYRC	0.99999999999949	-5.10334829950665e-13	1	0	0	37	5448
SM00478	ENDO3c	0.99999999999949	-5.10334829950665e-13	1	0	0	37	5448
SM00932	Nfu_N	0.99999999999949	-5.10334829950665e-13	1	0	0	37	5448
SM01115	cwf21	0.99999999999949	-5.10334829950665e-13	1	0	0	37	5448
SM00505	Knot1	0.99999999999949	-5.10334829950665e-13	1	0	0	37	5448
SM01377	Ribosomal_L40e	0.99999999999949	-5.10334829950665e-13	1	0	0	37	5448
SM01346	DUF3385	0.99999999999949	-5.10334829950665e-13	1	0	0	37	5448
SM01380	Ribosomal_L31e	0.99999999999949	-5.10334829950665e-13	1	0	0	37	5448
SM00738	NGN	0.99999999999949	-5.10334829950665e-13	1	0	0	37	5448
SM01118	CYTH	0.99999999999949	-5.10334829950665e-13	1	0	0	37	5448
SM01181	E2_bind	0.99999999999949	-5.10334829950665e-13	1	0	0	37	5448
SM01044	Btz	0.99999999999949	-5.10334829950665e-13	1	0	0	37	5448
SM01051	CAMSAP_CKK	0.99999999999949	-5.10334829950665e-13	1	0	0	37	5448
SM00062	PBPb	0.99999999999949	-5.10334829950665e-13	1	0	0	37	5448
SM00632	Aamy_C	0.99999999999949	-5.10334829950665e-13	1	0	0	37	5448
SM00892	Endonuclease_NS	0.99999999999949	-5.10334829950665e-13	1	0	0	37	5448
SM00929	NADH-G_4Fe-4S_3	0.99999999999949	-5.10334829950665e-13	1	0	0	37	5448
SM00459	Sorb	0.99999999999949	-5.10334829950665e-13	1	0	0	37	5448
SM00839	ELFV_dehydrog	0.99999999999949	-5.10334829950665e-13	1	0	0	37	5448
SM01102	CRM1_C	0.99999999999949	-5.10334829950665e-13	1	0	0	37	5448
SM00555	GIT	0.99999999999949	-5.10334829950665e-13	1	0	0	37	5448
SM01122	DBC1	0.99999999999949	-5.10334829950665e-13	1	0	0	37	5448
SM00984	UDPG_MGDP_dh_C	0.99999999999949	-5.10334829950665e-13	1	0	0	37	5448
SM01097	CPSase_sm_chain	0.99999999999949	-5.10334829950665e-13	1	0	0	37	5448
SM01100	CRAL_TRIO_N	0.99999999999949	-5.10334829950665e-13	1	0	0	37	5448
SM01405	Ribosomal_S6e	0.99999999999949	-5.10334829950665e-13	1	0	0	37	5448
SM01165	DUF1866	0.99999999999949	-5.10334829950665e-13	1	0	0	37	5448
SM00951	QLQ	0.99999999999949	-5.10334829950665e-13	1	0	0	37	5448
SM00659	RPOLCX	0.99999999999949	-5.10334829950665e-13	1	0	0	37	5448
SM01280	Mcm10	0.99999999999949	-5.10334829950665e-13	1	0	0	37	5448
SM01242	Integrin_B_tail	0.99999999999949	-5.10334829950665e-13	1	0	0	37	5448
SM01292	N1221	0.99999999999949	-5.10334829950665e-13	1	0	0	37	5448
SM01133	DeoC	0.99999999999949	-5.10334829950665e-13	1	0	0	37	5448
SM01402	Ribosomal_S27	0.99999999999949	-5.10334829950665e-13	1	0	0	37	5448
SM00804	TAP_C	0.99999999999949	-5.10334829950665e-13	1	0	0	37	5448
SM01219	Frataxin_Cyay	0.99999999999949	-5.10334829950665e-13	1	0	0	37	5448
SM00788	Adenylsucc_synt	0.99999999999949	-5.10334829950665e-13	1	0	0	37	5448
SM00553	SEP	0.99999999999949	-5.10334829950665e-13	1	0	0	37	5448
SM01361	A2M_recep	0.99999999999949	-5.10334829950665e-13	1	0	0	37	5448
SM01018	B12-binding_2	0.99999999999949	-5.10334829950665e-13	1	0	0	37	5448
SM00750	KIND	0.99999999999949	-5.10334829950665e-13	1	0	0	37	5448
SM01273	Mago-bind	0.99999999999949	-5.10334829950665e-13	1	0	0	37	5448
SM01176	DUF4208	0.99999999999949	-5.10334829950665e-13	1	0	0	37	5448
SM00318	SNc	0.99999999999949	-5.10334829950665e-13	1	0	0	37	5448
SM00548	IRO	0.99999999999949	-5.10334829950665e-13	1	0	0	37	5448
SM01385	DSS1_SEM1	0.99999999999949	-5.10334829950665e-13	1	0	0	37	5448
SM01096	CPSase_L_D3	0.99999999999949	-5.10334829950665e-13	1	0	0	37	5448
SM01137	DMAP_binding	0.99999999999949	-5.10334829950665e-13	1	0	0	37	5448
SM00265	BH4	0.99999999999949	-5.10334829950665e-13	1	0	0	37	5448
SM01268	BTD	0.99999999999949	-5.10334829950665e-13	1	0	0	37	5448
SM01302	Raptor_N	0.99999999999949	-5.10334829950665e-13	1	0	0	37	5448
SM00293	PWWP	0.99999999999949	-5.10334829950665e-13	1	0	0	37	5448
SM00643	C345C	0.99999999999949	-5.10334829950665e-13	1	0	0	37	5448
SM01397	Ribosomal_S3Ae	0.99999999999949	-5.10334829950665e-13	1	0	0	37	5448
SM00506	A1pp	0.99999999999949	-5.10334829950665e-13	1	0	0	37	5448
SM01159	DUF1744	0.99999999999949	-5.10334829950665e-13	1	0	0	37	5448
SM00719	Plus3	0.99999999999949	-5.10334829950665e-13	1	0	0	37	5448
SM01396	BC10	0.99999999999949	-5.10334829950665e-13	1	0	0	37	5448
SM00811	Alpha_kinase	0.99999999999949	-5.10334829950665e-13	1	0	0	37	5448
SM00808	FABD	0.99999999999949	-5.10334829950665e-13	1	0	0	37	5448
SM00742	Hr1	0.99999999999949	-5.10334829950665e-13	1	0	0	37	5448
SM00658	RPOL8c	0.99999999999949	-5.10334829950665e-13	1	0	0	37	5448
SM00762	Cog4	0.99999999999949	-5.10334829950665e-13	1	0	0	37	5448
SM01249	KASH	0.99999999999949	-5.10334829950665e-13	1	0	0	37	5448
SM01286	SPT16	0.99999999999949	-5.10334829950665e-13	1	0	0	37	5448
SM00967	SpoU_sub_bind	0.99999999999949	-5.10334829950665e-13	1	0	0	37	5448
SM01220	FSA_C	0.99999999999949	-5.10334829950665e-13	1	0	0	37	5448
SM00997	AdoHcyase_NAD	0.99999999999949	-5.10334829950665e-13	1	0	0	37	5448
SM01214	Fmp27_GFWDK	0.99999999999949	-5.10334829950665e-13	1	0	0	37	5448
SM01284	ECSIT_Cterm	0.99999999999949	-5.10334829950665e-13	1	0	0	37	5448
SM01360	A2M	0.99999999999949	-5.10334829950665e-13	1	0	0	37	5448
SM01179	DUF862	0.99999999999949	-5.10334829950665e-13	1	0	0	37	5448
SM00250	PLEC	0.99999999999949	-5.10334829950665e-13	1	0	0	37	5448
SM01013	APC2	0.99999999999949	-5.10334829950665e-13	1	0	0	37	5448
SM01291	N-SET	0.99999999999949	-5.10334829950665e-13	1	0	0	37	5448
SM01138	DP	0.99999999999949	-5.10334829950665e-13	1	0	0	37	5448
SM01313	Sec3-PIP2_bind	0.99999999999949	-5.10334829950665e-13	1	0	0	37	5448
SM00998	ADSL_C	0.99999999999949	-5.10334829950665e-13	1	0	0	37	5448
SM00946	ProRS-C_1	0.99999999999949	-5.10334829950665e-13	1	0	0	37	5448
SM00078	IlGF	0.99999999999949	-5.10334829950665e-13	1	0	0	37	5448
SM00934	OMPdecase	0.99999999999949	-5.10334829950665e-13	1	0	0	37	5448
SM01104	CTD	0.99999999999949	-5.10334829950665e-13	1	0	0	37	5448
SM00896	FDX-ACB	0.99999999999949	-5.10334829950665e-13	1	0	0	37	5448
SM00099	btg1	0.99999999999949	-5.10334829950665e-13	1	0	0	37	5448
SM01408	ING	0.99999999999949	-5.10334829950665e-13	1	0	0	37	5448
SM01250	KAT11	0.99999999999949	-5.10334829950665e-13	1	0	0	37	5448
SM00684	DM15	0.99999999999949	-5.10334829950665e-13	1	0	0	37	5448
SM00996	AdoHcyase	0.99999999999949	-5.10334829950665e-13	1	0	0	37	5448
SM00152	THY	0.99999999999949	-5.10334829950665e-13	1	0	0	37	5448
SM01020	B2-adapt-app_C	0.99999999999949	-5.10334829950665e-13	1	0	0	37	5448
SM01274	malic	0.99999999999949	-5.10334829950665e-13	1	0	0	37	5448
SM01077	Cg6151-P	0.99999999999949	-5.10334829950665e-13	1	0	0	37	5448
SM01335	PADR1	0.99999999999949	-5.10334829950665e-13	1	0	0	37	5448
SM00095	TR_THY	0.99999999999949	-5.10334829950665e-13	1	0	0	37	5448
SM01267	LAG1_DNAbind	0.99999999999949	-5.10334829950665e-13	1	0	0	37	5448
SM00711	TDU	0.99999999999949	-5.10334829950665e-13	1	0	0	37	5448
SM01387	Ribosomal_S15	0.99999999999949	-5.10334829950665e-13	1	0	0	37	5448
SM01156	DUF1716	0.99999999999949	-5.10334829950665e-13	1	0	0	37	5448
SM01308	RICTOR_N	0.99999999999949	-5.10334829950665e-13	1	0	0	37	5448
SM01087	COG6	0.99999999999949	-5.10334829950665e-13	1	0	0	37	5448
SM00531	TFIIE	0.99999999999949	-5.10334829950665e-13	1	0	0	37	5448
SM00515	eIF5C	0.99999999999949	-5.10334829950665e-13	1	0	0	37	5448
SM01389	Spt4	0.99999999999949	-5.10334829950665e-13	1	0	0	37	5448
SM01253	Kin17_mid	0.99999999999949	-5.10334829950665e-13	1	0	0	37	5448
SM00530	HTH_XRE	0.99999999999949	-5.10334829950665e-13	1	0	0	37	5448
SM00983	TPK_B1_binding	0.99999999999949	-5.10334829950665e-13	1	0	0	37	5448
SM01023	BAF	0.99999999999949	-5.10334829950665e-13	1	0	0	37	5448
SM01355	AP3B1_C	0.99999999999949	-5.10334829950665e-13	1	0	0	37	5448
SM01413	Ribosomal_S19e	0.99999999999949	-5.10334829950665e-13	1	0	0	37	5448
SM01311	RPOL_N	0.99999999999949	-5.10334829950665e-13	1	0	0	37	5448
SM00615	EPH_lbd	0.99999999999949	-5.10334829950665e-13	1	0	0	37	5448
SM01198	FBA	0.99999999999949	-5.10334829950665e-13	1	0	0	37	5448
SM01120	Dak2	0.99999999999949	-5.10334829950665e-13	1	0	0	37	5448
SM00549	TAFH	0.99999999999949	-5.10334829950665e-13	1	0	0	37	5448
SM00227	NEBU	0.99999999999949	-5.10334829950665e-13	1	0	0	37	5448
SM01076	CG-1	0.99999999999949	-5.10334829950665e-13	1	0	0	37	5448
SM01128	DDRGK	0.99999999999949	-5.10334829950665e-13	1	0	0	37	5448
SM01367	DUF3452	0.99999999999949	-5.10334829950665e-13	1	0	0	37	5448
SM01123	DBP10CT	0.99999999999949	-5.10334829950665e-13	1	0	0	37	5448
SM00734	ZnF_Rad18	0.99999999999949	-5.10334829950665e-13	1	0	0	37	5448
SM00208	TNFR	0.99999999999949	-5.10334829950665e-13	1	0	0	37	5448
SM00985	UBA_e1_C	0.99999999999949	-5.10334829950665e-13	1	0	0	37	5448
SM01039	BRICHOS	0.99999999999949	-5.10334829950665e-13	1	0	0	37	5448
SM01092	CO_deh_flav_C	0.99999999999949	-5.10334829950665e-13	1	0	0	37	5448
SM00554	FAS1	0.99999999999949	-5.10334829950665e-13	1	0	0	37	5448
SM01186	eIF3_N	0.99999999999949	-5.10334829950665e-13	1	0	0	37	5448
SM01180	DWNN	0.99999999999949	-5.10334829950665e-13	1	0	0	37	5448
SM00928	NADH_4Fe-4S	0.99999999999949	-5.10334829950665e-13	1	0	0	37	5448
SM01310	RICTOR_V	0.99999999999949	-5.10334829950665e-13	1	0	0	37	5448
SM01173	DUF4187	0.99999999999949	-5.10334829950665e-13	1	0	0	37	5448
SM00310	PTBI	0.99999999999949	-5.10334829950665e-13	1	0	0	37	5448
SM00131	KU	0.999999999999917	-8.27606148016724e-14	35	0	0	37	5448
SM00249	PHD	0.999999999999917	-8.27606148016724e-14	35	0	0	37	5448
SM00508	PostSET	0.999999999999942	-5.80930508989474e-14	6	0	0	37	5448
SM00838	EFG_C	0.999999999999942	-5.80930508989474e-14	6	0	0	37	5448
SM00884	Cullin_Nedd8	0.999999999999942	-5.80930508989474e-14	6	0	0	37	5448
SM00148	PLCXc	0.999999999999942	-5.80930508989474e-14	6	0	0	37	5448
SM00303	GPS	0.999999999999942	-5.80930508989474e-14	6	0	0	37	5448
SM00091	PAS	0.999999999999942	-5.80930508989474e-14	6	0	0	37	5448
SM00135	LY	0.999999999999942	-5.80930508989474e-14	6	0	0	37	5448
SM00539	NIDO	0.999999999999942	-5.80930508989474e-14	6	0	0	37	5448
SM01332	Cyclin_C	0.999999999999942	-5.80930508989474e-14	6	0	0	37	5448
SM00593	RUN	0.999999999999942	-5.80930508989474e-14	6	0	0	37	5448
SM00211	TY	0.999999999999942	-5.80930508989474e-14	6	0	0	37	5448
SM00008	HormR	0.999999999999942	-5.80930508989474e-14	6	0	0	37	5448
SM00543	MIF4G	0.999999999999942	-5.80930508989474e-14	6	0	0	37	5448
SM00316	S1	0.999999999999942	-5.80930508989474e-14	6	0	0	37	5448
SM00155	PLDc	0.999999999999942	-5.80930508989474e-14	6	0	0	37	5448
SM01329	Iso_dh	0.999999999999942	-5.80930508989474e-14	6	0	0	37	5448
SM01109	CUT	0.999999999999942	-5.80930508989474e-14	6	0	0	37	5448
SM01375	Dynein_light	0.999999999999942	-5.80930508989474e-14	6	0	0	37	5448
SM00093	SERPIN	0.999999999999942	-5.80930508989474e-14	6	0	0	37	5448
SM00105	ArfGap	0.999999999999942	-5.80930508989474e-14	6	0	0	37	5448
SM00229	RasGEFN	0.999999999999942	-5.80930508989474e-14	6	0	0	37	5448
SM00591	RWD	0.999999999999942	-5.80930508989474e-14	6	0	0	37	5448
SM00855	PGAM	0.999999999999942	-5.80930508989474e-14	6	0	0	37	5448
SM00551	ZnF_TAZ	0.999999999999942	-5.80930508989474e-14	6	0	0	37	5448
SM00046	DAGKc	0.999999999999942	-5.80930508989474e-14	6	0	0	37	5448
SM00149	PLCYc	0.999999999999942	-5.80930508989474e-14	6	0	0	37	5448
SM01057	Carb_anhydrase	0.999999999999942	-5.80930508989474e-14	6	0	0	37	5448
SM00668	CTLH	0.999999999999942	-5.80930508989474e-14	6	0	0	37	5448
SM00350	MCM	0.999999999999942	-5.80930508989474e-14	6	0	0	37	5448
SM00537	DCX	0.999999999999942	-5.80930508989474e-14	6	0	0	37	5448
SM00720	calpain_III	0.999999999999942	-5.80930508989474e-14	6	0	0	37	5448
SM00729	Elp3	0.999999999999942	-5.80930508989474e-14	6	0	0	37	5448
SM00088	PINT	1.00000000000026	2.55950997592064e-13	13	0	0	37	5448
SM00613	PAW	1.00000000000026	2.55950997592064e-13	13	0	0	37	5448
SM00361	RRM_1	1.00000000000026	2.55950997592064e-13	13	0	0	37	5448
SM00401	ZnF_GATA	1.00000000000026	2.55950997592064e-13	13	0	0	37	5448
SM00631	Zn_pept	1.00000000000026	2.55950997592064e-13	13	0	0	37	5448
SM00714	LITAF	1.00000000000026	2.55950997592064e-13	13	0	0	37	5448
SM00875	BACK	1.00000000000026	2.55950997592064e-13	13	0	0	37	5448
SM00450	RHOD	1.00000000000026	2.55950997592064e-13	13	0	0	37	5448
SM00353	HLH	1.00000000000029	2.90473045498147e-13	36	0	0	37	5448
SM01196	FERM_C	1.00000000000045	4.45617819552228e-13	10	0	0	37	5448
SM00612	Kelch	1.00000000000045	4.45617819552228e-13	10	0	0	37	5448
SM00329	BPI2	1.00000000000045	4.45617819552228e-13	10	0	0	37	5448
SM00051	DSL	1.00000000000045	4.45617819552228e-13	10	0	0	37	5448
SM00351	PAX	1.00000000000045	4.45617819552228e-13	10	0	0	37	5448
SM01391	Filament	1.00000000000045	4.45617819552228e-13	10	0	0	37	5448
SM00479	EXOIII	1.00000000000045	4.45617819552228e-13	10	0	0	37	5448
SM00305	HintC	1.00000000000045	4.45617819552228e-13	10	0	0	37	5448
SM00240	FHA	1.00000000000045	4.45617819552228e-13	10	0	0	37	5448
SM00291	ZnF_ZZ	1.00000000000045	4.45617819552228e-13	10	0	0	37	5448
SM00146	PI3Kc	1.00000000000045	4.45617819552228e-13	10	0	0	37	5448
SM00185	ARM	1.00000000000045	4.45617819552228e-13	10	0	0	37	5448
SM00306	HintN	1.00000000000045	4.45617819552228e-13	10	0	0	37	5448
SM00025	Pumilio	1.00000000000116	1.15543907741762e-12	11	0	0	37	5448
SM00647	IBR	1.00000000000116	1.15543907741762e-12	11	0	0	37	5448
SM00180	EGF_Lam	1.00000000000116	1.15543907741762e-12	11	0	0	37	5448
SM00831	Cation_ATPase_N	1.00000000000116	1.15543907741762e-12	11	0	0	37	5448
SM00847	HA2	1.00000000000116	1.15543907741762e-12	11	0	0	37	5448
SM00312	PX	1.00000000000116	1.15543907741762e-12	11	0	0	37	5448
SM00343	ZnF_C2HC	1.00000000000116	1.15543907741762e-12	11	0	0	37	5448
SM00332	PP2Cc	1.00000000000116	1.15543907741762e-12	11	0	0	37	5448
SM00244	PHB	1.00000000000116	1.15543907741762e-12	11	0	0	37	5448
SM00301	DM	1.00000000000116	1.15543907741762e-12	11	0	0	37	5448
SM00268	ACTIN	1.00000000000116	1.15543907741762e-12	11	0	0	37	5448
SM00449	SPRY	1.00000000000116	1.15543907741762e-12	11	0	0	37	5448
SM00320	WD40	1.00000000000125	1.25176568884711e-12	127	0	0	37	5448
SM00324	RhoGAP	1.00000000000169	1.69441028235494e-12	23	0	0	37	5448
SM00741	SapB	1.00000000000169	1.69441028235494e-12	23	0	0	37	5448
SM00235	ZnMc	1.00000000000184	1.83748401310626e-12	46	0	0	37	5448
SM00209	TSP1	1.00000000000192	1.92407426503959e-12	28	0	0	37	5448
SM00225	BTB	1.00000000000226	2.25497534333478e-12	126	0	0	37	5448
SM00645	Pept_C1	1.00000000000243	2.43361212605827e-12	29	0	0	37	5448
SM00389	HOX	1.00000000000286	2.8609961205332e-12	96	0	0	37	5448
SM00156	PP2Ac	1.00000000000344	3.43628793371299e-12	45	0	0	37	5448
SM00194	PTPc	1.00000000000371	3.7113957428356e-12	78	0	0	37	5448
SM00523	DWA	1.00000000000395	3.94985600592956e-12	7	0	0	37	5448
SM00664	DoH	1.00000000000395	3.94985600592956e-12	7	0	0	37	5448
SM00948	Proteasome_A_N	1.00000000000395	3.94985600592956e-12	7	0	0	37	5448
SM00386	HAT	1.00000000000395	3.94985600592956e-12	7	0	0	37	5448
SM00396	ZnF_UBR1	1.00000000000395	3.94985600592956e-12	7	0	0	37	5448
SM00150	SPEC	1.00000000000395	3.94985600592956e-12	7	0	0	37	5448
SM00744	RINGv	1.00000000000395	3.94985600592956e-12	7	0	0	37	5448
SM00526	H15	1.00000000000395	3.94985600592956e-12	7	0	0	37	5448
SM00498	FH2	1.00000000000395	3.94985600592956e-12	7	0	0	37	5448
SM00165	UBA	1.00000000000395	3.94985600592956e-12	7	0	0	37	5448
SM00032	CCP	1.00000000000395	3.94985600592956e-12	7	0	0	37	5448
SM00055	FCH	1.00000000000395	3.94985600592956e-12	7	0	0	37	5448
SM00234	START	1.00000000000395	3.94985600592956e-12	7	0	0	37	5448
SM00513	SAP	1.00000000000395	3.94985600592956e-12	7	0	0	37	5448
SM00216	VWD	1.00000000000395	3.94985600592956e-12	7	0	0	37	5448
SM00182	CULLIN	1.00000000000395	3.94985600592956e-12	7	0	0	37	5448
SM00232	JAB_MPN	1.00000000000395	3.94985600592956e-12	7	0	0	37	5448
SM00583	SPK	1.00000000000459	4.59024005610162e-12	37	0	0	37	5448
SM00239	C2	1.00000000000465	4.64576425396507e-12	41	0	0	37	5448
SM00179	EGF_CA	1.00000000000465	4.64576425396507e-12	41	0	0	37	5448
SM00054	EFh	1.00000000000473	4.72861341443193e-12	53	0	0	37	5448
SM00252	SH2	1.00000000000473	4.72861341443193e-12	53	0	0	37	5448
SM00462	PTB	1.0000000000048	4.79629563262804e-12	16	0	0	37	5448
SM00717	SANT	1.0000000000048	4.79629563262804e-12	16	0	0	37	5448
SM00398	HMG	1.0000000000048	4.79629563262804e-12	16	0	0	37	5448
SM00064	FYVE	1.0000000000048	4.79629563262804e-12	16	0	0	37	5448
SM00864	Tubulin	1.0000000000048	4.79629563262804e-12	16	0	0	37	5448
SM00908	Gal-bind_lectin	1.00000000000486	4.85950683027121e-12	25	0	0	37	5448
SM00276	GLECT	1.00000000000486	4.85950683027121e-12	25	0	0	37	5448
SM00213	UBQ	1.00000000000486	4.85950683027121e-12	25	0	0	37	5448
SM01017	Arrestin_C	1.00000000000486	4.85950683027121e-12	25	0	0	37	5448
SM00042	CUB	1.0000000000049	4.90404487162123e-12	50	0	0	37	5448
SM00605	CW	1.0000000000049	4.90404487162123e-12	50	0	0	37	5448
SM00563	PlsC	1.00000000000508	5.07670741433832e-12	15	0	0	37	5448
SM00297	BROMO	1.00000000000508	5.07670741433832e-12	15	0	0	37	5448
SM00865	Tubulin_C	1.00000000000508	5.07670741433832e-12	15	0	0	37	5448
SM00703	NRF	1.00000000000508	5.07670741433832e-12	15	0	0	37	5448
SM00109	C1	1.00000000000518	5.17648720501815e-12	31	0	0	37	5448
SM00636	Glyco_18	1.00000000000518	5.17648720501815e-12	31	0	0	37	5448
SM00327	VWA	1.00000000000547	5.47041296378571e-12	43	0	0	37	5448
SM00404	PTPc_motif	1.00000000000562	5.62242724371589e-12	88	0	0	37	5448
SM00336	BBOX	1.00000000000606	6.05711461416979e-12	21	0	0	37	5448
SM00473	PAN_AP	1.00000000000606	6.05711461416979e-12	21	0	0	37	5448
SM00425	TBOX	1.00000000000606	6.05711461416979e-12	21	0	0	37	5448
SM00129	KISc	1.00000000000644	6.44447224671181e-12	19	0	0	37	5448
SM00292	BRCT	1.00000000000644	6.44447224671181e-12	19	0	0	37	5448
SM00456	WW	1.00000000000644	6.44447224671181e-12	19	0	0	37	5448
SM00275	G_alpha	1.00000000000698	6.98263718156385e-12	22	0	0	37	5448
SM00512	Skp1	1.00000000000698	6.98263718156385e-12	22	0	0	37	5448
SM01088	Col_cuticle_N	1.00000000000712	7.11623760327851e-12	156	0	0	37	5448
SM00228	PDZ	1.00000000000822	8.21837503470498e-12	54	0	0	37	5448
SM00254	ShKT	1.00000000000865	8.64562151557936e-12	103	0	0	37	5448
SM00132	LIM	1.00000000000906	9.05991079659237e-12	30	0	0	37	5448
SM00317	SET	1.00000000000906	9.05991079659237e-12	30	0	0	37	5448
SM00453	WSN	1.00000000001068	1.06814464364355e-11	39	0	0	37	5448
SM00289	WR1	1.00000000001068	1.06814464364355e-11	39	0	0	37	5448
SM00355	ZnF_C2H2	1.00000000001077	1.07657990494337e-11	135	0	0	37	5448
SM00443	G_patch	1.00000000001203	1.20337379880805e-11	14	0	0	37	5448
SM00195	DSPc	1.00000000001203	1.20337379880805e-11	14	0	0	37	5448
SM00397	t_SNARE	1.00000000001203	1.20337379880805e-11	14	0	0	37	5448
SM00516	SEC14	1.00000000001203	1.20337379880805e-11	14	0	0	37	5448
SM00100	cNMP	1.00000000001203	1.20337379880805e-11	14	0	0	37	5448
SM00298	CHROMO	1.00000000001273	1.27344848226985e-11	20	0	0	37	5448
SM00133	S_TK_X	1.00000000001273	1.27344848226985e-11	20	0	0	37	5448
SM00256	FBOX	1.00000000001581	1.5808454130508e-11	171	0	0	37	5448
