TermID	Term	Enrichment	logP	Genes in Term	Target Genes in Term	Fraction of Targets in Term	Total Target Genes	Total Genes	Entrez Gene IDs	Gene Symbols
PR00699	TMPROTEINSRB	0.00211255679019657	-6.159856316161	14	3	0.0666666666666667	45	2330	191784,184054,191783	srb-2,srb-17,srb-1
PR00697	TMPROTEINSRA	0.0173249035612458	-4.05561030037212	29	3	0.0666666666666667	45	2330	185059,188926,191779	sra-22,sra-25,sra-8
PR01626	LCACHANNELB	0.0382617380771901	-3.26330488795193	2	1	0.0222222222222222	45	2330	189330	ccb-2
PR01160	GABAARBETA	0.0382617380771901	-3.26330488795193	2	1	0.0222222222222222	45	2330	176472	unc-49
PR00759	BASICPTASE	0.0556015283384538	-2.8895445900017	20	2	0.0444444444444444	45	2330	180352,190314	mlt-11,Y55F3BR.2
PR00376	IL1BCENZYME	0.0568520395321631	-2.86730318375342	3	1	0.0222222222222222	45	2330	175007	csp-1
PR00447	NATRESASSCMP	0.0568520395321631	-2.86730318375342	3	1	0.0222222222222222	45	2330	191766	smf-2
PR00024	HOMEOBOX	0.0884695271555196	-2.42509711218837	26	2	0.0444444444444444	45	2330	177590,176641	ceh-19,nob-1
PR01625	GSTRNSFRASEO	0.0929845985277568	-2.37532140677169	5	1	0.0222222222222222	45	2330	184405	gst-44
PR00138	MATRIXIN	0.127762502934265	-2.05758218436038	7	1	0.0222222222222222	45	2330	186805	zmp-5
PR00047	STROIDFINGER	0.151536090153027	-1.88693146357045	231	7	0.155555555555556	45	2330	187663,188016,184398,186431,181263,187054,191206	nhr-209,nhr-271,nhr-118,nhr-192,daf-12,nhr-268,nhr-254
PR00027	PAIREDBOX	0.161235428602758	-1.82488969264366	9	1	0.0222222222222222	45	2330	184779	npax-1
PR00622	HISTONEH3	0.161235428602758	-1.82488969264366	9	1	0.0222222222222222	45	2330	184005	his-69
PR00698	TMPROTEINSRG	0.172811673811352	-1.75555286811538	39	2	0.0444444444444444	45	2330	189538,187607	srg-21,srg-58
PR00171	SUGRTRNSPORT	0.177497559457091	-1.72879841969871	10	1	0.0222222222222222	45	2330	180206	hmit-1.2
PR00756	ALADIPTASE	0.177497559457091	-1.72879841969871	10	1	0.0222222222222222	45	2330	173297	F49B2.6
PR00398	STRDHORMONER	0.200928969523536	-1.60480381883346	43	2	0.0444444444444444	45	2330	187663,184398	nhr-209,nhr-118
PR00252	NRIONCHANNEL	0.219495071140635	-1.51642550165919	84	3	0.0666666666666667	45	2330	191598,187632,176472	acr-10,acr-20,unc-49
PR00259	TMFOUR	0.224456205522245	-1.4940746664543	13	1	0.0222222222222222	45	2330	192059	tsp-3
PR01415	ANKYRIN	0.2687901022423	-1.31382449302634	16	1	0.0222222222222222	45	2330	180329	mlt-4
PR00926	MITOCARRIER	0.2687901022423	-1.31382449302634	16	1	0.0222222222222222	45	2330	175242	K02F3.2
PR00700	PRTYPHPHTASE	0.301995591303154	-1.19734286004775	57	2	0.0444444444444444	45	2330	180237,183354	Y80D3A.8,hpo-7
PR00254	NICOTINICR	0.324066033865272	-1.12680797572973	20	1	0.0222222222222222	45	2330	191598	acr-10
PR00837	V5TPXLIKE	0.387440892156137	-0.948191978194851	25	1	0.0222222222222222	45	2330	190174	scl-17
PR00253	GABAARECEPTR	0.516774689744492	-0.660148302665665	37	1	0.0222222222222222	45	2330	176472	unc-49
PR00480	ASTACIN	0.535559178178177	-0.624443885063477	39	1	0.0222222222222222	45	2330	186923	nas-17
PR00320	GPROTEINBRPT	0.553629062525568	-0.591260378719967	41	1	0.0222222222222222	45	2330	173617	T05A8.5
PR01333	2POREKCHANEL	0.571010933140197	-0.560346922153573	43	1	0.0222222222222222	45	2330	192078	twk-21
PR00080	SDRFAMILY	0.6116214135526	-0.491641793191227	48	1	0.0222222222222222	45	2330	184969	F26D2.15
PR00109	TYRKINASE	0.749923525567483	-0.28778404356068	70	1	0.0222222222222222	45	2330	175182	ver-1
PR00385	P450	0.754902924393253	-0.281166114962418	71	1	0.0222222222222222	45	2330	181852	cyp-34A10
PR00463	EP450I	0.759785336260428	-0.274719337887831	72	1	0.0222222222222222	45	2330	181852	cyp-34A10
PR00081	GDHRDH	0.759785336260428	-0.274719337887831	72	1	0.0222222222222222	45	2330	184969	F26D2.15
PR00237	GPCRRHODOPSN	0.778327744785716	-0.250607577719858	144	2	0.0444444444444444	45	2330	3564903,186962	sprr-1,K03H6.1
PR00707	UBCTHYDRLASE	0.999999999999343	-6.57328421091474e-13	3	0	0	45	2330
PR01320	KIRCHANNEL	0.999999999999343	-6.57328421091474e-13	3	0	0	45	2330
PR01347	EPHRIN	0.999999999999343	-6.57328421091474e-13	3	0	0	45	2330
PR00028	POUDOMAIN	0.999999999999343	-6.57328421091474e-13	3	0	0	45	2330
PR00391	PITRANSFER	0.999999999999343	-6.57328421091474e-13	3	0	0	45	2330
PR00243	MUSCARINICR	0.999999999999343	-6.57328421091474e-13	3	0	0	45	2330
PR00305	1433ZETA	0.999999999999343	-6.57328421091474e-13	3	0	0	45	2330
PR00790	PAMONOXGNASE	0.999999999999343	-6.57328421091474e-13	3	0	0	45	2330
PR00068	CUZNDISMTASE	0.999999999999343	-6.57328421091474e-13	3	0	0	45	2330
PR01857	ADAMTSFAMILY	0.999999999999343	-6.57328421091474e-13	3	0	0	45	2330
PR00406	CYTB5RDTASE	0.999999999999343	-6.57328421091474e-13	3	0	0	45	2330
PR00489	FRIZZLED	0.999999999999343	-6.57328421091474e-13	3	0	0	45	2330
PR01271	HISDACETLASE	0.999999999999343	-6.57328421091474e-13	3	0	0	45	2330
PR00106	DNAPOLB	0.999999999999343	-6.57328421091474e-13	3	0	0	45	2330
PR02050	B14GALTRFASE	0.999999999999343	-6.57328421091474e-13	3	0	0	45	2330
PR00502	NUDIXFAMILY	0.999999999999343	-6.57328421091474e-13	3	0	0	45	2330
PR01097	TRNSRECEPTRP	0.999999999999343	-6.57328421091474e-13	3	0	0	45	2330
PR00369	FLAVODOXIN	0.999999999999343	-6.57328421091474e-13	3	0	0	45	2330
PR01259	NACAEXCHNGR	0.999999999999343	-6.57328421091474e-13	3	0	0	45	2330
PR00881	L7ARS6FAMILY	0.999999999999343	-6.57328421091474e-13	3	0	0	45	2330
PR00167	CACHANNEL	0.999999999999343	-6.57328421091474e-13	3	0	0	45	2330
PR00255	NATPEPTIDER	0.999999999999343	-6.57328421091474e-13	3	0	0	45	2330
PR00413	HADHALOGNASE	0.999999999999343	-6.57328421091474e-13	3	0	0	45	2330
PR00799	TRANSAMINASE	0.999999999999343	-6.57328421091474e-13	3	0	0	45	2330
PR00683	SPECTRINPH	0.999999999999343	-6.57328421091474e-13	3	0	0	45	2330
PR00319	GPROTEINB	0.999999999999343	-6.57328421091474e-13	3	0	0	45	2330
PR01772	JNKMAPKINASE	0.999999999999343	-6.57328421091474e-13	3	0	0	45	2330
PR00389	PHPHLIPASEA2	0.999999999999343	-6.57328421091474e-13	3	0	0	45	2330
PR01463	EAGCHANLFMLY	0.999999999999343	-6.57328421091474e-13	3	0	0	45	2330
PR00987	TRNASYNTHGLU	0.999999999999343	-6.57328421091474e-13	3	0	0	45	2330
PR00372	FYWHYDRXLASE	0.999999999999343	-6.57328421091474e-13	3	0	0	45	2330
PR00075	FACDDSATRASE	0.999999999999343	-6.57328421091474e-13	3	0	0	45	2330
PR00067	CATALASE	0.999999999999343	-6.57328421091474e-13	3	0	0	45	2330
PR01498	SHAWCHANNEL	0.999999999999343	-6.57328421091474e-13	3	0	0	45	2330
PR01315	BATTENIN	0.999999999999343	-6.57328421091474e-13	3	0	0	45	2330
PR00195	DYNAMIN	0.999999999999343	-6.57328421091474e-13	3	0	0	45	2330
PR00593	MTABOTROPICR	0.999999999999343	-6.57328421091474e-13	3	0	0	45	2330
PR00775	HEATSHOCK90	0.999999999999343	-6.57328421091474e-13	3	0	0	45	2330
PR01162	ALPHATUBULIN	0.999999999999359	-6.41163028443171e-13	10	0	0	45	2330
PR00178	FATTYACIDBP	0.999999999999359	-6.41163028443171e-13	10	0	0	45	2330
PR00053	FORKHEAD	0.999999999999783	-2.16637049000587e-13	14	0	0	45	2330
PR00315	ELONGATNFCT	0.999999999999783	-2.16637049000587e-13	14	0	0	45	2330
PR01078	AMINACHANNEL	0.99999999999986	-1.39513924321146e-13	21	0	0	45	2330
PR00476	PHFRCTKINASE	0.999999999999943	-5.64921373569227e-14	2	0	0	45	2330
PR00509	PGMPMM	0.999999999999943	-5.64921373569227e-14	2	0	0	45	2330
PR00685	TIFACTORIIB	0.999999999999943	-5.64921373569227e-14	2	0	0	45	2330
PR00986	TRNASYNTHVAL	0.999999999999943	-5.64921373569227e-14	2	0	0	45	2330
PR00717	GPCRKINASE	0.999999999999943	-5.64921373569227e-14	2	0	0	45	2330
PR00679	PROHIBITIN	0.999999999999943	-5.64921373569227e-14	2	0	0	45	2330
PR00887	SSRCOGNITION	0.999999999999943	-5.64921373569227e-14	2	0	0	45	2330
PR01050	PYRUVTKNASE	0.999999999999943	-5.64921373569227e-14	2	0	0	45	2330
PR01041	TRNASYNTHMET	0.999999999999943	-5.64921373569227e-14	2	0	0	45	2330
PR00876	MTNEMATODE	0.999999999999943	-5.64921373569227e-14	2	0	0	45	2330
PR00660	ERLUMENR	0.999999999999943	-5.64921373569227e-14	2	0	0	45	2330
PR00296	CYCLINKINASE	0.999999999999943	-5.64921373569227e-14	2	0	0	45	2330
PR00891	RABGDIREP	0.999999999999943	-5.64921373569227e-14	2	0	0	45	2330
PR00342	RHESUSRHD	0.999999999999943	-5.64921373569227e-14	2	0	0	45	2330
PR01822	CCYSTOKININR	0.999999999999943	-5.64921373569227e-14	2	0	0	45	2330
PR00504	CHROMODOMAIN	0.999999999999943	-5.64921373569227e-14	2	0	0	45	2330
PR01459	KCNQCHANNEL	0.999999999999943	-5.64921373569227e-14	2	0	0	45	2330
PR00604	CYTCHRMECIAB	0.999999999999943	-5.64921373569227e-14	2	0	0	45	2330
PR00686	TIFACTORIID	0.999999999999943	-5.64921373569227e-14	2	0	0	45	2330
PR01072	PRESENILIN	0.999999999999943	-5.64921373569227e-14	2	0	0	45	2330
PR01773	P38MAPKINASE	0.999999999999943	-5.64921373569227e-14	2	0	0	45	2330
PR01038	TRNASYNTHARG	0.999999999999943	-5.64921373569227e-14	2	0	0	45	2330
PR00805	ALPHACATENIN	0.999999999999943	-5.64921373569227e-14	2	0	0	45	2330
PR00962	LETHAL2GIANT	0.999999999999943	-5.64921373569227e-14	2	0	0	45	2330
PR01039	TRNASYNTHTRP	0.999999999999943	-5.64921373569227e-14	2	0	0	45	2330
PR01452	LNOTCHREPEAT	0.999999999999943	-5.64921373569227e-14	2	0	0	45	2330
PR00702	ACRIFLAVINRP	0.999999999999943	-5.64921373569227e-14	2	0	0	45	2330
PR00395	RIBOSOMALS2	0.999999999999943	-5.64921373569227e-14	2	0	0	45	2330
PR00991	6PFRUCTKNASE	0.999999999999943	-5.64921373569227e-14	2	0	0	45	2330
PR00892	RABGDI	0.999999999999943	-5.64921373569227e-14	2	0	0	45	2330
PR00377	IMPHPHTASES	0.999999999999943	-5.64921373569227e-14	2	0	0	45	2330
PR00653	ACTIVIN2R	0.999999999999943	-5.64921373569227e-14	2	0	0	45	2330
PR00404	MADSDOMAIN	0.999999999999943	-5.64921373569227e-14	2	0	0	45	2330
PR00415	ACONITASE	0.999999999999943	-5.64921373569227e-14	2	0	0	45	2330
PR01703	MNSODISMTASE	0.999999999999943	-5.64921373569227e-14	2	0	0	45	2330
PR00597	GELSOLIN	0.999999999999943	-5.64921373569227e-14	2	0	0	45	2330
PR01869	BCATNINFAMLY	0.999999999999943	-5.64921373569227e-14	2	0	0	45	2330
PR00141	PROTEASOME	0.999999999999943	-5.64921373569227e-14	2	0	0	45	2330
PR00381	KINESINLIGHT	0.999999999999943	-5.64921373569227e-14	2	0	0	45	2330
PR00120	HATPASE	0.999999999999943	-5.64921373569227e-14	2	0	0	45	2330
PR00077	GPDHDRGNASE	0.999999999999943	-5.64921373569227e-14	2	0	0	45	2330
PR00149	FUMRATELYASE	0.999999999999943	-5.64921373569227e-14	2	0	0	45	2330
PR00626	CALRETICULIN	0.999999999999943	-5.64921373569227e-14	2	0	0	45	2330
PR01573	SUPERTUBBY	0.999999999999943	-5.64921373569227e-14	2	0	0	45	2330
PR01186	INTEGRINB	0.999999999999943	-5.64921373569227e-14	2	0	0	45	2330
PR01182	ORNDCRBXLASE	0.999999999999943	-5.64921373569227e-14	2	0	0	45	2330
PR01764	MAPKPHPHTASE	0.999999999999943	-5.64921373569227e-14	2	0	0	45	2330
PR00981	TRNASYNTHSER	0.999999999999943	-5.64921373569227e-14	2	0	0	45	2330
PR01179	ODADCRBXLASE	0.999999999999943	-5.64921373569227e-14	2	0	0	45	2330
PR00616	CCAATSUBUNTB	0.999999999999943	-5.64921373569227e-14	2	0	0	45	2330
PR01040	TRNASYNTHTYR	0.999999999999943	-5.64921373569227e-14	2	0	0	45	2330
PR00122	VACATPASE	0.999999999999943	-5.64921373569227e-14	2	0	0	45	2330
PR00481	LAMNOPPTDASE	0.999999999999943	-5.64921373569227e-14	2	0	0	45	2330
PR00776	HEMOGLOBNASE	0.999999999999943	-5.64921373569227e-14	2	0	0	45	2330
PR01001	FADG3PDH	0.999999999999943	-5.64921373569227e-14	2	0	0	45	2330
PR00727	LEADERPTASE	0.999999999999943	-5.64921373569227e-14	2	0	0	45	2330
PR00980	TRNASYNTHALA	0.999999999999943	-5.64921373569227e-14	2	0	0	45	2330
PR01268	GSTRNSFRASEP	0.999999999999943	-5.64921373569227e-14	2	0	0	45	2330
PR01185	INTEGRINA	0.999999999999943	-5.64921373569227e-14	2	0	0	45	2330
PR00599	MAPEPTIDASE	0.999999999999943	-5.64921373569227e-14	2	0	0	45	2330
PR00984	TRNASYNTHILE	0.999999999999943	-5.64921373569227e-14	2	0	0	45	2330
PR00714	MAN6PISMRASE	0.999999999999943	-5.64921373569227e-14	2	0	0	45	2330
PR01035	TCRTETA	0.999999999999943	-5.64921373569227e-14	2	0	0	45	2330
PR00883	NUCLEARHMG	0.999999999999943	-5.64921373569227e-14	2	0	0	45	2330
PR01046	TRNASYNTHPRO	0.999999999999943	-5.64921373569227e-14	2	0	0	45	2330
PR01908	ADSPHPHTASE	0.999999999999943	-5.64921373569227e-14	2	0	0	45	2330
PR00742	GLHYDRLASE35	0.999999999999943	-5.64921373569227e-14	2	0	0	45	2330
PR00131	GLHYDRLASE1	0.999999999999943	-5.64921373569227e-14	2	0	0	45	2330
PR00789	OSIALOPTASE	0.999999999999943	-5.64921373569227e-14	2	0	0	45	2330
PR00417	PRTPISMRASEI	0.999999999999943	-5.64921373569227e-14	2	0	0	45	2330
PR00189	TRNSTHYRETIN	0.999999999999943	-5.64921373569227e-14	2	0	0	45	2330
PR00299	ACRYSTALLIN	1.00000000000028	2.79638678061956e-13	15	0	0	45	2330
PR00261	LDLRECEPTOR	1.00000000000028	2.79638678061956e-13	15	0	0	45	2330
PR01262	INNEXIN	1.00000000000052	5.16095706118954e-13	25	0	0	45	2330
PR00625	JDOMAIN	1.00000000000052	5.16095706118954e-13	25	0	0	45	2330
PR00689	ACOABINDINGP	1.00000000000053	5.26966026552857e-13	6	0	0	45	2330
PR00348	UBIQUITIN	1.00000000000053	5.26966026552857e-13	6	0	0	45	2330
PR00387	PDIESTERASE1	1.00000000000053	5.26966026552857e-13	6	0	0	45	2330
PR00632	SONICHHOG	1.00000000000053	5.26966026552857e-13	6	0	0	45	2330
PR00399	SYNAPTOTAGMN	1.00000000000053	5.26966026552857e-13	6	0	0	45	2330
PR00094	ADENYLTKNASE	1.00000000000053	5.26966026552857e-13	6	0	0	45	2330
PR00092	TYROSINASE	1.00000000000053	5.26966026552857e-13	6	0	0	45	2330
PR01163	BETATUBULIN	1.00000000000053	5.26966026552857e-13	6	0	0	45	2330
PR00390	PHPHLIPASEC	1.00000000000053	5.26966026552857e-13	6	0	0	45	2330
PR01657	MCMFAMILY	1.00000000000053	5.26966026552857e-13	6	0	0	45	2330
PR00633	RCCNDNSATION	1.00000000000053	5.26966026552857e-13	6	0	0	45	2330
PR01494	KV9CHANNEL	1.00000000000053	5.26966026552857e-13	6	0	0	45	2330
PR00762	CLCHANNEL	1.00000000000053	5.26966026552857e-13	6	0	0	45	2330
PR01161	TUBULIN	1.00000000000086	8.6451904783927e-13	16	0	0	45	2330
PR00401	SH2DOMAIN	1.00000000000087	8.65116928848294e-13	19	0	0	45	2330
PR00838	V5ALLERGEN	1.00000000000087	8.65116928848294e-13	19	0	0	45	2330
PR00705	PAPAIN	1.0000000000009	9.00485224387778e-13	20	0	0	45	2330
PR00219	SYNAPTOBREVN	1.00000000000114	1.13994613382003e-12	8	0	0	45	2330
PR00927	ADPTRNSLCASE	1.00000000000114	1.13994613382003e-12	8	0	0	45	2330
PR00619	GATAZNFINGER	1.00000000000114	1.13994613382003e-12	8	0	0	45	2330
PR00177	NMDARECEPTOR	1.00000000000114	1.13994613382003e-12	8	0	0	45	2330
PR00624	HISTONEH5	1.00000000000114	1.13994613382003e-12	8	0	0	45	2330
PR00786	NEPRILYSIN	1.00000000000114	1.13994613382003e-12	8	0	0	45	2330
PR00721	STOMATIN	1.00000000000114	1.13994613382003e-12	8	0	0	45	2330
PR01270	HDASUPER	1.00000000000114	1.13994613382003e-12	8	0	0	45	2330
PR00454	ETSDOMAIN	1.00000000000114	1.13994613382003e-12	8	0	0	45	2330
PR00935	BAND41	1.00000000000114	1.13994613382003e-12	8	0	0	45	2330
PR00360	C2DOMAIN	1.0000000000013	1.2966670573031e-12	11	0	0	45	2330
PR00205	CADHERIN	1.0000000000013	1.2966670573031e-12	11	0	0	45	2330
PR00301	HEATSHOCK70	1.0000000000013	1.2966670573031e-12	11	0	0	45	2330
PR01491	KVCHANNEL	1.0000000000013	1.2966670573031e-12	11	0	0	45	2330
PR01609	CD36FAMILY	1.00000000000186	1.86478423674468e-12	5	0	0	45	2330
PR00248	GPCRMGR	1.00000000000186	1.86478423674468e-12	5	0	0	45	2330
PR00744	GLHYDRLASE37	1.00000000000186	1.86478423674468e-12	5	0	0	45	2330
PR01349	WNTPROTEIN	1.00000000000186	1.86478423674468e-12	5	0	0	45	2330
PR00111	ABHYDROLASE	1.00000000000186	1.86478423674468e-12	5	0	0	45	2330
PR00723	SUBTILISIN	1.00000000000186	1.86478423674468e-12	5	0	0	45	2330
PR00412	EPOXHYDRLASE	1.00000000000186	1.86478423674468e-12	5	0	0	45	2330
PR00371	FPNCR	1.00000000000186	1.86478423674468e-12	5	0	0	45	2330
PR01130	DERENTRNSPRT	1.00000000000186	1.86478423674468e-12	5	0	0	45	2330
PR00800	YHDCRBOXLASE	1.00000000000186	1.86478423674468e-12	5	0	0	45	2330
PR00160	GLUTAREDOXIN	1.00000000000186	1.86478423674468e-12	5	0	0	45	2330
PR01125	FMOXYGENASE5	1.00000000000186	1.86478423674468e-12	5	0	0	45	2330
PR00249	GPCRSECRETIN	1.00000000000186	1.86478423674468e-12	5	0	0	45	2330
PR00347	THAUMATIN	1.00000000000186	1.86478423674468e-12	5	0	0	45	2330
PR00620	HISTONEH2A	1.00000000000186	1.86478423674468e-12	5	0	0	45	2330
PR00405	REVINTRACTNG	1.00000000000186	1.86478423674468e-12	5	0	0	45	2330
PR00661	ERMFAMILY	1.00000000000186	1.86478423674468e-12	5	0	0	45	2330
PR01464	EAGCHANNEL	1.00000000000243	2.43114556264246e-12	1	0	0	45	2330
PR01546	YEAST73DUF	1.00000000000243	2.43114556264246e-12	1	0	0	45	2330
PR01630	LVDCCALPHA1	1.00000000000243	2.43114556264246e-12	1	0	0	45	2330
PR01433	POLYCYSTIN2	1.00000000000243	2.43114556264246e-12	1	0	0	45	2330
PR00192	FACTINCAPB	1.00000000000243	2.43114556264246e-12	1	0	0	45	2330
PR00846	GLHYDRLASE56	1.00000000000243	2.43114556264246e-12	1	0	0	45	2330
PR01716	DEATHASSOCP3	1.00000000000243	2.43114556264246e-12	1	0	0	45	2330
PR00477	PHGLYCKINASE	1.00000000000243	2.43114556264246e-12	1	0	0	45	2330
PR01873	CYTCOXIDASE4	1.00000000000243	2.43114556264246e-12	1	0	0	45	2330
PR00779	INSP3RECEPTR	1.00000000000243	2.43114556264246e-12	1	0	0	45	2330
PR01251	AMPHIPHYSIN	1.00000000000243	2.43114556264246e-12	1	0	0	45	2330
PR00464	EP450II	1.00000000000243	2.43114556264246e-12	1	0	0	45	2330
PR00600	PP2APR55	1.00000000000243	2.43114556264246e-12	1	0	0	45	2330
PR01588	THIKCHANNEL	1.00000000000243	2.43114556264246e-12	1	0	0	45	2330
PR00355	ADRENODOXIN	1.00000000000243	2.43114556264246e-12	1	0	0	45	2330
PR00456	RIBOSOMALP2	1.00000000000243	2.43114556264246e-12	1	0	0	45	2330
PR01658	MCMPROTEIN2	1.00000000000243	2.43114556264246e-12	1	0	0	45	2330
PR00473	GALCTOKINASE	1.00000000000243	2.43114556264246e-12	1	0	0	45	2330
PR00850	GLHYDRLASE59	1.00000000000243	2.43114556264246e-12	1	0	0	45	2330
PR00058	RIBOSOMALL5	1.00000000000243	2.43114556264246e-12	1	0	0	45	2330
PR00100	AOTCASE	1.00000000000243	2.43114556264246e-12	1	0	0	45	2330
PR01850	GROUCHOFAMLY	1.00000000000243	2.43114556264246e-12	1	0	0	45	2330
PR01246	RAD1REPAIR	1.00000000000243	2.43114556264246e-12	1	0	0	45	2330
PR01164	GAMMATUBULIN	1.00000000000243	2.43114556264246e-12	1	0	0	45	2330
PR00627	GTPRANTC4	1.00000000000243	2.43114556264246e-12	1	0	0	45	2330
PR01629	TVDCCALPHA1	1.00000000000243	2.43114556264246e-12	1	0	0	45	2330
PR00868	DNAPOLI	1.00000000000243	2.43114556264246e-12	1	0	0	45	2330
PR00309	ARRESTIN	1.00000000000243	2.43114556264246e-12	1	0	0	45	2330
PR00938	BRACHYURY	1.00000000000243	2.43114556264246e-12	1	0	0	45	2330
PR01348	ICLNCHANNEL	1.00000000000243	2.43114556264246e-12	1	0	0	45	2330
PR00124	ATPASEC	1.00000000000243	2.43114556264246e-12	1	0	0	45	2330
PR00492	RHOGDI	1.00000000000243	2.43114556264246e-12	1	0	0	45	2330
PR01868	ABCEFAMILY	1.00000000000243	2.43114556264246e-12	1	0	0	45	2330
PR00043	LEUZIPPRJUN	1.00000000000243	2.43114556264246e-12	1	0	0	45	2330
PR00373	GLYCHORMONER	1.00000000000243	2.43114556264246e-12	1	0	0	45	2330
PR00896	VASOPRESSINR	1.00000000000243	2.43114556264246e-12	1	0	0	45	2330
PR00322	G10	1.00000000000243	2.43114556264246e-12	1	0	0	45	2330
PR01797	SAPOSIN	1.00000000000243	2.43114556264246e-12	1	0	0	45	2330
PR00321	GPROTEING	1.00000000000243	2.43114556264246e-12	1	0	0	45	2330
PR01047	TRNASYNTHTHR	1.00000000000243	2.43114556264246e-12	1	0	0	45	2330
PR01838	NCAMFAMILY	1.00000000000243	2.43114556264246e-12	1	0	0	45	2330
PR01043	TRNASYNTHGLY	1.00000000000243	2.43114556264246e-12	1	0	0	45	2330
PR00623	HISTONEH4	1.00000000000243	2.43114556264246e-12	1	0	0	45	2330
PR00972	RIBSOMALS12E	1.00000000000243	2.43114556264246e-12	1	0	0	45	2330
PR00086	LLDHDRGNASE	1.00000000000243	2.43114556264246e-12	1	0	0	45	2330
PR00985	TRNASYNTHLEU	1.00000000000243	2.43114556264246e-12	1	0	0	45	2330
PR00416	EUTPISMRASEI	1.00000000000243	2.43114556264246e-12	1	0	0	45	2330
PR00773	GRPEPROTEIN	1.00000000000243	2.43114556264246e-12	1	0	0	45	2330
PR00407	EUMOPTERIN	1.00000000000243	2.43114556264246e-12	1	0	0	45	2330
PR01470	ERGCHANNEL	1.00000000000243	2.43114556264246e-12	1	0	0	45	2330
PR01660	MCMPROTEIN4	1.00000000000243	2.43114556264246e-12	1	0	0	45	2330
PR01839	RAD23PROTEIN	1.00000000000243	2.43114556264246e-12	1	0	0	45	2330
PR00194	TROPOMYOSIN	1.00000000000243	2.43114556264246e-12	1	0	0	45	2330
PR01663	MCMPROTEIN7	1.00000000000243	2.43114556264246e-12	1	0	0	45	2330
PR00791	PEPDIPTASEA	1.00000000000243	2.43114556264246e-12	1	0	0	45	2330
PR00904	FRATAXIN	1.00000000000243	2.43114556264246e-12	1	0	0	45	2330
PR00041	LEUZIPPRCREB	1.00000000000243	2.43114556264246e-12	1	0	0	45	2330
PR01232	NAHCO3TRSPRT	1.00000000000243	2.43114556264246e-12	1	0	0	45	2330
PR00336	LYSASSOCTDMP	1.00000000000243	2.43114556264246e-12	1	0	0	45	2330
PR01049	PHOSPHBKNASE	1.00000000000243	2.43114556264246e-12	1	0	0	45	2330
PR00185	EUKARYTPORIN	1.00000000000243	2.43114556264246e-12	1	0	0	45	2330
PR00719	LMWPTPASE	1.00000000000243	2.43114556264246e-12	1	0	0	45	2330
PR00867	DNAPOLG	1.00000000000243	2.43114556264246e-12	1	0	0	45	2330
PR00414	PPTHIESTRASE	1.00000000000243	2.43114556264246e-12	1	0	0	45	2330
PR01770	ERK1ERK2MAPK	1.00000000000243	2.43114556264246e-12	1	0	0	45	2330
PR00071	HMGCOARDTASE	1.00000000000243	2.43114556264246e-12	1	0	0	45	2330
PR00740	GLHYDRLASE27	1.00000000000243	2.43114556264246e-12	1	0	0	45	2330
PR00339	PCNACYCLIN	1.00000000000243	2.43114556264246e-12	1	0	0	45	2330
PR00443	GPROTEINAS	1.00000000000243	2.43114556264246e-12	1	0	0	45	2330
PR01854	BR22PROTEIN	1.00000000000243	2.43114556264246e-12	1	0	0	45	2330
PR00076	6PGDHDRGNASE	1.00000000000243	2.43114556264246e-12	1	0	0	45	2330
PR01075	PRESENILNSEL	1.00000000000243	2.43114556264246e-12	1	0	0	45	2330
PR01586	TWIKCHANNEL	1.00000000000243	2.43114556264246e-12	1	0	0	45	2330
PR01250	RIBOSOMALL34	1.00000000000243	2.43114556264246e-12	1	0	0	45	2330
PR00098	CPSASE	1.00000000000243	2.43114556264246e-12	1	0	0	45	2330
PR00392	PROFILIN	1.00000000000243	2.43114556264246e-12	1	0	0	45	2330
PR00932	AMINO1PTASE	1.00000000000243	2.43114556264246e-12	1	0	0	45	2330
PR00545	RETINOIDXR	1.00000000000243	2.43114556264246e-12	1	0	0	45	2330
PR00125	ATPASEDELTA	1.00000000000243	2.43114556264246e-12	1	0	0	45	2330
PR01698	CYTOFMRPINTP	1.00000000000243	2.43114556264246e-12	1	0	0	45	2330
PR00785	NCTRNSLOCATR	1.00000000000243	2.43114556264246e-12	1	0	0	45	2330
PR01365	TELOMERASERT	1.00000000000243	2.43114556264246e-12	1	0	0	45	2330
PR00085	THFDHDRGNASE	1.00000000000243	2.43114556264246e-12	1	0	0	45	2330
PR00720	MAMMALPTPASE	1.00000000000243	2.43114556264246e-12	1	0	0	45	2330
PR00738	GLHYDRLASE20	1.00000000000243	2.43114556264246e-12	1	0	0	45	2330
PR00108	THYMDSNTHASE	1.00000000000243	2.43114556264246e-12	1	0	0	45	2330
PR00148	ENOLASE	1.00000000000243	2.43114556264246e-12	1	0	0	45	2330
PR00072	MALOXRDTASE	1.00000000000243	2.43114556264246e-12	1	0	0	45	2330
PR00126	ATPASEGAMMA	1.00000000000243	2.43114556264246e-12	1	0	0	45	2330
PR00990	RIBOKINASE	1.00000000000243	2.43114556264246e-12	1	0	0	45	2330
PR00960	LMBPPROTEIN	1.00000000000243	2.43114556264246e-12	1	0	0	45	2330
PR01034	RIBOSOMALS12	1.00000000000243	2.43114556264246e-12	1	0	0	45	2330
PR01183	RIBORDTASEM1	1.00000000000243	2.43114556264246e-12	1	0	0	45	2330
PR02012	RCMTNOP2	1.00000000000243	2.43114556264246e-12	1	0	0	45	2330
PR00351	OM20RECEPTOR	1.00000000000243	2.43114556264246e-12	1	0	0	45	2330
PR01659	MCMPROTEIN3	1.00000000000243	2.43114556264246e-12	1	0	0	45	2330
PR01692	LIPOCALINIMR	1.00000000000243	2.43114556264246e-12	1	0	0	45	2330
PR01475	PARKIN	1.00000000000243	2.43114556264246e-12	1	0	0	45	2330
PR01101	5HTRECEPTOR	1.00000000000243	2.43114556264246e-12	1	0	0	45	2330
PR00928	GRAVESDC	1.00000000000243	2.43114556264246e-12	1	0	0	45	2330
PR00442	GPROTEINAQ	1.00000000000243	2.43114556264246e-12	1	0	0	45	2330
PR01802	SYNEMBRYN	1.00000000000243	2.43114556264246e-12	1	0	0	45	2330
PR00767	DBMONOXGNASE	1.00000000000243	2.43114556264246e-12	1	0	0	45	2330
PR00440	GPROTEINA12	1.00000000000243	2.43114556264246e-12	1	0	0	45	2330
PR01088	NAHEXCHNGR6	1.00000000000243	2.43114556264246e-12	1	0	0	45	2330
PR00079	G6PDHDRGNASE	1.00000000000243	2.43114556264246e-12	1	0	0	45	2330
PR00332	HISTRIAD	1.00000000000243	2.43114556264246e-12	1	0	0	45	2330
PR00110	ALPHAAMYLASE	1.00000000000243	2.43114556264246e-12	1	0	0	45	2330
PR01551	SPO11HOMOLOG	1.00000000000243	2.43114556264246e-12	1	0	0	45	2330
PR00784	MTUNCOUPLING	1.00000000000243	2.43114556264246e-12	1	0	0	45	2330
PR01405	TETRPHPHTASE	1.00000000000243	2.43114556264246e-12	1	0	0	45	2330
PR00973	RIBOSOMALS17	1.00000000000243	2.43114556264246e-12	1	0	0	45	2330
PR00276	INSULINFAMLY	1.00000000000243	2.43114556264246e-12	1	0	0	45	2330
PR00474	GLU5KINASE	1.00000000000243	2.43114556264246e-12	1	0	0	45	2330
PR00975	RIBOSOMALS19	1.00000000000243	2.43114556264246e-12	1	0	0	45	2330
PR01653	TCTPROTEIN	1.00000000000243	2.43114556264246e-12	1	0	0	45	2330
PR01443	TFIID30KDSUB	1.00000000000243	2.43114556264246e-12	1	0	0	45	2330
PR00082	GLFDHDRGNASE	1.00000000000243	2.43114556264246e-12	1	0	0	45	2330
PR00162	RIESKE	1.00000000000243	2.43114556264246e-12	1	0	0	45	2330
PR00139	ASNGLNASE	1.00000000000243	2.43114556264246e-12	1	0	0	45	2330
PR00056	HSFDOMAIN	1.00000000000243	2.43114556264246e-12	1	0	0	45	2330
PR00882	RIBOSOMALL7A	1.00000000000243	2.43114556264246e-12	1	0	0	45	2330
PR00154	AMPBINDING	1.00000000000243	2.43114556264246e-12	1	0	0	45	2330
PR01245	RAD1REC1	1.00000000000243	2.43114556264246e-12	1	0	0	45	2330
PR00298	CHAPERONIN60	1.00000000000243	2.43114556264246e-12	1	0	0	45	2330
PR00662	G6PISOMERASE	1.00000000000243	2.43114556264246e-12	1	0	0	45	2330
PR00728	SIGNALPTASE	1.00000000000243	2.43114556264246e-12	1	0	0	45	2330
PR01662	MCMPROTEIN6	1.00000000000243	2.43114556264246e-12	1	0	0	45	2330
PR02031	CYSSERRICHNP	1.00000000000243	2.43114556264246e-12	1	0	0	45	2330
PR01846	TRHRFAMILY	1.00000000000243	2.43114556264246e-12	1	0	0	45	2330
PR00967	ONCOGENEAML1	1.00000000000243	2.43114556264246e-12	1	0	0	45	2330
PR01760	DISHEVELLED	1.00000000000243	2.43114556264246e-12	1	0	0	45	2330
PR01000	SREBPS2PTASE	1.00000000000243	2.43114556264246e-12	1	0	0	45	2330
PR00989	ADENOKINASE	1.00000000000243	2.43114556264246e-12	1	0	0	45	2330
PR01640	PROFILINPLNT	1.00000000000243	2.43114556264246e-12	1	0	0	45	2330
PR01368	SYNAPSIN	1.00000000000243	2.43114556264246e-12	1	0	0	45	2330
PR01738	RNABINDINGM8	1.00000000000243	2.43114556264246e-12	1	0	0	45	2330
PR00982	TRNASYNTHLYS	1.00000000000243	2.43114556264246e-12	1	0	0	45	2330
PR00971	RIBOSOMALS10	1.00000000000243	2.43114556264246e-12	1	0	0	45	2330
PR00003	4DISULPHCORE	1.00000000000243	2.43114556264246e-12	1	0	0	45	2330
PR01243	NUCDPKINASE	1.00000000000243	2.43114556264246e-12	1	0	0	45	2330
PR00961	HUDSXLRNA	1.00000000000243	2.43114556264246e-12	1	0	0	45	2330
PR00203	AMYLOIDA4	1.00000000000243	2.43114556264246e-12	1	0	0	45	2330
PR00297	CHAPERONIN10	1.00000000000243	2.43114556264246e-12	1	0	0	45	2330
PR02011	RCMTNCL1	1.00000000000243	2.43114556264246e-12	1	0	0	45	2330
PR00302	LUPUSLA	1.00000000000243	2.43114556264246e-12	1	0	0	45	2330
PR00448	NSFATTACHMNT	1.00000000000243	2.43114556264246e-12	1	0	0	45	2330
PR01989	EUOM20RECPTR	1.00000000000243	2.43114556264246e-12	1	0	0	45	2330
PR00217	POSTSYNAPTIC	1.00000000000243	2.43114556264246e-12	1	0	0	45	2330
PR00044	LEUZIPPRMYC	1.00000000000243	2.43114556264246e-12	1	0	0	45	2330
PR00191	FACTINCAPA	1.00000000000243	2.43114556264246e-12	1	0	0	45	2330
PR00603	CYTOCHROMEC1	1.00000000000243	2.43114556264246e-12	1	0	0	45	2330
PR00220	SYNAPTOPHYSN	1.00000000000243	2.43114556264246e-12	1	0	0	45	2330
PR00979	TAFAZZIN	1.00000000000243	2.43114556264246e-12	1	0	0	45	2330
PR00741	GLHYDRLASE29	1.00000000000243	2.43114556264246e-12	1	0	0	45	2330
PR00127	CLPPROTEASEP	1.00000000000243	2.43114556264246e-12	1	0	0	45	2330
PR01849	UBIQUITINACT	1.00000000000243	2.43114556264246e-12	1	0	0	45	2330
PR00052	FIBRILLARIN	1.00000000000243	2.43114556264246e-12	1	0	0	45	2330
PR00664	OCTOPAMINER	1.00000000000243	2.43114556264246e-12	1	0	0	45	2330
PR00025	ANTENNAPEDIA	1.00000000000243	2.43114556264246e-12	1	0	0	45	2330
PR01748	AP2TNSCPFCT	1.00000000000243	2.43114556264246e-12	1	0	0	45	2330
PR00465	EP450IV	1.00000000000243	2.43114556264246e-12	1	0	0	45	2330
PR00132	GLHYDRLASE2	1.00000000000243	2.43114556264246e-12	1	0	0	45	2330
PR00978	STARPROTEIN	1.00000000000243	2.43114556264246e-12	1	0	0	45	2330
PR01848	U2AUXFACTOR	1.00000000000243	2.43114556264246e-12	1	0	0	45	2330
PR01550	TOP6AFAMILY	1.00000000000243	2.43114556264246e-12	1	0	0	45	2330
PR00065	TEADOMAIN	1.00000000000243	2.43114556264246e-12	1	0	0	45	2330
PR01661	MCMPROTEIN5	1.00000000000243	2.43114556264246e-12	1	0	0	45	2330
PR00663	GALANINR	1.00000000000243	2.43114556264246e-12	1	0	0	45	2330
PR00472	CASNKINASEII	1.00000000000243	2.43114556264246e-12	1	0	0	45	2330
PR00378	LIIMPHPHTASE	1.00000000000243	2.43114556264246e-12	1	0	0	45	2330
PR00143	CITRTSNTHASE	1.00000000000243	2.43114556264246e-12	1	0	0	45	2330
PR01218	PSTLEXTENSIN	1.00000000000243	2.43114556264246e-12	1	0	0	45	2330
PR00115	F16BPHPHTASE	1.00000000000243	2.43114556264246e-12	1	0	0	45	2330
PR01497	SHALCHANNEL	1.00000000000243	2.43114556264246e-12	1	0	0	45	2330
PR00983	TRNASYNTHCYS	1.00000000000243	2.43114556264246e-12	1	0	0	45	2330
PR00104	CGMPKINASE	1.00000000000243	2.43114556264246e-12	1	0	0	45	2330
PR00318	GPROTEINA	1.00000000000263	2.62659188477244e-12	22	0	0	45	2330
PR00452	SH3DOMAIN	1.00000000000263	2.62659188477244e-12	22	0	0	45	2330
PR00724	CRBOXYPTASEC	1.00000000000297	2.97445781320457e-12	9	0	0	45	2330
PR00326	GTP1OBG	1.00000000000297	2.97445781320457e-12	9	0	0	45	2330
PR00304	TCOMPLEXTCP1	1.00000000000297	2.97445781320457e-12	9	0	0	45	2330
PR01084	NAHEXCHNGR	1.00000000000297	2.97445781320457e-12	9	0	0	45	2330
PR00783	MINTRINSICP	1.00000000000297	2.97445781320457e-12	9	0	0	45	2330
PR01095	TASKCHANNEL	1.00000000000297	2.97445781320457e-12	9	0	0	45	2330
PR00792	PEPSIN	1.00000000000339	3.39181331111159e-12	17	0	0	45	2330
PR00937	TBOX	1.00000000000339	3.39181331111159e-12	17	0	0	45	2330
PR00380	KINESINHEAVY	1.00000000000339	3.39181331111159e-12	17	0	0	45	2330
PR00193	MYOSINHEAVY	1.00000000000339	3.39181331111159e-12	17	0	0	45	2330
PR00176	NANEUSMPORT	1.0000000000034	3.40073446164515e-12	12	0	0	45	2330
PR00765	CRBOXYPTASEA	1.0000000000034	3.40073446164515e-12	12	0	0	45	2330
PR00069	ALDKETRDTASE	1.0000000000034	3.40073446164515e-12	12	0	0	45	2330
PR00031	HTHREPRESSR	1.0000000000034	3.40073446164515e-12	12	0	0	45	2330
PR01301	RGSPROTEIN	1.0000000000034	3.40073446164515e-12	12	0	0	45	2330
PR00441	GPROTEINAI	1.00000000000365	3.64955810429782e-12	7	0	0	45	2330
PR00370	FMOXYGENASE	1.00000000000365	3.64955810429782e-12	7	0	0	45	2330
PR00747	GLYHDRLASE47	1.00000000000365	3.64955810429782e-12	7	0	0	45	2330
PR00722	CHYMOTRYPSIN	1.00000000000365	3.64955810429782e-12	7	0	0	45	2330
PR00190	ACTIN	1.00000000000365	3.64955810429782e-12	7	0	0	45	2330
PR01011	GLUTPROXDASE	1.00000000000365	3.64955810429782e-12	7	0	0	45	2330
PR00843	GLHYDRLASE30	1.00000000000381	3.80749528400617e-12	4	0	0	45	2330
PR00888	SM22CALPONIN	1.00000000000381	3.80749528400617e-12	4	0	0	45	2330
PR00363	CYTOCHROMEB5	1.00000000000381	3.80749528400617e-12	4	0	0	45	2330
PR00878	CHOLNESTRASE	1.00000000000381	3.80749528400617e-12	4	0	0	45	2330
PR00929	ATHOOK	1.00000000000381	3.80749528400617e-12	4	0	0	45	2330
PR01042	TRNASYNTHASP	1.00000000000381	3.80749528400617e-12	4	0	0	45	2330
PR00621	HISTONEH2B	1.00000000000381	3.80749528400617e-12	4	0	0	45	2330
PR00853	XPGRADSUPER	1.00000000000381	3.80749528400617e-12	4	0	0	45	2330
PR02008	RCMTFAMILY	1.00000000000381	3.80749528400617e-12	4	0	0	45	2330
PR00196	ANNEXIN	1.00000000000381	3.80749528400617e-12	4	0	0	45	2330
PR02095	TRNSPORTRHRG	1.00000000000381	3.80749528400617e-12	4	0	0	45	2330
PR01231	HCO3TRNSPORT	1.00000000000381	3.80749528400617e-12	4	0	0	45	2330
PR00300	CLPPROTEASEA	1.00000000000381	3.80749528400617e-12	4	0	0	45	2330
PR00078	G3PDHDRGNASE	1.00000000000381	3.80749528400617e-12	4	0	0	45	2330
PR00050	COLDSHOCK	1.00000000000381	3.80749528400617e-12	4	0	0	45	2330
PR00716	MPIPHPHTASE	1.00000000000381	3.80749528400617e-12	4	0	0	45	2330
PR00314	CLATHRINADPT	1.00000000000381	3.80749528400617e-12	4	0	0	45	2330
PR00153	CSAPPISMRASE	1.00000000000449	4.48955730003921e-12	18	0	0	45	2330
PR01012	NRPEPTIDEYR	1.00000000000476	4.75777237629566e-12	13	0	0	45	2330
PR00457	ANPEROXIDASE	1.00000000000476	4.75777237629566e-12	13	0	0	45	2330
PR00503	BROMODOMAIN	1.00000000000476	4.75777237629566e-12	13	0	0	45	2330
PR00328	SAR1GTPBP	1.00000000000476	4.75777237629566e-12	13	0	0	45	2330
PR00704	CALPAIN	1.00000000000476	4.75777237629566e-12	13	0	0	45	2330
PR00008	DAGPEDOMAIN	1.00000000000476	4.75777237629566e-12	13	0	0	45	2330
PR00114	STPHPHTASE	1.00000000000838	8.38265861017675e-12	45	0	0	45	2330
