TermID	Term	Enrichment	logP	Genes in Term	Target Genes in Term	Fraction of Targets in Term	Total Target Genes	Total Genes	Entrez Gene IDs	Gene Symbols
PR00838	V5ALLERGEN	1.62126491265739e-05	-11.0297188101174	19	5	0.116279069767442	43	2330	181768,184246,183343,178252,178253	vap-1,scl-14,scl-6,scl-3,scl-5
PR00837	V5TPXLIKE	6.82303370213998e-05	-9.59262126765918	25	5	0.116279069767442	43	2330	181768,184246,178253,183343,178252	vap-1,scl-14,scl-5,scl-6,scl-3
PR00193	MYOSINHEAVY	0.00332573158204045	-5.70606560440238	17	3	0.0697674418604651	43	2330	172471,181404,179190	myo-1,myo-2,myo-5
PR01011	GLUTPROXDASE	0.00658909292535726	-5.02233958404514	7	2	0.0465116279069767	43	2330	182513,190801	gpx-3,gpx-4
PR01838	NCAMFAMILY	0.0184549356223533	-3.99242343086425	1	1	0.0232558139534884	43	2330	180418	ncam-1
PR00194	TROPOMYOSIN	0.0184549356223533	-3.99242343086425	1	1	0.0232558139534884	43	2330	173319	lev-11
PR00480	ASTACIN	0.0337334855987284	-3.38926429701077	39	3	0.0697674418604651	43	2330	178595,174412,186493	nas-32,nas-25,nas-31
PR00385	P450	0.0399279684460936	-3.22067823708529	71	4	0.0930232558139535	43	2330	187183,183193,188400,188350	cyp-14A1,cyp-36A1,cyp-34A2,cyp-34A4
PR00463	EP450I	0.0417208520213048	-3.17675422668742	72	4	0.0930232558139535	43	2330	183193,187183,188350,188400	cyp-36A1,cyp-14A1,cyp-34A4,cyp-34A2
PR00790	PAMONOXGNASE	0.0543722474233092	-2.91190141295469	3	1	0.0232558139534884	43	2330	172108	pgal-1
PR00888	SM22CALPONIN	0.0718462454301823	-2.63322692349148	4	1	0.0232558139534884	43	2330	172996	cpn-4
PR01231	HCO3TRNSPORT	0.0718462454301823	-2.63322692349148	4	1	0.0232558139534884	43	2330	186108	abts-2
PR00843	GLHYDRLASE30	0.0718462454301823	-2.63322692349148	4	1	0.0232558139534884	43	2330	178535	gba-3
PR00723	SUBTILISIN	0.0890047198265095	-2.4190658788976	5	1	0.0232558139534884	43	2330	179412	egl-3
PR00762	CLCHANNEL	0.105853234685499	-2.24570172272318	6	1	0.0232558139534884	43	2330	174187	clh-3
PR00724	CRBOXYPTASEC	0.154593235874463	-1.86695789621507	9	1	0.0232558139534884	43	2330	174057	ctsa-4.1
PR00027	PAIREDBOX	0.154593235874463	-1.86695789621507	9	1	0.0232558139534884	43	2330	181251	vab-3
PR01084	NAHEXCHNGR	0.154593235874463	-1.86695789621507	9	1	0.0232558139534884	43	2330	178126	nhx-9
PR00171	SUGRTRNSPORT	0.170255661922584	-1.77045407798518	10	1	0.0232558139534884	43	2330	180206	hmit-1.2
PR00069	ALDKETRDTASE	0.200734895325292	-1.605770170205	12	1	0.0232558139534884	43	2330	179756	ZC443.1
PR00259	TMFOUR	0.215561642305891	-1.5345083671581	13	1	0.0232558139534884	43	2330	192059	tsp-3
PR00457	ANPEROXIDASE	0.215561642305891	-1.5345083671581	13	1	0.0232558139534884	43	2330	187708	R08F11.7
PR00053	FORKHEAD	0.230119626501909	-1.46915599004629	14	1	0.0232558139534884	43	2330	177340	fkh-7
PR00299	ACRYSTALLIN	0.244413605803027	-1.40889338300907	15	1	0.0232558139534884	43	2330	176148	hsp-12.2
PR00759	BASICPTASE	0.312084277323217	-1.1644820080227	20	1	0.0232558139534884	43	2330	179593	tag-290
PR00705	PAPAIN	0.312084277323217	-1.1644820080227	20	1	0.0232558139534884	43	2330	184530	F15D4.4
PR00109	TYRKINASE	0.372731012020774	-0.986898266887573	70	2	0.0465116279069767	43	2330	181098,180032	kin-9,kin-30
PR01262	INNEXIN	0.373822830274274	-0.983973309650589	25	1	0.0232558139534884	43	2330	178231	inx-6
PR00253	GABAARECEPTR	0.500747681142889	-0.691652935215	37	1	0.0232558139534884	43	2330	180086	glc-1
PR00080	SDRFAMILY	0.594786886420625	-0.519552111679147	48	1	0.0232558139534884	43	2330	178739	dhs-15
PR00081	GDHRDH	0.74391121558827	-0.295833585156634	72	1	0.0232558139534884	43	2330	178739	dhs-15
PR00252	NRIONCHANNEL	0.79679200392975	-0.227161607990829	84	1	0.0232558139534884	43	2330	180086	glc-1
PR00237	GPCRRHODOPSN	0.937277473934065	-0.0647759104491811	144	1	0.0232558139534884	43	2330	179281	srsx-34
PR00047	STROIDFINGER	0.989248577192892	-0.0108096369861324	231	1	0.0232558139534884	43	2330	178035	nhr-7
PR00876	MTNEMATODE	0.999999999998997	-1.00313610499822e-12	2	0	0	43	2330
PR00653	ACTIVIN2R	0.999999999998997	-1.00313610499822e-12	2	0	0	43	2330
PR00597	GELSOLIN	0.999999999998997	-1.00313610499822e-12	2	0	0	43	2330
PR00980	TRNASYNTHALA	0.999999999998997	-1.00313610499822e-12	2	0	0	43	2330
PR00883	NUCLEARHMG	0.999999999998997	-1.00313610499822e-12	2	0	0	43	2330
PR00476	PHFRCTKINASE	0.999999999998997	-1.00313610499822e-12	2	0	0	43	2330
PR00789	OSIALOPTASE	0.999999999998997	-1.00313610499822e-12	2	0	0	43	2330
PR01039	TRNASYNTHTRP	0.999999999998997	-1.00313610499822e-12	2	0	0	43	2330
PR00296	CYCLINKINASE	0.999999999998997	-1.00313610499822e-12	2	0	0	43	2330
PR00727	LEADERPTASE	0.999999999998997	-1.00313610499822e-12	2	0	0	43	2330
PR00984	TRNASYNTHILE	0.999999999998997	-1.00313610499822e-12	2	0	0	43	2330
PR01703	MNSODISMTASE	0.999999999998997	-1.00313610499822e-12	2	0	0	43	2330
PR00122	VACATPASE	0.999999999998997	-1.00313610499822e-12	2	0	0	43	2330
PR01179	ODADCRBXLASE	0.999999999998997	-1.00313610499822e-12	2	0	0	43	2330
PR00685	TIFACTORIIB	0.999999999998997	-1.00313610499822e-12	2	0	0	43	2330
PR00742	GLHYDRLASE35	0.999999999998997	-1.00313610499822e-12	2	0	0	43	2330
PR00395	RIBOSOMALS2	0.999999999998997	-1.00313610499822e-12	2	0	0	43	2330
PR00189	TRNSTHYRETIN	0.999999999998997	-1.00313610499822e-12	2	0	0	43	2330
PR01185	INTEGRINA	0.999999999998997	-1.00313610499822e-12	2	0	0	43	2330
PR01050	PYRUVTKNASE	0.999999999998997	-1.00313610499822e-12	2	0	0	43	2330
PR00481	LAMNOPPTDASE	0.999999999998997	-1.00313610499822e-12	2	0	0	43	2330
PR01001	FADG3PDH	0.999999999998997	-1.00313610499822e-12	2	0	0	43	2330
PR01452	LNOTCHREPEAT	0.999999999998997	-1.00313610499822e-12	2	0	0	43	2330
PR00986	TRNASYNTHVAL	0.999999999998997	-1.00313610499822e-12	2	0	0	43	2330
PR00604	CYTCHRMECIAB	0.999999999998997	-1.00313610499822e-12	2	0	0	43	2330
PR00686	TIFACTORIID	0.999999999998997	-1.00313610499822e-12	2	0	0	43	2330
PR01908	ADSPHPHTASE	0.999999999998997	-1.00313610499822e-12	2	0	0	43	2330
PR01822	CCYSTOKININR	0.999999999998997	-1.00313610499822e-12	2	0	0	43	2330
PR00805	ALPHACATENIN	0.999999999998997	-1.00313610499822e-12	2	0	0	43	2330
PR00891	RABGDIREP	0.999999999998997	-1.00313610499822e-12	2	0	0	43	2330
PR01046	TRNASYNTHPRO	0.999999999998997	-1.00313610499822e-12	2	0	0	43	2330
PR00981	TRNASYNTHSER	0.999999999998997	-1.00313610499822e-12	2	0	0	43	2330
PR00149	FUMRATELYASE	0.999999999998997	-1.00313610499822e-12	2	0	0	43	2330
PR00599	MAPEPTIDASE	0.999999999998997	-1.00313610499822e-12	2	0	0	43	2330
PR01773	P38MAPKINASE	0.999999999998997	-1.00313610499822e-12	2	0	0	43	2330
PR01038	TRNASYNTHARG	0.999999999998997	-1.00313610499822e-12	2	0	0	43	2330
PR00342	RHESUSRHD	0.999999999998997	-1.00313610499822e-12	2	0	0	43	2330
PR00141	PROTEASOME	0.999999999998997	-1.00313610499822e-12	2	0	0	43	2330
PR01040	TRNASYNTHTYR	0.999999999998997	-1.00313610499822e-12	2	0	0	43	2330
PR01186	INTEGRINB	0.999999999998997	-1.00313610499822e-12	2	0	0	43	2330
PR00991	6PFRUCTKNASE	0.999999999998997	-1.00313610499822e-12	2	0	0	43	2330
PR00131	GLHYDRLASE1	0.999999999998997	-1.00313610499822e-12	2	0	0	43	2330
PR00120	HATPASE	0.999999999998997	-1.00313610499822e-12	2	0	0	43	2330
PR00377	IMPHPHTASES	0.999999999998997	-1.00313610499822e-12	2	0	0	43	2330
PR00714	MAN6PISMRASE	0.999999999998997	-1.00313610499822e-12	2	0	0	43	2330
PR01160	GABAARBETA	0.999999999998997	-1.00313610499822e-12	2	0	0	43	2330
PR00892	RABGDI	0.999999999998997	-1.00313610499822e-12	2	0	0	43	2330
PR00626	CALRETICULIN	0.999999999998997	-1.00313610499822e-12	2	0	0	43	2330
PR00415	ACONITASE	0.999999999998997	-1.00313610499822e-12	2	0	0	43	2330
PR00776	HEMOGLOBNASE	0.999999999998997	-1.00313610499822e-12	2	0	0	43	2330
PR01869	BCATNINFAMLY	0.999999999998997	-1.00313610499822e-12	2	0	0	43	2330
PR00504	CHROMODOMAIN	0.999999999998997	-1.00313610499822e-12	2	0	0	43	2330
PR00717	GPCRKINASE	0.999999999998997	-1.00313610499822e-12	2	0	0	43	2330
PR00702	ACRIFLAVINRP	0.999999999998997	-1.00313610499822e-12	2	0	0	43	2330
PR00509	PGMPMM	0.999999999998997	-1.00313610499822e-12	2	0	0	43	2330
PR01268	GSTRNSFRASEP	0.999999999998997	-1.00313610499822e-12	2	0	0	43	2330
PR00381	KINESINLIGHT	0.999999999998997	-1.00313610499822e-12	2	0	0	43	2330
PR00660	ERLUMENR	0.999999999998997	-1.00313610499822e-12	2	0	0	43	2330
PR01072	PRESENILIN	0.999999999998997	-1.00313610499822e-12	2	0	0	43	2330
PR00616	CCAATSUBUNTB	0.999999999998997	-1.00313610499822e-12	2	0	0	43	2330
PR00679	PROHIBITIN	0.999999999998997	-1.00313610499822e-12	2	0	0	43	2330
PR00887	SSRCOGNITION	0.999999999998997	-1.00313610499822e-12	2	0	0	43	2330
PR01626	LCACHANNELB	0.999999999998997	-1.00313610499822e-12	2	0	0	43	2330
PR00077	GPDHDRGNASE	0.999999999998997	-1.00313610499822e-12	2	0	0	43	2330
PR01182	ORNDCRBXLASE	0.999999999998997	-1.00313610499822e-12	2	0	0	43	2330
PR00962	LETHAL2GIANT	0.999999999998997	-1.00313610499822e-12	2	0	0	43	2330
PR00417	PRTPISMRASEI	0.999999999998997	-1.00313610499822e-12	2	0	0	43	2330
PR01573	SUPERTUBBY	0.999999999998997	-1.00313610499822e-12	2	0	0	43	2330
PR00404	MADSDOMAIN	0.999999999998997	-1.00313610499822e-12	2	0	0	43	2330
PR01764	MAPKPHPHTASE	0.999999999998997	-1.00313610499822e-12	2	0	0	43	2330
PR01035	TCRTETA	0.999999999998997	-1.00313610499822e-12	2	0	0	43	2330
PR01459	KCNQCHANNEL	0.999999999998997	-1.00313610499822e-12	2	0	0	43	2330
PR01041	TRNASYNTHMET	0.999999999998997	-1.00313610499822e-12	2	0	0	43	2330
PR01349	WNTPROTEIN	0.999999999999085	-9.15326453171866e-13	5	0	0	43	2330
PR00347	THAUMATIN	0.999999999999085	-9.15326453171866e-13	5	0	0	43	2330
PR00661	ERMFAMILY	0.999999999999085	-9.15326453171866e-13	5	0	0	43	2330
PR00744	GLHYDRLASE37	0.999999999999085	-9.15326453171866e-13	5	0	0	43	2330
PR00620	HISTONEH2A	0.999999999999085	-9.15326453171866e-13	5	0	0	43	2330
PR01130	DERENTRNSPRT	0.999999999999085	-9.15326453171866e-13	5	0	0	43	2330
PR01125	FMOXYGENASE5	0.999999999999085	-9.15326453171866e-13	5	0	0	43	2330
PR00249	GPCRSECRETIN	0.999999999999085	-9.15326453171866e-13	5	0	0	43	2330
PR01625	GSTRNSFRASEO	0.999999999999085	-9.15326453171866e-13	5	0	0	43	2330
PR00405	REVINTRACTNG	0.999999999999085	-9.15326453171866e-13	5	0	0	43	2330
PR00160	GLUTAREDOXIN	0.999999999999085	-9.15326453171866e-13	5	0	0	43	2330
PR00371	FPNCR	0.999999999999085	-9.15326453171866e-13	5	0	0	43	2330
PR01609	CD36FAMILY	0.999999999999085	-9.15326453171866e-13	5	0	0	43	2330
PR00248	GPCRMGR	0.999999999999085	-9.15326453171866e-13	5	0	0	43	2330
PR00412	EPOXHYDRLASE	0.999999999999085	-9.15326453171866e-13	5	0	0	43	2330
PR00800	YHDCRBOXLASE	0.999999999999085	-9.15326453171866e-13	5	0	0	43	2330
PR00111	ABHYDROLASE	0.999999999999085	-9.15326453171866e-13	5	0	0	43	2330
PR00625	JDOMAIN	0.999999999999282	-7.17622092752391e-13	25	0	0	43	2330
PR00094	ADENYLTKNASE	0.99999999999932	-6.80390582584301e-13	6	0	0	43	2330
PR00399	SYNAPTOTAGMN	0.99999999999932	-6.80390582584301e-13	6	0	0	43	2330
PR00632	SONICHHOG	0.99999999999932	-6.80390582584301e-13	6	0	0	43	2330
PR00092	TYROSINASE	0.99999999999932	-6.80390582584301e-13	6	0	0	43	2330
PR01657	MCMFAMILY	0.99999999999932	-6.80390582584301e-13	6	0	0	43	2330
PR00348	UBIQUITIN	0.99999999999932	-6.80390582584301e-13	6	0	0	43	2330
PR00387	PDIESTERASE1	0.99999999999932	-6.80390582584301e-13	6	0	0	43	2330
PR01163	BETATUBULIN	0.99999999999932	-6.80390582584301e-13	6	0	0	43	2330
PR00633	RCCNDNSATION	0.99999999999932	-6.80390582584301e-13	6	0	0	43	2330
PR00689	ACOABINDINGP	0.99999999999932	-6.80390582584301e-13	6	0	0	43	2330
PR01494	KV9CHANNEL	0.99999999999932	-6.80390582584301e-13	6	0	0	43	2330
PR00390	PHPHLIPASEC	0.99999999999932	-6.80390582584301e-13	6	0	0	43	2330
PR01301	RGSPROTEIN	0.999999999999477	-5.22995213904809e-13	12	0	0	43	2330
PR00031	HTHREPRESSR	0.999999999999477	-5.22995213904809e-13	12	0	0	43	2330
PR00765	CRBOXYPTASEA	0.999999999999477	-5.22995213904809e-13	12	0	0	43	2330
PR00176	NANEUSMPORT	0.999999999999477	-5.22995213904809e-13	12	0	0	43	2330
PR00792	PEPSIN	0.999999999999917	-8.30951599406465e-14	17	0	0	43	2330
PR00937	TBOX	0.999999999999917	-8.30951599406465e-14	17	0	0	43	2330
PR00380	KINESINHEAVY	0.999999999999917	-8.30951599406465e-14	17	0	0	43	2330
PR00301	HEATSHOCK70	1.00000000000005	5.27910250928046e-14	11	0	0	43	2330
PR00360	C2DOMAIN	1.00000000000005	5.27910250928046e-14	11	0	0	43	2330
PR00205	CADHERIN	1.00000000000005	5.27910250928046e-14	11	0	0	43	2330
PR01491	KVCHANNEL	1.00000000000005	5.27910250928046e-14	11	0	0	43	2330
PR00926	MITOCARRIER	1.00000000000009	9.38860828523735e-14	16	0	0	43	2330
PR01161	TUBULIN	1.00000000000009	9.38860828523735e-14	16	0	0	43	2330
PR01415	ANKYRIN	1.00000000000009	9.38860828523735e-14	16	0	0	43	2330
PR01078	AMINACHANNEL	1.00000000000019	1.87399173540089e-13	21	0	0	43	2330
PR00372	FYWHYDRXLASE	1.0000000000002	2.04482726087198e-13	3	0	0	43	2330
PR00255	NATPEPTIDER	1.0000000000002	2.04482726087198e-13	3	0	0	43	2330
PR00389	PHPHLIPASEA2	1.0000000000002	2.04482726087198e-13	3	0	0	43	2330
PR00489	FRIZZLED	1.0000000000002	2.04482726087198e-13	3	0	0	43	2330
PR00319	GPROTEINB	1.0000000000002	2.04482726087198e-13	3	0	0	43	2330
PR00106	DNAPOLB	1.0000000000002	2.04482726087198e-13	3	0	0	43	2330
PR01463	EAGCHANLFMLY	1.0000000000002	2.04482726087198e-13	3	0	0	43	2330
PR01498	SHAWCHANNEL	1.0000000000002	2.04482726087198e-13	3	0	0	43	2330
PR00067	CATALASE	1.0000000000002	2.04482726087198e-13	3	0	0	43	2330
PR00413	HADHALOGNASE	1.0000000000002	2.04482726087198e-13	3	0	0	43	2330
PR01347	EPHRIN	1.0000000000002	2.04482726087198e-13	3	0	0	43	2330
PR00707	UBCTHYDRLASE	1.0000000000002	2.04482726087198e-13	3	0	0	43	2330
PR00683	SPECTRINPH	1.0000000000002	2.04482726087198e-13	3	0	0	43	2330
PR00195	DYNAMIN	1.0000000000002	2.04482726087198e-13	3	0	0	43	2330
PR01772	JNKMAPKINASE	1.0000000000002	2.04482726087198e-13	3	0	0	43	2330
PR01097	TRNSRECEPTRP	1.0000000000002	2.04482726087198e-13	3	0	0	43	2330
PR01259	NACAEXCHNGR	1.0000000000002	2.04482726087198e-13	3	0	0	43	2330
PR00369	FLAVODOXIN	1.0000000000002	2.04482726087198e-13	3	0	0	43	2330
PR00987	TRNASYNTHGLU	1.0000000000002	2.04482726087198e-13	3	0	0	43	2330
PR00502	NUDIXFAMILY	1.0000000000002	2.04482726087198e-13	3	0	0	43	2330
PR02050	B14GALTRFASE	1.0000000000002	2.04482726087198e-13	3	0	0	43	2330
PR00028	POUDOMAIN	1.0000000000002	2.04482726087198e-13	3	0	0	43	2330
PR00391	PITRANSFER	1.0000000000002	2.04482726087198e-13	3	0	0	43	2330
PR00775	HEATSHOCK90	1.0000000000002	2.04482726087198e-13	3	0	0	43	2330
PR01271	HISDACETLASE	1.0000000000002	2.04482726087198e-13	3	0	0	43	2330
PR00376	IL1BCENZYME	1.0000000000002	2.04482726087198e-13	3	0	0	43	2330
PR00447	NATRESASSCMP	1.0000000000002	2.04482726087198e-13	3	0	0	43	2330
PR00243	MUSCARINICR	1.0000000000002	2.04482726087198e-13	3	0	0	43	2330
PR00593	MTABOTROPICR	1.0000000000002	2.04482726087198e-13	3	0	0	43	2330
PR01857	ADAMTSFAMILY	1.0000000000002	2.04482726087198e-13	3	0	0	43	2330
PR00075	FACDDSATRASE	1.0000000000002	2.04482726087198e-13	3	0	0	43	2330
PR00799	TRANSAMINASE	1.0000000000002	2.04482726087198e-13	3	0	0	43	2330
PR00167	CACHANNEL	1.0000000000002	2.04482726087198e-13	3	0	0	43	2330
PR00068	CUZNDISMTASE	1.0000000000002	2.04482726087198e-13	3	0	0	43	2330
PR01315	BATTENIN	1.0000000000002	2.04482726087198e-13	3	0	0	43	2330
PR00881	L7ARS6FAMILY	1.0000000000002	2.04482726087198e-13	3	0	0	43	2330
PR01320	KIRCHANNEL	1.0000000000002	2.04482726087198e-13	3	0	0	43	2330
PR00305	1433ZETA	1.0000000000002	2.04482726087198e-13	3	0	0	43	2330
PR00406	CYTB5RDTASE	1.0000000000002	2.04482726087198e-13	3	0	0	43	2330
PR00756	ALADIPTASE	1.00000000000024	2.42620981984678e-13	10	0	0	43	2330
PR00178	FATTYACIDBP	1.00000000000024	2.42620981984678e-13	10	0	0	43	2330
PR01162	ALPHATUBULIN	1.00000000000024	2.42620981984678e-13	10	0	0	43	2330
PR00153	CSAPPISMRASE	1.00000000000095	9.47222007705916e-13	18	0	0	43	2330
PR00719	LMWPTPASE	1.000000000001	9.96067811565027e-13	1	0	0	43	2330
PR00464	EP450II	1.000000000001	9.96067811565027e-13	1	0	0	43	2330
PR00474	GLU5KINASE	1.000000000001	9.96067811565027e-13	1	0	0	43	2330
PR00056	HSFDOMAIN	1.000000000001	9.96067811565027e-13	1	0	0	43	2330
PR01464	EAGCHANNEL	1.000000000001	9.96067811565027e-13	1	0	0	43	2330
PR00044	LEUZIPPRMYC	1.000000000001	9.96067811565027e-13	1	0	0	43	2330
PR01716	DEATHASSOCP3	1.000000000001	9.96067811565027e-13	1	0	0	43	2330
PR00086	LLDHDRGNASE	1.000000000001	9.96067811565027e-13	1	0	0	43	2330
PR00989	ADENOKINASE	1.000000000001	9.96067811565027e-13	1	0	0	43	2330
PR00867	DNAPOLG	1.000000000001	9.96067811565027e-13	1	0	0	43	2330
PR01348	ICLNCHANNEL	1.000000000001	9.96067811565027e-13	1	0	0	43	2330
PR01000	SREBPS2PTASE	1.000000000001	9.96067811565027e-13	1	0	0	43	2330
PR00104	CGMPKINASE	1.000000000001	9.96067811565027e-13	1	0	0	43	2330
PR00297	CHAPERONIN10	1.000000000001	9.96067811565027e-13	1	0	0	43	2330
PR02011	RCMTNCL1	1.000000000001	9.96067811565027e-13	1	0	0	43	2330
PR00065	TEADOMAIN	1.000000000001	9.96067811565027e-13	1	0	0	43	2330
PR00545	RETINOIDXR	1.000000000001	9.96067811565027e-13	1	0	0	43	2330
PR00351	OM20RECEPTOR	1.000000000001	9.96067811565027e-13	1	0	0	43	2330
PR00100	AOTCASE	1.000000000001	9.96067811565027e-13	1	0	0	43	2330
PR00603	CYTOCHROMEC1	1.000000000001	9.96067811565027e-13	1	0	0	43	2330
PR00392	PROFILIN	1.000000000001	9.96067811565027e-13	1	0	0	43	2330
PR00373	GLYCHORMONER	1.000000000001	9.96067811565027e-13	1	0	0	43	2330
PR00720	MAMMALPTPASE	1.000000000001	9.96067811565027e-13	1	0	0	43	2330
PR01748	AP2TNSCPFCT	1.000000000001	9.96067811565027e-13	1	0	0	43	2330
PR00125	ATPASEDELTA	1.000000000001	9.96067811565027e-13	1	0	0	43	2330
PR00154	AMPBINDING	1.000000000001	9.96067811565027e-13	1	0	0	43	2330
PR00108	THYMDSNTHASE	1.000000000001	9.96067811565027e-13	1	0	0	43	2330
PR00850	GLHYDRLASE59	1.000000000001	9.96067811565027e-13	1	0	0	43	2330
PR01218	PSTLEXTENSIN	1.000000000001	9.96067811565027e-13	1	0	0	43	2330
PR00448	NSFATTACHMNT	1.000000000001	9.96067811565027e-13	1	0	0	43	2330
PR00072	MALOXRDTASE	1.000000000001	9.96067811565027e-13	1	0	0	43	2330
PR01232	NAHCO3TRSPRT	1.000000000001	9.96067811565027e-13	1	0	0	43	2330
PR01868	ABCEFAMILY	1.000000000001	9.96067811565027e-13	1	0	0	43	2330
PR00983	TRNASYNTHCYS	1.000000000001	9.96067811565027e-13	1	0	0	43	2330
PR01629	TVDCCALPHA1	1.000000000001	9.96067811565027e-13	1	0	0	43	2330
PR00143	CITRTSNTHASE	1.000000000001	9.96067811565027e-13	1	0	0	43	2330
PR00623	HISTONEH4	1.000000000001	9.96067811565027e-13	1	0	0	43	2330
PR00309	ARRESTIN	1.000000000001	9.96067811565027e-13	1	0	0	43	2330
PR01250	RIBOSOMALL34	1.000000000001	9.96067811565027e-13	1	0	0	43	2330
PR00302	LUPUSLA	1.000000000001	9.96067811565027e-13	1	0	0	43	2330
PR00082	GLFDHDRGNASE	1.000000000001	9.96067811565027e-13	1	0	0	43	2330
PR01989	EUOM20RECPTR	1.000000000001	9.96067811565027e-13	1	0	0	43	2330
PR00336	LYSASSOCTDMP	1.000000000001	9.96067811565027e-13	1	0	0	43	2330
PR00960	LMBPPROTEIN	1.000000000001	9.96067811565027e-13	1	0	0	43	2330
PR00932	AMINO1PTASE	1.000000000001	9.96067811565027e-13	1	0	0	43	2330
PR01551	SPO11HOMOLOG	1.000000000001	9.96067811565027e-13	1	0	0	43	2330
PR00322	G10	1.000000000001	9.96067811565027e-13	1	0	0	43	2330
PR00127	CLPPROTEASEP	1.000000000001	9.96067811565027e-13	1	0	0	43	2330
PR01088	NAHEXCHNGR6	1.000000000001	9.96067811565027e-13	1	0	0	43	2330
PR00882	RIBOSOMALL7A	1.000000000001	9.96067811565027e-13	1	0	0	43	2330
PR01470	ERGCHANNEL	1.000000000001	9.96067811565027e-13	1	0	0	43	2330
PR00043	LEUZIPPRJUN	1.000000000001	9.96067811565027e-13	1	0	0	43	2330
PR01405	TETRPHPHTASE	1.000000000001	9.96067811565027e-13	1	0	0	43	2330
PR01183	RIBORDTASEM1	1.000000000001	9.96067811565027e-13	1	0	0	43	2330
PR01630	LVDCCALPHA1	1.000000000001	9.96067811565027e-13	1	0	0	43	2330
PR00076	6PGDHDRGNASE	1.000000000001	9.96067811565027e-13	1	0	0	43	2330
PR00124	ATPASEC	1.000000000001	9.96067811565027e-13	1	0	0	43	2330
PR01802	SYNEMBRYN	1.000000000001	9.96067811565027e-13	1	0	0	43	2330
PR00741	GLHYDRLASE29	1.000000000001	9.96067811565027e-13	1	0	0	43	2330
PR01049	PHOSPHBKNASE	1.000000000001	9.96067811565027e-13	1	0	0	43	2330
PR01658	MCMPROTEIN2	1.000000000001	9.96067811565027e-13	1	0	0	43	2330
PR00928	GRAVESDC	1.000000000001	9.96067811565027e-13	1	0	0	43	2330
PR00978	STARPROTEIN	1.000000000001	9.96067811565027e-13	1	0	0	43	2330
PR00440	GPROTEINA12	1.000000000001	9.96067811565027e-13	1	0	0	43	2330
PR01368	SYNAPSIN	1.000000000001	9.96067811565027e-13	1	0	0	43	2330
PR00904	FRATAXIN	1.000000000001	9.96067811565027e-13	1	0	0	43	2330
PR01101	5HTRECEPTOR	1.000000000001	9.96067811565027e-13	1	0	0	43	2330
PR01850	GROUCHOFAMLY	1.000000000001	9.96067811565027e-13	1	0	0	43	2330
PR01497	SHALCHANNEL	1.000000000001	9.96067811565027e-13	1	0	0	43	2330
PR00973	RIBOSOMALS17	1.000000000001	9.96067811565027e-13	1	0	0	43	2330
PR00971	RIBOSOMALS10	1.000000000001	9.96067811565027e-13	1	0	0	43	2330
PR00773	GRPEPROTEIN	1.000000000001	9.96067811565027e-13	1	0	0	43	2330
PR00791	PEPDIPTASEA	1.000000000001	9.96067811565027e-13	1	0	0	43	2330
PR01854	BR22PROTEIN	1.000000000001	9.96067811565027e-13	1	0	0	43	2330
PR00139	ASNGLNASE	1.000000000001	9.96067811565027e-13	1	0	0	43	2330
PR00990	RIBOKINASE	1.000000000001	9.96067811565027e-13	1	0	0	43	2330
PR00217	POSTSYNAPTIC	1.000000000001	9.96067811565027e-13	1	0	0	43	2330
PR01797	SAPOSIN	1.000000000001	9.96067811565027e-13	1	0	0	43	2330
PR00110	ALPHAAMYLASE	1.000000000001	9.96067811565027e-13	1	0	0	43	2330
PR00115	F16BPHPHTASE	1.000000000001	9.96067811565027e-13	1	0	0	43	2330
PR01738	RNABINDINGM8	1.000000000001	9.96067811565027e-13	1	0	0	43	2330
PR00041	LEUZIPPRCREB	1.000000000001	9.96067811565027e-13	1	0	0	43	2330
PR01660	MCMPROTEIN4	1.000000000001	9.96067811565027e-13	1	0	0	43	2330
PR01550	TOP6AFAMILY	1.000000000001	9.96067811565027e-13	1	0	0	43	2330
PR01043	TRNASYNTHGLY	1.000000000001	9.96067811565027e-13	1	0	0	43	2330
PR00185	EUKARYTPORIN	1.000000000001	9.96067811565027e-13	1	0	0	43	2330
PR00662	G6PISOMERASE	1.000000000001	9.96067811565027e-13	1	0	0	43	2330
PR01251	AMPHIPHYSIN	1.000000000001	9.96067811565027e-13	1	0	0	43	2330
PR01075	PRESENILNSEL	1.000000000001	9.96067811565027e-13	1	0	0	43	2330
PR00098	CPSASE	1.000000000001	9.96067811565027e-13	1	0	0	43	2330
PR00740	GLHYDRLASE27	1.000000000001	9.96067811565027e-13	1	0	0	43	2330
PR00298	CHAPERONIN60	1.000000000001	9.96067811565027e-13	1	0	0	43	2330
PR00058	RIBOSOMALL5	1.000000000001	9.96067811565027e-13	1	0	0	43	2330
PR01164	GAMMATUBULIN	1.000000000001	9.96067811565027e-13	1	0	0	43	2330
PR00378	LIIMPHPHTASE	1.000000000001	9.96067811565027e-13	1	0	0	43	2330
PR00148	ENOLASE	1.000000000001	9.96067811565027e-13	1	0	0	43	2330
PR01365	TELOMERASERT	1.000000000001	9.96067811565027e-13	1	0	0	43	2330
PR00052	FIBRILLARIN	1.000000000001	9.96067811565027e-13	1	0	0	43	2330
PR00132	GLHYDRLASE2	1.000000000001	9.96067811565027e-13	1	0	0	43	2330
PR01640	PROFILINPLNT	1.000000000001	9.96067811565027e-13	1	0	0	43	2330
PR02012	RCMTNOP2	1.000000000001	9.96067811565027e-13	1	0	0	43	2330
PR00321	GPROTEING	1.000000000001	9.96067811565027e-13	1	0	0	43	2330
PR00473	GALCTOKINASE	1.000000000001	9.96067811565027e-13	1	0	0	43	2330
PR00492	RHOGDI	1.000000000001	9.96067811565027e-13	1	0	0	43	2330
PR01760	DISHEVELLED	1.000000000001	9.96067811565027e-13	1	0	0	43	2330
PR00728	SIGNALPTASE	1.000000000001	9.96067811565027e-13	1	0	0	43	2330
PR00339	PCNACYCLIN	1.000000000001	9.96067811565027e-13	1	0	0	43	2330
PR00162	RIESKE	1.000000000001	9.96067811565027e-13	1	0	0	43	2330
PR00982	TRNASYNTHLYS	1.000000000001	9.96067811565027e-13	1	0	0	43	2330
PR00477	PHGLYCKINASE	1.000000000001	9.96067811565027e-13	1	0	0	43	2330
PR01443	TFIID30KDSUB	1.000000000001	9.96067811565027e-13	1	0	0	43	2330
PR01588	THIKCHANNEL	1.000000000001	9.96067811565027e-13	1	0	0	43	2330
PR01849	UBIQUITINACT	1.000000000001	9.96067811565027e-13	1	0	0	43	2330
PR00085	THFDHDRGNASE	1.000000000001	9.96067811565027e-13	1	0	0	43	2330
PR00779	INSP3RECEPTR	1.000000000001	9.96067811565027e-13	1	0	0	43	2330
PR01243	NUCDPKINASE	1.000000000001	9.96067811565027e-13	1	0	0	43	2330
PR00191	FACTINCAPA	1.000000000001	9.96067811565027e-13	1	0	0	43	2330
PR01586	TWIKCHANNEL	1.000000000001	9.96067811565027e-13	1	0	0	43	2330
PR01873	CYTCOXIDASE4	1.000000000001	9.96067811565027e-13	1	0	0	43	2330
PR01661	MCMPROTEIN5	1.000000000001	9.96067811565027e-13	1	0	0	43	2330
PR00472	CASNKINASEII	1.000000000001	9.96067811565027e-13	1	0	0	43	2330
PR00443	GPROTEINAS	1.000000000001	9.96067811565027e-13	1	0	0	43	2330
PR01692	LIPOCALINIMR	1.000000000001	9.96067811565027e-13	1	0	0	43	2330
PR00979	TAFAZZIN	1.000000000001	9.96067811565027e-13	1	0	0	43	2330
PR01846	TRHRFAMILY	1.000000000001	9.96067811565027e-13	1	0	0	43	2330
PR01770	ERK1ERK2MAPK	1.000000000001	9.96067811565027e-13	1	0	0	43	2330
PR00414	PPTHIESTRASE	1.000000000001	9.96067811565027e-13	1	0	0	43	2330
PR00025	ANTENNAPEDIA	1.000000000001	9.96067811565027e-13	1	0	0	43	2330
PR00416	EUTPISMRASEI	1.000000000001	9.96067811565027e-13	1	0	0	43	2330
PR01245	RAD1REC1	1.000000000001	9.96067811565027e-13	1	0	0	43	2330
PR00003	4DISULPHCORE	1.000000000001	9.96067811565027e-13	1	0	0	43	2330
PR00456	RIBOSOMALP2	1.000000000001	9.96067811565027e-13	1	0	0	43	2330
PR01433	POLYCYSTIN2	1.000000000001	9.96067811565027e-13	1	0	0	43	2330
PR00972	RIBSOMALS12E	1.000000000001	9.96067811565027e-13	1	0	0	43	2330
PR00079	G6PDHDRGNASE	1.000000000001	9.96067811565027e-13	1	0	0	43	2330
PR01047	TRNASYNTHTHR	1.000000000001	9.96067811565027e-13	1	0	0	43	2330
PR01663	MCMPROTEIN7	1.000000000001	9.96067811565027e-13	1	0	0	43	2330
PR01839	RAD23PROTEIN	1.000000000001	9.96067811565027e-13	1	0	0	43	2330
PR00784	MTUNCOUPLING	1.000000000001	9.96067811565027e-13	1	0	0	43	2330
PR00938	BRACHYURY	1.000000000001	9.96067811565027e-13	1	0	0	43	2330
PR00627	GTPRANTC4	1.000000000001	9.96067811565027e-13	1	0	0	43	2330
PR00276	INSULINFAMLY	1.000000000001	9.96067811565027e-13	1	0	0	43	2330
PR00896	VASOPRESSINR	1.000000000001	9.96067811565027e-13	1	0	0	43	2330
PR00663	GALANINR	1.000000000001	9.96067811565027e-13	1	0	0	43	2330
PR00785	NCTRNSLOCATR	1.000000000001	9.96067811565027e-13	1	0	0	43	2330
PR01475	PARKIN	1.000000000001	9.96067811565027e-13	1	0	0	43	2330
PR00738	GLHYDRLASE20	1.000000000001	9.96067811565027e-13	1	0	0	43	2330
PR00126	ATPASEGAMMA	1.000000000001	9.96067811565027e-13	1	0	0	43	2330
PR00332	HISTRIAD	1.000000000001	9.96067811565027e-13	1	0	0	43	2330
PR00442	GPROTEINAQ	1.000000000001	9.96067811565027e-13	1	0	0	43	2330
PR00961	HUDSXLRNA	1.000000000001	9.96067811565027e-13	1	0	0	43	2330
PR00192	FACTINCAPB	1.000000000001	9.96067811565027e-13	1	0	0	43	2330
PR00407	EUMOPTERIN	1.000000000001	9.96067811565027e-13	1	0	0	43	2330
PR02031	CYSSERRICHNP	1.000000000001	9.96067811565027e-13	1	0	0	43	2330
PR00985	TRNASYNTHLEU	1.000000000001	9.96067811565027e-13	1	0	0	43	2330
PR00846	GLHYDRLASE56	1.000000000001	9.96067811565027e-13	1	0	0	43	2330
PR00600	PP2APR55	1.000000000001	9.96067811565027e-13	1	0	0	43	2330
PR00664	OCTOPAMINER	1.000000000001	9.96067811565027e-13	1	0	0	43	2330
PR01546	YEAST73DUF	1.000000000001	9.96067811565027e-13	1	0	0	43	2330
PR01653	TCTPROTEIN	1.000000000001	9.96067811565027e-13	1	0	0	43	2330
PR00975	RIBOSOMALS19	1.000000000001	9.96067811565027e-13	1	0	0	43	2330
PR00203	AMYLOIDA4	1.000000000001	9.96067811565027e-13	1	0	0	43	2330
PR01659	MCMPROTEIN3	1.000000000001	9.96067811565027e-13	1	0	0	43	2330
PR00868	DNAPOLI	1.000000000001	9.96067811565027e-13	1	0	0	43	2330
PR01662	MCMPROTEIN6	1.000000000001	9.96067811565027e-13	1	0	0	43	2330
PR00767	DBMONOXGNASE	1.000000000001	9.96067811565027e-13	1	0	0	43	2330
PR00465	EP450IV	1.000000000001	9.96067811565027e-13	1	0	0	43	2330
PR01246	RAD1REPAIR	1.000000000001	9.96067811565027e-13	1	0	0	43	2330
PR00967	ONCOGENEAML1	1.000000000001	9.96067811565027e-13	1	0	0	43	2330
PR01698	CYTOFMRPINTP	1.000000000001	9.96067811565027e-13	1	0	0	43	2330
PR00355	ADRENODOXIN	1.000000000001	9.96067811565027e-13	1	0	0	43	2330
PR00071	HMGCOARDTASE	1.000000000001	9.96067811565027e-13	1	0	0	43	2330
PR01034	RIBOSOMALS12	1.000000000001	9.96067811565027e-13	1	0	0	43	2330
PR00220	SYNAPTOPHYSN	1.000000000001	9.96067811565027e-13	1	0	0	43	2330
PR01848	U2AUXFACTOR	1.000000000001	9.96067811565027e-13	1	0	0	43	2330
PR00401	SH2DOMAIN	1.00000000000108	1.08023070869771e-12	19	0	0	43	2330
PR00927	ADPTRNSLCASE	1.00000000000117	1.17169965487154e-12	8	0	0	43	2330
PR00454	ETSDOMAIN	1.00000000000117	1.17169965487154e-12	8	0	0	43	2330
PR00219	SYNAPTOBREVN	1.00000000000117	1.17169965487154e-12	8	0	0	43	2330
PR00786	NEPRILYSIN	1.00000000000117	1.17169965487154e-12	8	0	0	43	2330
PR00721	STOMATIN	1.00000000000117	1.17169965487154e-12	8	0	0	43	2330
PR01270	HDASUPER	1.00000000000117	1.17169965487154e-12	8	0	0	43	2330
PR00624	HISTONEH5	1.00000000000117	1.17169965487154e-12	8	0	0	43	2330
PR00619	GATAZNFINGER	1.00000000000117	1.17169965487154e-12	8	0	0	43	2330
PR00935	BAND41	1.00000000000117	1.17169965487154e-12	8	0	0	43	2330
PR00177	NMDARECEPTOR	1.00000000000117	1.17169965487154e-12	8	0	0	43	2330
PR00318	GPROTEINA	1.00000000000157	1.57340593212335e-12	22	0	0	43	2330
PR00452	SH3DOMAIN	1.00000000000157	1.57340593212335e-12	22	0	0	43	2330
PR00024	HOMEOBOX	1.00000000000179	1.78661521575638e-12	26	0	0	43	2330
PR00078	G3PDHDRGNASE	1.00000000000182	1.81776001982033e-12	4	0	0	43	2330
PR00716	MPIPHPHTASE	1.00000000000182	1.81776001982033e-12	4	0	0	43	2330
PR00314	CLATHRINADPT	1.00000000000182	1.81776001982033e-12	4	0	0	43	2330
PR01042	TRNASYNTHASP	1.00000000000182	1.81776001982033e-12	4	0	0	43	2330
PR00621	HISTONEH2B	1.00000000000182	1.81776001982033e-12	4	0	0	43	2330
PR00853	XPGRADSUPER	1.00000000000182	1.81776001982033e-12	4	0	0	43	2330
PR00050	COLDSHOCK	1.00000000000182	1.81776001982033e-12	4	0	0	43	2330
PR02095	TRNSPORTRHRG	1.00000000000182	1.81776001982033e-12	4	0	0	43	2330
PR00878	CHOLNESTRASE	1.00000000000182	1.81776001982033e-12	4	0	0	43	2330
PR02008	RCMTFAMILY	1.00000000000182	1.81776001982033e-12	4	0	0	43	2330
PR00929	ATHOOK	1.00000000000182	1.81776001982033e-12	4	0	0	43	2330
PR00196	ANNEXIN	1.00000000000182	1.81776001982033e-12	4	0	0	43	2330
PR00363	CYTOCHROMEB5	1.00000000000182	1.81776001982033e-12	4	0	0	43	2330
PR00300	CLPPROTEASEA	1.00000000000182	1.81776001982033e-12	4	0	0	43	2330
PR00315	ELONGATNFCT	1.00000000000203	2.03170249979061e-12	14	0	0	43	2330
PR00699	TMPROTEINSRB	1.00000000000203	2.03170249979061e-12	14	0	0	43	2330
PR00254	NICOTINICR	1.00000000000228	2.27822781110202e-12	20	0	0	43	2330
PR00008	DAGPEDOMAIN	1.00000000000262	2.62151465065716e-12	13	0	0	43	2330
PR00328	SAR1GTPBP	1.00000000000262	2.62151465065716e-12	13	0	0	43	2330
PR00704	CALPAIN	1.00000000000262	2.62151465065716e-12	13	0	0	43	2330
PR01012	NRPEPTIDEYR	1.00000000000262	2.62151465065716e-12	13	0	0	43	2330
PR00503	BROMODOMAIN	1.00000000000262	2.62151465065716e-12	13	0	0	43	2330
PR00370	FMOXYGENASE	1.00000000000273	2.72836849562304e-12	7	0	0	43	2330
PR00138	MATRIXIN	1.00000000000273	2.72836849562304e-12	7	0	0	43	2330
PR00722	CHYMOTRYPSIN	1.00000000000273	2.72836849562304e-12	7	0	0	43	2330
PR00747	GLYHDRLASE47	1.00000000000273	2.72836849562304e-12	7	0	0	43	2330
PR00441	GPROTEINAI	1.00000000000273	2.72836849562304e-12	7	0	0	43	2330
PR00190	ACTIN	1.00000000000273	2.72836849562304e-12	7	0	0	43	2330
PR00697	TMPROTEINSRA	1.00000000000302	3.01648496154625e-12	29	0	0	43	2330
PR00261	LDLRECEPTOR	1.00000000000329	3.29157093725653e-12	15	0	0	43	2330
PR00320	GPROTEINBRPT	1.00000000000333	3.33343860257197e-12	41	0	0	43	2330
PR00783	MINTRINSICP	1.00000000000368	3.68120558963446e-12	9	0	0	43	2330
PR00304	TCOMPLEXTCP1	1.00000000000368	3.68120558963446e-12	9	0	0	43	2330
PR01095	TASKCHANNEL	1.00000000000368	3.68120558963446e-12	9	0	0	43	2330
PR00622	HISTONEH3	1.00000000000368	3.68120558963446e-12	9	0	0	43	2330
PR00326	GTP1OBG	1.00000000000368	3.68120558963446e-12	9	0	0	43	2330
PR00398	STRDHORMONER	1.00000000000521	5.21270605634563e-12	43	0	0	43	2330
PR01333	2POREKCHANEL	1.00000000000521	5.21270605634563e-12	43	0	0	43	2330
PR00700	PRTYPHPHTASE	1.00000000000527	5.27481358312524e-12	57	0	0	43	2330
PR00698	TMPROTEINSRG	1.00000000000693	6.92681977521832e-12	39	0	0	43	2330
PR00114	STPHPHTASE	1.00000000000777	7.76821917148471e-12	45	0	0	43	2330
