TermID	Term	Enrichment	logP	Genes in Term	Target Genes in Term	Fraction of Targets in Term	Total Target Genes	Total Genes	Entrez Gene IDs	Gene Symbols
PR00385	P450	0.000115437591841901	-9.06678050440664	71	6	0.222222222222222	27	2330	189649,181849,188400,184495,181926,181847	cyp-29A3,cyp-34A7,cyp-34A2,cyp-35D1,cyp-29A4,cyp-34A5
PR00463	EP450I	0.000124943629472781	-8.98764788659467	72	6	0.222222222222222	27	2330	181849,189649,188400,184495,181926,181847	cyp-34A7,cyp-29A3,cyp-34A2,cyp-35D1,cyp-29A4,cyp-34A5
PR00110	ALPHAAMYLASE	0.0115879828326442	-4.45778668055316	1	1	0.037037037037037	27	2330	179813	C50B6.7
PR00131	GLHYDRLASE1	0.0230466021811011	-3.77023693120374	2	1	0.037037037037037	27	2330	184000	klo-2
PR00843	GLHYDRLASE30	0.0455812929507361	-3.08825788894261	4	1	0.037037037037037	27	2330	183155	gba-2
PR00347	THAUMATIN	0.0566600999544107	-2.87068502047242	5	1	0.037037037037037	27	2330	185060	thn-1
PR00744	GLHYDRLASE37	0.0566600999544107	-2.87068502047242	5	1	0.037037037037037	27	2330	173388	tre-5
PR01494	KV9CHANNEL	0.0676150149224658	-2.69392520635927	6	1	0.037037037037037	27	2330	183753	kvs-1
PR00454	ETSDOMAIN	0.0891584859665552	-2.4173397516926	8	1	0.037037037037037	27	2330	175226	elf-1
PR00624	HISTONEH5	0.0891584859665552	-2.4173397516926	8	1	0.037037037037037	27	2330	181073	hil-3
PR01491	KVCHANNEL	0.120577376264785	-2.11546360544784	11	1	0.037037037037037	27	2330	183753	kvs-1
PR00328	SAR1GTPBP	0.140940675501583	-1.95941621826388	13	1	0.037037037037037	27	2330	177217	sar-1
PR01012	NRPEPTIDEYR	0.140940675501583	-1.95941621826388	13	1	0.037037037037037	27	2330	183869	npr-8
PR01415	ANKYRIN	0.170636597776574	-1.76821914303601	16	1	0.037037037037037	27	2330	187467	M60.7
PR00792	PEPSIN	0.180313698839981	-1.71305717362255	17	1	0.037037037037037	27	2330	180917	asp-14
PR00081	GDHRDH	0.202188313625699	-1.59855577018028	72	2	0.0740740740740741	27	2330	180624,186315	dhs-26,drd-5
PR00837	V5TPXLIKE	0.253911762088019	-1.37076846567291	25	1	0.037037037037037	27	2330	191309	scl-20
PR00047	STROIDFINGER	0.276203054086238	-1.28661898055092	231	4	0.148148148148148	27	2330	191322,178569,191719,179083	hizr-1,nhr-99,nhr-17,nhr-107
PR00398	STRDHORMONER	0.396972680605956	-0.923887815257348	43	1	0.037037037037037	27	2330	191719	nhr-17
PR00114	STPHPHTASE	0.411130220454316	-0.888845276580131	45	1	0.037037037037037	27	2330	178117	let-92
PR00080	SDRFAMILY	0.431768057204901	-0.839866739541207	48	1	0.037037037037037	27	2330	180624	dhs-26
PR00109	TYRKINASE	0.56320681817318	-0.574108368080227	70	1	0.037037037037037	27	2330	181440	F09A5.2
PR00237	GPCRRHODOPSN	0.823151807242245	-0.194614639370569	144	1	0.037037037037037	27	2330	183869	npr-8
PR01857	ADAMTSFAMILY	0.999999999996012	-3.98852093231747e-12	3	0	0	27	2330
PR00987	TRNASYNTHGLU	0.999999999996012	-3.98852093231747e-12	3	0	0	27	2330
PR00775	HEATSHOCK90	0.999999999996012	-3.98852093231747e-12	3	0	0	27	2330
PR00376	IL1BCENZYME	0.999999999996012	-3.98852093231747e-12	3	0	0	27	2330
PR00447	NATRESASSCMP	0.999999999996012	-3.98852093231747e-12	3	0	0	27	2330
PR01498	SHAWCHANNEL	0.999999999996012	-3.98852093231747e-12	3	0	0	27	2330
PR00372	FYWHYDRXLASE	0.999999999996012	-3.98852093231747e-12	3	0	0	27	2330
PR00243	MUSCARINICR	0.999999999996012	-3.98852093231747e-12	3	0	0	27	2330
PR01320	KIRCHANNEL	0.999999999996012	-3.98852093231747e-12	3	0	0	27	2330
PR00319	GPROTEINB	0.999999999996012	-3.98852093231747e-12	3	0	0	27	2330
PR02050	B14GALTRFASE	0.999999999996012	-3.98852093231747e-12	3	0	0	27	2330
PR00067	CATALASE	0.999999999996012	-3.98852093231747e-12	3	0	0	27	2330
PR00413	HADHALOGNASE	0.999999999996012	-3.98852093231747e-12	3	0	0	27	2330
PR00106	DNAPOLB	0.999999999996012	-3.98852093231747e-12	3	0	0	27	2330
PR00790	PAMONOXGNASE	0.999999999996012	-3.98852093231747e-12	3	0	0	27	2330
PR00489	FRIZZLED	0.999999999996012	-3.98852093231747e-12	3	0	0	27	2330
PR01463	EAGCHANLFMLY	0.999999999996012	-3.98852093231747e-12	3	0	0	27	2330
PR00391	PITRANSFER	0.999999999996012	-3.98852093231747e-12	3	0	0	27	2330
PR01097	TRNSRECEPTRP	0.999999999996012	-3.98852093231747e-12	3	0	0	27	2330
PR00406	CYTB5RDTASE	0.999999999996012	-3.98852093231747e-12	3	0	0	27	2330
PR00799	TRANSAMINASE	0.999999999996012	-3.98852093231747e-12	3	0	0	27	2330
PR00707	UBCTHYDRLASE	0.999999999996012	-3.98852093231747e-12	3	0	0	27	2330
PR00881	L7ARS6FAMILY	0.999999999996012	-3.98852093231747e-12	3	0	0	27	2330
PR01772	JNKMAPKINASE	0.999999999996012	-3.98852093231747e-12	3	0	0	27	2330
PR00255	NATPEPTIDER	0.999999999996012	-3.98852093231747e-12	3	0	0	27	2330
PR00502	NUDIXFAMILY	0.999999999996012	-3.98852093231747e-12	3	0	0	27	2330
PR00195	DYNAMIN	0.999999999996012	-3.98852093231747e-12	3	0	0	27	2330
PR01315	BATTENIN	0.999999999996012	-3.98852093231747e-12	3	0	0	27	2330
PR00683	SPECTRINPH	0.999999999996012	-3.98852093231747e-12	3	0	0	27	2330
PR01259	NACAEXCHNGR	0.999999999996012	-3.98852093231747e-12	3	0	0	27	2330
PR00028	POUDOMAIN	0.999999999996012	-3.98852093231747e-12	3	0	0	27	2330
PR00167	CACHANNEL	0.999999999996012	-3.98852093231747e-12	3	0	0	27	2330
PR00075	FACDDSATRASE	0.999999999996012	-3.98852093231747e-12	3	0	0	27	2330
PR01271	HISDACETLASE	0.999999999996012	-3.98852093231747e-12	3	0	0	27	2330
PR01347	EPHRIN	0.999999999996012	-3.98852093231747e-12	3	0	0	27	2330
PR00389	PHPHLIPASEA2	0.999999999996012	-3.98852093231747e-12	3	0	0	27	2330
PR00068	CUZNDISMTASE	0.999999999996012	-3.98852093231747e-12	3	0	0	27	2330
PR00593	MTABOTROPICR	0.999999999996012	-3.98852093231747e-12	3	0	0	27	2330
PR00369	FLAVODOXIN	0.999999999996012	-3.98852093231747e-12	3	0	0	27	2330
PR00305	1433ZETA	0.999999999996012	-3.98852093231747e-12	3	0	0	27	2330
PR00092	TYROSINASE	0.99999999999701	-2.98999082376046e-12	6	0	0	27	2330
PR01163	BETATUBULIN	0.99999999999701	-2.98999082376046e-12	6	0	0	27	2330
PR00390	PHPHLIPASEC	0.99999999999701	-2.98999082376046e-12	6	0	0	27	2330
PR00633	RCCNDNSATION	0.99999999999701	-2.98999082376046e-12	6	0	0	27	2330
PR00094	ADENYLTKNASE	0.99999999999701	-2.98999082376046e-12	6	0	0	27	2330
PR01657	MCMFAMILY	0.99999999999701	-2.98999082376046e-12	6	0	0	27	2330
PR00348	UBIQUITIN	0.99999999999701	-2.98999082376046e-12	6	0	0	27	2330
PR00762	CLCHANNEL	0.99999999999701	-2.98999082376046e-12	6	0	0	27	2330
PR00689	ACOABINDINGP	0.99999999999701	-2.98999082376046e-12	6	0	0	27	2330
PR00632	SONICHHOG	0.99999999999701	-2.98999082376046e-12	6	0	0	27	2330
PR00387	PDIESTERASE1	0.99999999999701	-2.98999082376046e-12	6	0	0	27	2330
PR00399	SYNAPTOTAGMN	0.99999999999701	-2.98999082376046e-12	6	0	0	27	2330
PR00896	VASOPRESSINR	0.999999999997192	-2.80817730180516e-12	1	0	0	27	2330
PR00203	AMYLOIDA4	0.999999999997192	-2.80817730180516e-12	1	0	0	27	2330
PR01443	TFIID30KDSUB	0.999999999997192	-2.80817730180516e-12	1	0	0	27	2330
PR00071	HMGCOARDTASE	0.999999999997192	-2.80817730180516e-12	1	0	0	27	2330
PR00728	SIGNALPTASE	0.999999999997192	-2.80817730180516e-12	1	0	0	27	2330
PR01075	PRESENILNSEL	0.999999999997192	-2.80817730180516e-12	1	0	0	27	2330
PR00125	ATPASEDELTA	0.999999999997192	-2.80817730180516e-12	1	0	0	27	2330
PR00972	RIBSOMALS12E	0.999999999997192	-2.80817730180516e-12	1	0	0	27	2330
PR01164	GAMMATUBULIN	0.999999999997192	-2.80817730180516e-12	1	0	0	27	2330
PR00085	THFDHDRGNASE	0.999999999997192	-2.80817730180516e-12	1	0	0	27	2330
PR00662	G6PISOMERASE	0.999999999997192	-2.80817730180516e-12	1	0	0	27	2330
PR00041	LEUZIPPRCREB	0.999999999997192	-2.80817730180516e-12	1	0	0	27	2330
PR00126	ATPASEGAMMA	0.999999999997192	-2.80817730180516e-12	1	0	0	27	2330
PR00904	FRATAXIN	0.999999999997192	-2.80817730180516e-12	1	0	0	27	2330
PR01629	TVDCCALPHA1	0.999999999997192	-2.80817730180516e-12	1	0	0	27	2330
PR02011	RCMTNCL1	0.999999999997192	-2.80817730180516e-12	1	0	0	27	2330
PR01047	TRNASYNTHTHR	0.999999999997192	-2.80817730180516e-12	1	0	0	27	2330
PR01043	TRNASYNTHGLY	0.999999999997192	-2.80817730180516e-12	1	0	0	27	2330
PR00785	NCTRNSLOCATR	0.999999999997192	-2.80817730180516e-12	1	0	0	27	2330
PR00351	OM20RECEPTOR	0.999999999997192	-2.80817730180516e-12	1	0	0	27	2330
PR01640	PROFILINPLNT	0.999999999997192	-2.80817730180516e-12	1	0	0	27	2330
PR00440	GPROTEINA12	0.999999999997192	-2.80817730180516e-12	1	0	0	27	2330
PR00850	GLHYDRLASE59	0.999999999997192	-2.80817730180516e-12	1	0	0	27	2330
PR00784	MTUNCOUPLING	0.999999999997192	-2.80817730180516e-12	1	0	0	27	2330
PR00600	PP2APR55	0.999999999997192	-2.80817730180516e-12	1	0	0	27	2330
PR00220	SYNAPTOPHYSN	0.999999999997192	-2.80817730180516e-12	1	0	0	27	2330
PR01470	ERGCHANNEL	0.999999999997192	-2.80817730180516e-12	1	0	0	27	2330
PR00297	CHAPERONIN10	0.999999999997192	-2.80817730180516e-12	1	0	0	27	2330
PR00124	ATPASEC	0.999999999997192	-2.80817730180516e-12	1	0	0	27	2330
PR01839	RAD23PROTEIN	0.999999999997192	-2.80817730180516e-12	1	0	0	27	2330
PR00719	LMWPTPASE	0.999999999997192	-2.80817730180516e-12	1	0	0	27	2330
PR01433	POLYCYSTIN2	0.999999999997192	-2.80817730180516e-12	1	0	0	27	2330
PR01653	TCTPROTEIN	0.999999999997192	-2.80817730180516e-12	1	0	0	27	2330
PR00355	ADRENODOXIN	0.999999999997192	-2.80817730180516e-12	1	0	0	27	2330
PR01232	NAHCO3TRSPRT	0.999999999997192	-2.80817730180516e-12	1	0	0	27	2330
PR00983	TRNASYNTHCYS	0.999999999997192	-2.80817730180516e-12	1	0	0	27	2330
PR00098	CPSASE	0.999999999997192	-2.80817730180516e-12	1	0	0	27	2330
PR01546	YEAST73DUF	0.999999999997192	-2.80817730180516e-12	1	0	0	27	2330
PR00086	LLDHDRGNASE	0.999999999997192	-2.80817730180516e-12	1	0	0	27	2330
PR01770	ERK1ERK2MAPK	0.999999999997192	-2.80817730180516e-12	1	0	0	27	2330
PR00339	PCNACYCLIN	0.999999999997192	-2.80817730180516e-12	1	0	0	27	2330
PR01662	MCMPROTEIN6	0.999999999997192	-2.80817730180516e-12	1	0	0	27	2330
PR00058	RIBOSOMALL5	0.999999999997192	-2.80817730180516e-12	1	0	0	27	2330
PR00139	ASNGLNASE	0.999999999997192	-2.80817730180516e-12	1	0	0	27	2330
PR00967	ONCOGENEAML1	0.999999999997192	-2.80817730180516e-12	1	0	0	27	2330
PR01034	RIBOSOMALS12	0.999999999997192	-2.80817730180516e-12	1	0	0	27	2330
PR00322	G10	0.999999999997192	-2.80817730180516e-12	1	0	0	27	2330
PR00065	TEADOMAIN	0.999999999997192	-2.80817730180516e-12	1	0	0	27	2330
PR00003	4DISULPHCORE	0.999999999997192	-2.80817730180516e-12	1	0	0	27	2330
PR01000	SREBPS2PTASE	0.999999999997192	-2.80817730180516e-12	1	0	0	27	2330
PR01405	TETRPHPHTASE	0.999999999997192	-2.80817730180516e-12	1	0	0	27	2330
PR01246	RAD1REPAIR	0.999999999997192	-2.80817730180516e-12	1	0	0	27	2330
PR00309	ARRESTIN	0.999999999997192	-2.80817730180516e-12	1	0	0	27	2330
PR01365	TELOMERASERT	0.999999999997192	-2.80817730180516e-12	1	0	0	27	2330
PR00336	LYSASSOCTDMP	0.999999999997192	-2.80817730180516e-12	1	0	0	27	2330
PR00975	RIBOSOMALS19	0.999999999997192	-2.80817730180516e-12	1	0	0	27	2330
PR00108	THYMDSNTHASE	0.999999999997192	-2.80817730180516e-12	1	0	0	27	2330
PR00472	CASNKINASEII	0.999999999997192	-2.80817730180516e-12	1	0	0	27	2330
PR00990	RIBOKINASE	0.999999999997192	-2.80817730180516e-12	1	0	0	27	2330
PR00846	GLHYDRLASE56	0.999999999997192	-2.80817730180516e-12	1	0	0	27	2330
PR00025	ANTENNAPEDIA	0.999999999997192	-2.80817730180516e-12	1	0	0	27	2330
PR01698	CYTOFMRPINTP	0.999999999997192	-2.80817730180516e-12	1	0	0	27	2330
PR00298	CHAPERONIN60	0.999999999997192	-2.80817730180516e-12	1	0	0	27	2330
PR00928	GRAVESDC	0.999999999997192	-2.80817730180516e-12	1	0	0	27	2330
PR00407	EUMOPTERIN	0.999999999997192	-2.80817730180516e-12	1	0	0	27	2330
PR00079	G6PDHDRGNASE	0.999999999997192	-2.80817730180516e-12	1	0	0	27	2330
PR01464	EAGCHANNEL	0.999999999997192	-2.80817730180516e-12	1	0	0	27	2330
PR00154	AMPBINDING	0.999999999997192	-2.80817730180516e-12	1	0	0	27	2330
PR00623	HISTONEH4	0.999999999997192	-2.80817730180516e-12	1	0	0	27	2330
PR01663	MCMPROTEIN7	0.999999999997192	-2.80817730180516e-12	1	0	0	27	2330
PR01348	ICLNCHANNEL	0.999999999997192	-2.80817730180516e-12	1	0	0	27	2330
PR00100	AOTCASE	0.999999999997192	-2.80817730180516e-12	1	0	0	27	2330
PR00868	DNAPOLI	0.999999999997192	-2.80817730180516e-12	1	0	0	27	2330
PR01183	RIBORDTASEM1	0.999999999997192	-2.80817730180516e-12	1	0	0	27	2330
PR00191	FACTINCAPA	0.999999999997192	-2.80817730180516e-12	1	0	0	27	2330
PR01475	PARKIN	0.999999999997192	-2.80817730180516e-12	1	0	0	27	2330
PR00740	GLHYDRLASE27	0.999999999997192	-2.80817730180516e-12	1	0	0	27	2330
PR01218	PSTLEXTENSIN	0.999999999997192	-2.80817730180516e-12	1	0	0	27	2330
PR00217	POSTSYNAPTIC	0.999999999997192	-2.80817730180516e-12	1	0	0	27	2330
PR02012	RCMTNOP2	0.999999999997192	-2.80817730180516e-12	1	0	0	27	2330
PR01989	EUOM20RECPTR	0.999999999997192	-2.80817730180516e-12	1	0	0	27	2330
PR01588	THIKCHANNEL	0.999999999997192	-2.80817730180516e-12	1	0	0	27	2330
PR00477	PHGLYCKINASE	0.999999999997192	-2.80817730180516e-12	1	0	0	27	2330
PR00276	INSULINFAMLY	0.999999999997192	-2.80817730180516e-12	1	0	0	27	2330
PR00302	LUPUSLA	0.999999999997192	-2.80817730180516e-12	1	0	0	27	2330
PR01251	AMPHIPHYSIN	0.999999999997192	-2.80817730180516e-12	1	0	0	27	2330
PR00982	TRNASYNTHLYS	0.999999999997192	-2.80817730180516e-12	1	0	0	27	2330
PR01658	MCMPROTEIN2	0.999999999997192	-2.80817730180516e-12	1	0	0	27	2330
PR00465	EP450IV	0.999999999997192	-2.80817730180516e-12	1	0	0	27	2330
PR00185	EUKARYTPORIN	0.999999999997192	-2.80817730180516e-12	1	0	0	27	2330
PR00443	GPROTEINAS	0.999999999997192	-2.80817730180516e-12	1	0	0	27	2330
PR00104	CGMPKINASE	0.999999999997192	-2.80817730180516e-12	1	0	0	27	2330
PR00720	MAMMALPTPASE	0.999999999997192	-2.80817730180516e-12	1	0	0	27	2330
PR00492	RHOGDI	0.999999999997192	-2.80817730180516e-12	1	0	0	27	2330
PR00767	DBMONOXGNASE	0.999999999997192	-2.80817730180516e-12	1	0	0	27	2330
PR00979	TAFAZZIN	0.999999999997192	-2.80817730180516e-12	1	0	0	27	2330
PR00115	F16BPHPHTASE	0.999999999997192	-2.80817730180516e-12	1	0	0	27	2330
PR00545	RETINOIDXR	0.999999999997192	-2.80817730180516e-12	1	0	0	27	2330
PR00392	PROFILIN	0.999999999997192	-2.80817730180516e-12	1	0	0	27	2330
PR00773	GRPEPROTEIN	0.999999999997192	-2.80817730180516e-12	1	0	0	27	2330
PR01748	AP2TNSCPFCT	0.999999999997192	-2.80817730180516e-12	1	0	0	27	2330
PR00978	STARPROTEIN	0.999999999997192	-2.80817730180516e-12	1	0	0	27	2330
PR01849	UBIQUITINACT	0.999999999997192	-2.80817730180516e-12	1	0	0	27	2330
PR00442	GPROTEINAQ	0.999999999997192	-2.80817730180516e-12	1	0	0	27	2330
PR01850	GROUCHOFAMLY	0.999999999997192	-2.80817730180516e-12	1	0	0	27	2330
PR00473	GALCTOKINASE	0.999999999997192	-2.80817730180516e-12	1	0	0	27	2330
PR00044	LEUZIPPRMYC	0.999999999997192	-2.80817730180516e-12	1	0	0	27	2330
PR00973	RIBOSOMALS17	0.999999999997192	-2.80817730180516e-12	1	0	0	27	2330
PR00664	OCTOPAMINER	0.999999999997192	-2.80817730180516e-12	1	0	0	27	2330
PR00779	INSP3RECEPTR	0.999999999997192	-2.80817730180516e-12	1	0	0	27	2330
PR00971	RIBOSOMALS10	0.999999999997192	-2.80817730180516e-12	1	0	0	27	2330
PR00373	GLYCHORMONER	0.999999999997192	-2.80817730180516e-12	1	0	0	27	2330
PR01550	TOP6AFAMILY	0.999999999997192	-2.80817730180516e-12	1	0	0	27	2330
PR01738	RNABINDINGM8	0.999999999997192	-2.80817730180516e-12	1	0	0	27	2330
PR02031	CYSSERRICHNP	0.999999999997192	-2.80817730180516e-12	1	0	0	27	2330
PR01802	SYNEMBRYN	0.999999999997192	-2.80817730180516e-12	1	0	0	27	2330
PR00738	GLHYDRLASE20	0.999999999997192	-2.80817730180516e-12	1	0	0	27	2330
PR01368	SYNAPSIN	0.999999999997192	-2.80817730180516e-12	1	0	0	27	2330
PR00162	RIESKE	0.999999999997192	-2.80817730180516e-12	1	0	0	27	2330
PR00960	LMBPPROTEIN	0.999999999997192	-2.80817730180516e-12	1	0	0	27	2330
PR00791	PEPDIPTASEA	0.999999999997192	-2.80817730180516e-12	1	0	0	27	2330
PR00332	HISTRIAD	0.999999999997192	-2.80817730180516e-12	1	0	0	27	2330
PR00378	LIIMPHPHTASE	0.999999999997192	-2.80817730180516e-12	1	0	0	27	2330
PR00741	GLHYDRLASE29	0.999999999997192	-2.80817730180516e-12	1	0	0	27	2330
PR01101	5HTRECEPTOR	0.999999999997192	-2.80817730180516e-12	1	0	0	27	2330
PR00464	EP450II	0.999999999997192	-2.80817730180516e-12	1	0	0	27	2330
PR00938	BRACHYURY	0.999999999997192	-2.80817730180516e-12	1	0	0	27	2330
PR00603	CYTOCHROMEC1	0.999999999997192	-2.80817730180516e-12	1	0	0	27	2330
PR00127	CLPPROTEASEP	0.999999999997192	-2.80817730180516e-12	1	0	0	27	2330
PR01659	MCMPROTEIN3	0.999999999997192	-2.80817730180516e-12	1	0	0	27	2330
PR00072	MALOXRDTASE	0.999999999997192	-2.80817730180516e-12	1	0	0	27	2330
PR00082	GLFDHDRGNASE	0.999999999997192	-2.80817730180516e-12	1	0	0	27	2330
PR00416	EUTPISMRASEI	0.999999999997192	-2.80817730180516e-12	1	0	0	27	2330
PR00989	ADENOKINASE	0.999999999997192	-2.80817730180516e-12	1	0	0	27	2330
PR01854	BR22PROTEIN	0.999999999997192	-2.80817730180516e-12	1	0	0	27	2330
PR01846	TRHRFAMILY	0.999999999997192	-2.80817730180516e-12	1	0	0	27	2330
PR00143	CITRTSNTHASE	0.999999999997192	-2.80817730180516e-12	1	0	0	27	2330
PR00414	PPTHIESTRASE	0.999999999997192	-2.80817730180516e-12	1	0	0	27	2330
PR00448	NSFATTACHMNT	0.999999999997192	-2.80817730180516e-12	1	0	0	27	2330
PR01797	SAPOSIN	0.999999999997192	-2.80817730180516e-12	1	0	0	27	2330
PR01760	DISHEVELLED	0.999999999997192	-2.80817730180516e-12	1	0	0	27	2330
PR01049	PHOSPHBKNASE	0.999999999997192	-2.80817730180516e-12	1	0	0	27	2330
PR00932	AMINO1PTASE	0.999999999997192	-2.80817730180516e-12	1	0	0	27	2330
PR00882	RIBOSOMALL7A	0.999999999997192	-2.80817730180516e-12	1	0	0	27	2330
PR01088	NAHEXCHNGR6	0.999999999997192	-2.80817730180516e-12	1	0	0	27	2330
PR01868	ABCEFAMILY	0.999999999997192	-2.80817730180516e-12	1	0	0	27	2330
PR01497	SHALCHANNEL	0.999999999997192	-2.80817730180516e-12	1	0	0	27	2330
PR00076	6PGDHDRGNASE	0.999999999997192	-2.80817730180516e-12	1	0	0	27	2330
PR01716	DEATHASSOCP3	0.999999999997192	-2.80817730180516e-12	1	0	0	27	2330
PR00192	FACTINCAPB	0.999999999997192	-2.80817730180516e-12	1	0	0	27	2330
PR01630	LVDCCALPHA1	0.999999999997192	-2.80817730180516e-12	1	0	0	27	2330
PR00663	GALANINR	0.999999999997192	-2.80817730180516e-12	1	0	0	27	2330
PR00052	FIBRILLARIN	0.999999999997192	-2.80817730180516e-12	1	0	0	27	2330
PR00867	DNAPOLG	0.999999999997192	-2.80817730180516e-12	1	0	0	27	2330
PR01660	MCMPROTEIN4	0.999999999997192	-2.80817730180516e-12	1	0	0	27	2330
PR00148	ENOLASE	0.999999999997192	-2.80817730180516e-12	1	0	0	27	2330
PR00985	TRNASYNTHLEU	0.999999999997192	-2.80817730180516e-12	1	0	0	27	2330
PR00132	GLHYDRLASE2	0.999999999997192	-2.80817730180516e-12	1	0	0	27	2330
PR01586	TWIKCHANNEL	0.999999999997192	-2.80817730180516e-12	1	0	0	27	2330
PR01873	CYTCOXIDASE4	0.999999999997192	-2.80817730180516e-12	1	0	0	27	2330
PR01661	MCMPROTEIN5	0.999999999997192	-2.80817730180516e-12	1	0	0	27	2330
PR00043	LEUZIPPRJUN	0.999999999997192	-2.80817730180516e-12	1	0	0	27	2330
PR00627	GTPRANTC4	0.999999999997192	-2.80817730180516e-12	1	0	0	27	2330
PR00194	TROPOMYOSIN	0.999999999997192	-2.80817730180516e-12	1	0	0	27	2330
PR01250	RIBOSOMALL34	0.999999999997192	-2.80817730180516e-12	1	0	0	27	2330
PR01848	U2AUXFACTOR	0.999999999997192	-2.80817730180516e-12	1	0	0	27	2330
PR01692	LIPOCALINIMR	0.999999999997192	-2.80817730180516e-12	1	0	0	27	2330
PR00961	HUDSXLRNA	0.999999999997192	-2.80817730180516e-12	1	0	0	27	2330
PR01551	SPO11HOMOLOG	0.999999999997192	-2.80817730180516e-12	1	0	0	27	2330
PR01243	NUCDPKINASE	0.999999999997192	-2.80817730180516e-12	1	0	0	27	2330
PR00321	GPROTEING	0.999999999997192	-2.80817730180516e-12	1	0	0	27	2330
PR00056	HSFDOMAIN	0.999999999997192	-2.80817730180516e-12	1	0	0	27	2330
PR01838	NCAMFAMILY	0.999999999997192	-2.80817730180516e-12	1	0	0	27	2330
PR00456	RIBOSOMALP2	0.999999999997192	-2.80817730180516e-12	1	0	0	27	2330
PR00474	GLU5KINASE	0.999999999997192	-2.80817730180516e-12	1	0	0	27	2330
PR01245	RAD1REC1	0.999999999997192	-2.80817730180516e-12	1	0	0	27	2330
PR00935	BAND41	0.999999999997977	-2.0231844866437e-12	8	0	0	27	2330
PR00786	NEPRILYSIN	0.999999999997977	-2.0231844866437e-12	8	0	0	27	2330
PR00721	STOMATIN	0.999999999997977	-2.0231844866437e-12	8	0	0	27	2330
PR00219	SYNAPTOBREVN	0.999999999997977	-2.0231844866437e-12	8	0	0	27	2330
PR00177	NMDARECEPTOR	0.999999999997977	-2.0231844866437e-12	8	0	0	27	2330
PR00927	ADPTRNSLCASE	0.999999999997977	-2.0231844866437e-12	8	0	0	27	2330
PR01270	HDASUPER	0.999999999997977	-2.0231844866437e-12	8	0	0	27	2330
PR00619	GATAZNFINGER	0.999999999997977	-2.0231844866437e-12	8	0	0	27	2330
PR00320	GPROTEINBRPT	0.999999999998117	-1.88270108442084e-12	41	0	0	27	2330
PR00176	NANEUSMPORT	0.999999999998132	-1.86777981757728e-12	12	0	0	27	2330
PR00765	CRBOXYPTASEA	0.999999999998132	-1.86777981757728e-12	12	0	0	27	2330
PR00031	HTHREPRESSR	0.999999999998132	-1.86777981757728e-12	12	0	0	27	2330
PR00069	ALDKETRDTASE	0.999999999998132	-1.86777981757728e-12	12	0	0	27	2330
PR01301	RGSPROTEIN	0.999999999998132	-1.86777981757728e-12	12	0	0	27	2330
PR01625	GSTRNSFRASEO	0.999999999998357	-1.64288066610261e-12	5	0	0	27	2330
PR01125	FMOXYGENASE5	0.999999999998357	-1.64288066610261e-12	5	0	0	27	2330
PR00249	GPCRSECRETIN	0.999999999998357	-1.64288066610261e-12	5	0	0	27	2330
PR00800	YHDCRBOXLASE	0.999999999998357	-1.64288066610261e-12	5	0	0	27	2330
PR00371	FPNCR	0.999999999998357	-1.64288066610261e-12	5	0	0	27	2330
PR00412	EPOXHYDRLASE	0.999999999998357	-1.64288066610261e-12	5	0	0	27	2330
PR00723	SUBTILISIN	0.999999999998357	-1.64288066610261e-12	5	0	0	27	2330
PR00405	REVINTRACTNG	0.999999999998357	-1.64288066610261e-12	5	0	0	27	2330
PR00111	ABHYDROLASE	0.999999999998357	-1.64288066610261e-12	5	0	0	27	2330
PR00248	GPCRMGR	0.999999999998357	-1.64288066610261e-12	5	0	0	27	2330
PR01609	CD36FAMILY	0.999999999998357	-1.64288066610261e-12	5	0	0	27	2330
PR00661	ERMFAMILY	0.999999999998357	-1.64288066610261e-12	5	0	0	27	2330
PR00620	HISTONEH2A	0.999999999998357	-1.64288066610261e-12	5	0	0	27	2330
PR01349	WNTPROTEIN	0.999999999998357	-1.64288066610261e-12	5	0	0	27	2330
PR01130	DERENTRNSPRT	0.999999999998357	-1.64288066610261e-12	5	0	0	27	2330
PR00160	GLUTAREDOXIN	0.999999999998357	-1.64288066610261e-12	5	0	0	27	2330
PR00301	HEATSHOCK70	0.9999999999988	-1.20009531321812e-12	11	0	0	27	2330
PR00360	C2DOMAIN	0.9999999999988	-1.20009531321812e-12	11	0	0	27	2330
PR00205	CADHERIN	0.9999999999988	-1.20009531321812e-12	11	0	0	27	2330
PR00141	PROTEASOME	0.999999999998806	-1.19408641503262e-12	2	0	0	27	2330
PR00876	MTNEMATODE	0.999999999998806	-1.19408641503262e-12	2	0	0	27	2330
PR00991	6PFRUCTKNASE	0.999999999998806	-1.19408641503262e-12	2	0	0	27	2330
PR00717	GPCRKINASE	0.999999999998806	-1.19408641503262e-12	2	0	0	27	2330
PR00481	LAMNOPPTDASE	0.999999999998806	-1.19408641503262e-12	2	0	0	27	2330
PR00504	CHROMODOMAIN	0.999999999998806	-1.19408641503262e-12	2	0	0	27	2330
PR00604	CYTCHRMECIAB	0.999999999998806	-1.19408641503262e-12	2	0	0	27	2330
PR01040	TRNASYNTHTYR	0.999999999998806	-1.19408641503262e-12	2	0	0	27	2330
PR00883	NUCLEARHMG	0.999999999998806	-1.19408641503262e-12	2	0	0	27	2330
PR01822	CCYSTOKININR	0.999999999998806	-1.19408641503262e-12	2	0	0	27	2330
PR01573	SUPERTUBBY	0.999999999998806	-1.19408641503262e-12	2	0	0	27	2330
PR00120	HATPASE	0.999999999998806	-1.19408641503262e-12	2	0	0	27	2330
PR00685	TIFACTORIIB	0.999999999998806	-1.19408641503262e-12	2	0	0	27	2330
PR01160	GABAARBETA	0.999999999998806	-1.19408641503262e-12	2	0	0	27	2330
PR00980	TRNASYNTHALA	0.999999999998806	-1.19408641503262e-12	2	0	0	27	2330
PR00189	TRNSTHYRETIN	0.999999999998806	-1.19408641503262e-12	2	0	0	27	2330
PR00509	PGMPMM	0.999999999998806	-1.19408641503262e-12	2	0	0	27	2330
PR00714	MAN6PISMRASE	0.999999999998806	-1.19408641503262e-12	2	0	0	27	2330
PR01869	BCATNINFAMLY	0.999999999998806	-1.19408641503262e-12	2	0	0	27	2330
PR00626	CALRETICULIN	0.999999999998806	-1.19408641503262e-12	2	0	0	27	2330
PR01908	ADSPHPHTASE	0.999999999998806	-1.19408641503262e-12	2	0	0	27	2330
PR00381	KINESINLIGHT	0.999999999998806	-1.19408641503262e-12	2	0	0	27	2330
PR01050	PYRUVTKNASE	0.999999999998806	-1.19408641503262e-12	2	0	0	27	2330
PR00962	LETHAL2GIANT	0.999999999998806	-1.19408641503262e-12	2	0	0	27	2330
PR00891	RABGDIREP	0.999999999998806	-1.19408641503262e-12	2	0	0	27	2330
PR01041	TRNASYNTHMET	0.999999999998806	-1.19408641503262e-12	2	0	0	27	2330
PR00122	VACATPASE	0.999999999998806	-1.19408641503262e-12	2	0	0	27	2330
PR00702	ACRIFLAVINRP	0.999999999998806	-1.19408641503262e-12	2	0	0	27	2330
PR00679	PROHIBITIN	0.999999999998806	-1.19408641503262e-12	2	0	0	27	2330
PR01185	INTEGRINA	0.999999999998806	-1.19408641503262e-12	2	0	0	27	2330
PR00149	FUMRATELYASE	0.999999999998806	-1.19408641503262e-12	2	0	0	27	2330
PR00653	ACTIVIN2R	0.999999999998806	-1.19408641503262e-12	2	0	0	27	2330
PR00415	ACONITASE	0.999999999998806	-1.19408641503262e-12	2	0	0	27	2330
PR00742	GLHYDRLASE35	0.999999999998806	-1.19408641503262e-12	2	0	0	27	2330
PR00887	SSRCOGNITION	0.999999999998806	-1.19408641503262e-12	2	0	0	27	2330
PR00077	GPDHDRGNASE	0.999999999998806	-1.19408641503262e-12	2	0	0	27	2330
PR00296	CYCLINKINASE	0.999999999998806	-1.19408641503262e-12	2	0	0	27	2330
PR01179	ODADCRBXLASE	0.999999999998806	-1.19408641503262e-12	2	0	0	27	2330
PR00599	MAPEPTIDASE	0.999999999998806	-1.19408641503262e-12	2	0	0	27	2330
PR01035	TCRTETA	0.999999999998806	-1.19408641503262e-12	2	0	0	27	2330
PR00377	IMPHPHTASES	0.999999999998806	-1.19408641503262e-12	2	0	0	27	2330
PR00417	PRTPISMRASEI	0.999999999998806	-1.19408641503262e-12	2	0	0	27	2330
PR01001	FADG3PDH	0.999999999998806	-1.19408641503262e-12	2	0	0	27	2330
PR01039	TRNASYNTHTRP	0.999999999998806	-1.19408641503262e-12	2	0	0	27	2330
PR00476	PHFRCTKINASE	0.999999999998806	-1.19408641503262e-12	2	0	0	27	2330
PR01182	ORNDCRBXLASE	0.999999999998806	-1.19408641503262e-12	2	0	0	27	2330
PR01452	LNOTCHREPEAT	0.999999999998806	-1.19408641503262e-12	2	0	0	27	2330
PR01703	MNSODISMTASE	0.999999999998806	-1.19408641503262e-12	2	0	0	27	2330
PR00892	RABGDI	0.999999999998806	-1.19408641503262e-12	2	0	0	27	2330
PR00776	HEMOGLOBNASE	0.999999999998806	-1.19408641503262e-12	2	0	0	27	2330
PR01038	TRNASYNTHARG	0.999999999998806	-1.19408641503262e-12	2	0	0	27	2330
PR00597	GELSOLIN	0.999999999998806	-1.19408641503262e-12	2	0	0	27	2330
PR00984	TRNASYNTHILE	0.999999999998806	-1.19408641503262e-12	2	0	0	27	2330
PR01626	LCACHANNELB	0.999999999998806	-1.19408641503262e-12	2	0	0	27	2330
PR01072	PRESENILIN	0.999999999998806	-1.19408641503262e-12	2	0	0	27	2330
PR00805	ALPHACATENIN	0.999999999998806	-1.19408641503262e-12	2	0	0	27	2330
PR00342	RHESUSRHD	0.999999999998806	-1.19408641503262e-12	2	0	0	27	2330
PR01268	GSTRNSFRASEP	0.999999999998806	-1.19408641503262e-12	2	0	0	27	2330
PR01459	KCNQCHANNEL	0.999999999998806	-1.19408641503262e-12	2	0	0	27	2330
PR00986	TRNASYNTHVAL	0.999999999998806	-1.19408641503262e-12	2	0	0	27	2330
PR01773	P38MAPKINASE	0.999999999998806	-1.19408641503262e-12	2	0	0	27	2330
PR00404	MADSDOMAIN	0.999999999998806	-1.19408641503262e-12	2	0	0	27	2330
PR00395	RIBOSOMALS2	0.999999999998806	-1.19408641503262e-12	2	0	0	27	2330
PR01764	MAPKPHPHTASE	0.999999999998806	-1.19408641503262e-12	2	0	0	27	2330
PR01186	INTEGRINB	0.999999999998806	-1.19408641503262e-12	2	0	0	27	2330
PR00727	LEADERPTASE	0.999999999998806	-1.19408641503262e-12	2	0	0	27	2330
PR00686	TIFACTORIID	0.999999999998806	-1.19408641503262e-12	2	0	0	27	2330
PR00660	ERLUMENR	0.999999999998806	-1.19408641503262e-12	2	0	0	27	2330
PR00616	CCAATSUBUNTB	0.999999999998806	-1.19408641503262e-12	2	0	0	27	2330
PR00981	TRNASYNTHSER	0.999999999998806	-1.19408641503262e-12	2	0	0	27	2330
PR00789	OSIALOPTASE	0.999999999998806	-1.19408641503262e-12	2	0	0	27	2330
PR01046	TRNASYNTHPRO	0.999999999998806	-1.19408641503262e-12	2	0	0	27	2330
PR01078	AMINACHANNEL	0.999999999998896	-1.1040003941526e-12	21	0	0	27	2330
PR00705	PAPAIN	0.999999999999388	-6.11729824717867e-13	20	0	0	27	2330
PR00759	BASICPTASE	0.999999999999388	-6.11729824717867e-13	20	0	0	27	2330
PR00254	NICOTINICR	0.999999999999388	-6.11729824717867e-13	20	0	0	27	2330
PR00370	FMOXYGENASE	0.999999999999449	-5.50690382725462e-13	7	0	0	27	2330
PR00441	GPROTEINAI	0.999999999999449	-5.50690382725462e-13	7	0	0	27	2330
PR00190	ACTIN	0.999999999999449	-5.50690382725462e-13	7	0	0	27	2330
PR01011	GLUTPROXDASE	0.999999999999449	-5.50690382725462e-13	7	0	0	27	2330
PR00138	MATRIXIN	0.999999999999449	-5.50690382725462e-13	7	0	0	27	2330
PR00747	GLYHDRLASE47	0.999999999999449	-5.50690382725462e-13	7	0	0	27	2330
PR00722	CHYMOTRYPSIN	0.999999999999449	-5.50690382725462e-13	7	0	0	27	2330
PR01162	ALPHATUBULIN	0.999999999999684	-3.15620558126061e-13	10	0	0	27	2330
PR00171	SUGRTRNSPORT	0.999999999999684	-3.15620558126061e-13	10	0	0	27	2330
PR00178	FATTYACIDBP	0.999999999999684	-3.15620558126061e-13	10	0	0	27	2330
PR00756	ALADIPTASE	0.999999999999684	-3.15620558126061e-13	10	0	0	27	2330
PR00401	SH2DOMAIN	1.00000000000006	5.74937927249666e-14	19	0	0	27	2330
PR00838	V5ALLERGEN	1.00000000000006	5.74937927249666e-14	19	0	0	27	2330
PR00622	HISTONEH3	1.00000000000031	3.11417353866295e-13	9	0	0	27	2330
PR00027	PAIREDBOX	1.00000000000031	3.11417353866295e-13	9	0	0	27	2330
PR00724	CRBOXYPTASEC	1.00000000000031	3.11417353866295e-13	9	0	0	27	2330
PR00304	TCOMPLEXTCP1	1.00000000000031	3.11417353866295e-13	9	0	0	27	2330
PR01084	NAHEXCHNGR	1.00000000000031	3.11417353866295e-13	9	0	0	27	2330
PR00326	GTP1OBG	1.00000000000031	3.11417353866295e-13	9	0	0	27	2330
PR00783	MINTRINSICP	1.00000000000031	3.11417353866295e-13	9	0	0	27	2330
PR01095	TASKCHANNEL	1.00000000000031	3.11417353866295e-13	9	0	0	27	2330
PR00926	MITOCARRIER	1.00000000000034	3.4435061475714e-13	16	0	0	27	2330
PR01161	TUBULIN	1.00000000000034	3.4435061475714e-13	16	0	0	27	2330
PR01262	INNEXIN	1.00000000000047	4.68452286056584e-13	25	0	0	27	2330
PR00625	JDOMAIN	1.00000000000047	4.68452286056584e-13	25	0	0	27	2330
PR00253	GABAARECEPTR	1.00000000000048	4.80233323981062e-13	37	0	0	27	2330
PR00299	ACRYSTALLIN	1.0000000000005	5.04069668367358e-13	15	0	0	27	2330
PR00261	LDLRECEPTOR	1.0000000000005	5.04069668367358e-13	15	0	0	27	2330
PR00008	DAGPEDOMAIN	1.00000000000055	5.54469963653135e-13	13	0	0	27	2330
PR00503	BROMODOMAIN	1.00000000000055	5.54469963653135e-13	13	0	0	27	2330
PR00457	ANPEROXIDASE	1.00000000000055	5.54469963653135e-13	13	0	0	27	2330
PR00704	CALPAIN	1.00000000000055	5.54469963653135e-13	13	0	0	27	2330
PR00259	TMFOUR	1.00000000000055	5.54469963653135e-13	13	0	0	27	2330
PR00153	CSAPPISMRASE	1.00000000000058	5.84715471051837e-13	18	0	0	27	2330
PR01333	2POREKCHANEL	1.00000000000101	1.01381506756073e-12	43	0	0	27	2330
PR00315	ELONGATNFCT	1.0000000000013	1.29806139182771e-12	14	0	0	27	2330
PR00699	TMPROTEINSRB	1.0000000000013	1.29806139182771e-12	14	0	0	27	2330
PR00053	FORKHEAD	1.0000000000013	1.29806139182771e-12	14	0	0	27	2330
PR00380	KINESINHEAVY	1.00000000000134	1.33853408762857e-12	17	0	0	27	2330
PR00937	TBOX	1.00000000000134	1.33853408762857e-12	17	0	0	27	2330
PR00193	MYOSINHEAVY	1.00000000000134	1.33853408762857e-12	17	0	0	27	2330
PR00024	HOMEOBOX	1.00000000000148	1.47806082980976e-12	26	0	0	27	2330
PR00697	TMPROTEINSRA	1.00000000000157	1.57059846803386e-12	29	0	0	27	2330
PR00452	SH3DOMAIN	1.00000000000168	1.6771683485724e-12	22	0	0	27	2330
PR00318	GPROTEINA	1.00000000000168	1.6771683485724e-12	22	0	0	27	2330
PR00698	TMPROTEINSRG	1.00000000000201	2.01103185984544e-12	39	0	0	27	2330
PR00480	ASTACIN	1.00000000000201	2.01103185984544e-12	39	0	0	27	2330
PR00700	PRTYPHPHTASE	1.00000000000214	2.14143763248221e-12	57	0	0	27	2330
PR01042	TRNASYNTHASP	1.00000000000302	3.02025412917553e-12	4	0	0	27	2330
PR00078	G3PDHDRGNASE	1.00000000000302	3.02025412917553e-12	4	0	0	27	2330
PR01231	HCO3TRNSPORT	1.00000000000302	3.02025412917553e-12	4	0	0	27	2330
PR00621	HISTONEH2B	1.00000000000302	3.02025412917553e-12	4	0	0	27	2330
PR02008	RCMTFAMILY	1.00000000000302	3.02025412917553e-12	4	0	0	27	2330
PR00888	SM22CALPONIN	1.00000000000302	3.02025412917553e-12	4	0	0	27	2330
PR00878	CHOLNESTRASE	1.00000000000302	3.02025412917553e-12	4	0	0	27	2330
PR00050	COLDSHOCK	1.00000000000302	3.02025412917553e-12	4	0	0	27	2330
PR00853	XPGRADSUPER	1.00000000000302	3.02025412917553e-12	4	0	0	27	2330
PR00300	CLPPROTEASEA	1.00000000000302	3.02025412917553e-12	4	0	0	27	2330
PR00716	MPIPHPHTASE	1.00000000000302	3.02025412917553e-12	4	0	0	27	2330
PR00363	CYTOCHROMEB5	1.00000000000302	3.02025412917553e-12	4	0	0	27	2330
PR00314	CLATHRINADPT	1.00000000000302	3.02025412917553e-12	4	0	0	27	2330
PR00196	ANNEXIN	1.00000000000302	3.02025412917553e-12	4	0	0	27	2330
PR00929	ATHOOK	1.00000000000302	3.02025412917553e-12	4	0	0	27	2330
PR02095	TRNSPORTRHRG	1.00000000000302	3.02025412917553e-12	4	0	0	27	2330
PR00252	NRIONCHANNEL	1.00000000000451	4.50942357720717e-12	84	0	0	27	2330
