TermID	Term	Enrichment	logP	Genes in Term	Target Genes in Term	Fraction of Targets in Term	Total Target Genes	Total Genes	Entrez Gene IDs	Gene Symbols
PR00385	P450	2.57014346664997e-05	-10.568963744022	71	8	0.19047619047619	42	2330	188358,188361,188355,188356,187573,181849,188357,189444	cyp-13A8,cyp-13A1,cyp-13A4,cyp-13A5,cyp-14A4,cyp-34A7,cyp-13A6,cyp-33D3
PR00463	EP450I	2.85328397946523e-05	-10.4644548605507	72	8	0.19047619047619	42	2330	188356,187573,188357,181849,189444,188358,188355,188361	cyp-13A5,cyp-14A4,cyp-13A6,cyp-34A7,cyp-33D3,cyp-13A8,cyp-13A4,cyp-13A1
PR00008	DAGPEDOMAIN	0.00137449457545285	-6.58966919692707	13	3	0.0714285714285714	42	2330	179344,180121,181166	rgef-1,dkf-2,pkc-2
PR01333	2POREKCHANEL	0.00676600592894496	-4.99584433233891	43	4	0.0952380952380952	42	2330	177803,179682,177727,181024	twk-9,twk-24,twk-8,twk-17
PR00080	SDRFAMILY	0.00999538869454948	-4.60563142288653	48	4	0.0952380952380952	42	2330	182329,182326,184337,187609	C06E4.6,C06E4.3,stdh-2,R05D8.9
PR01095	TASKCHANNEL	0.0105415930232046	-4.55242660656803	9	2	0.0476190476190476	42	2330	177727,181024	twk-8,twk-17
PR00938	BRACHYURY	0.0180257510729968	-4.01595392827441	1	1	0.0238095238095238	42	2330	175698	tbx-2
PR01626	LCACHANNELB	0.0357341746254708	-3.33164777566744	2	1	0.0238095238095238	42	2330	189330	ccb-2
PR00081	GDHRDH	0.0387188144072738	-3.25142963668941	72	4	0.0952380952380952	42	2330	184337,187609,182329,182326	stdh-2,R05D8.9,C06E4.6,C06E4.3
PR00878	CHOLNESTRASE	0.0702207572434089	-2.65611132442918	4	1	0.0238095238095238	42	2330	181706	ace-1
PR01625	GSTRNSFRASEO	0.0870095483852385	-2.44173741479535	5	1	0.0238095238095238	42	2330	353420	gsto-2
PR00800	YHDCRBOXLASE	0.0870095483852385	-2.44173741479535	5	1	0.0238095238095238	42	2330	174327	tdc-1
PR00237	GPCRRHODOPSN	0.113668912399243	-2.17446533338381	144	5	0.119047619047619	42	2330	179281,183574,183681,183856,177450	srsx-34,nmur-1,npr-35,frpr-5,R13H7.2
PR00441	GPROTEINAI	0.11970404516424	-2.12273287280175	7	1	0.0238095238095238	42	2330	179319	gpa-3
PR00304	TCOMPLEXTCP1	0.151254639614323	-1.88879050740564	9	1	0.0238095238095238	42	2330	173581	cct-3
PR00783	MINTRINSICP	0.151254639614323	-1.88879050740564	9	1	0.0238095238095238	42	2330	190553	aqp-3
PR00756	ALADIPTASE	0.166613237260164	-1.79208009706268	10	1	0.0238095238095238	42	2330	173297	F49B2.6
PR00360	C2DOMAIN	0.181700411413412	-1.70539603933705	11	1	0.0238095238095238	42	2330	181166	pkc-2
PR00261	LDLRECEPTOR	0.239427333953719	-1.42950531545983	15	1	0.0238095238095238	42	2330	182375	svh-1
PR00937	TBOX	0.26678029795888	-1.32132981339873	17	1	0.0238095238095238	42	2330	175698	tbx-2
PR00318	GPROTEINA	0.33102965990695	-1.1055473006499	22	1	0.0238095238095238	42	2330	179319	gpa-3
PR00024	HOMEOBOX	0.378441056689888	-0.971694946924107	26	1	0.0238095238095238	42	2330	176641	nob-1
PR00047	STROIDFINGER	0.40481575592452	-0.904323239027913	231	5	0.119047619047619	42	2330	189825,187660,180115,184560,178700	nhr-274,nhr-206,nhr-112,nhr-178,nhr-128
PR00480	ASTACIN	0.51096497925831	-0.671454224868053	39	1	0.0238095238095238	42	2330	174412	nas-25
PR00109	TYRKINASE	0.725479830822817	-0.32092200742639	70	1	0.0238095238095238	42	2330	173049	W04G5.10
PR00881	L7ARS6FAMILY	0.999999999998457	-1.5427257419405e-12	3	0	0	42	2330
PR00305	1433ZETA	0.999999999998457	-1.5427257419405e-12	3	0	0	42	2330
PR00319	GPROTEINB	0.999999999998457	-1.5427257419405e-12	3	0	0	42	2330
PR00167	CACHANNEL	0.999999999998457	-1.5427257419405e-12	3	0	0	42	2330
PR00987	TRNASYNTHGLU	0.999999999998457	-1.5427257419405e-12	3	0	0	42	2330
PR00447	NATRESASSCMP	0.999999999998457	-1.5427257419405e-12	3	0	0	42	2330
PR00502	NUDIXFAMILY	0.999999999998457	-1.5427257419405e-12	3	0	0	42	2330
PR01315	BATTENIN	0.999999999998457	-1.5427257419405e-12	3	0	0	42	2330
PR00707	UBCTHYDRLASE	0.999999999998457	-1.5427257419405e-12	3	0	0	42	2330
PR01320	KIRCHANNEL	0.999999999998457	-1.5427257419405e-12	3	0	0	42	2330
PR00376	IL1BCENZYME	0.999999999998457	-1.5427257419405e-12	3	0	0	42	2330
PR00413	HADHALOGNASE	0.999999999998457	-1.5427257419405e-12	3	0	0	42	2330
PR00775	HEATSHOCK90	0.999999999998457	-1.5427257419405e-12	3	0	0	42	2330
PR01271	HISDACETLASE	0.999999999998457	-1.5427257419405e-12	3	0	0	42	2330
PR01259	NACAEXCHNGR	0.999999999998457	-1.5427257419405e-12	3	0	0	42	2330
PR00790	PAMONOXGNASE	0.999999999998457	-1.5427257419405e-12	3	0	0	42	2330
PR01463	EAGCHANLFMLY	0.999999999998457	-1.5427257419405e-12	3	0	0	42	2330
PR00067	CATALASE	0.999999999998457	-1.5427257419405e-12	3	0	0	42	2330
PR00593	MTABOTROPICR	0.999999999998457	-1.5427257419405e-12	3	0	0	42	2330
PR02050	B14GALTRFASE	0.999999999998457	-1.5427257419405e-12	3	0	0	42	2330
PR01347	EPHRIN	0.999999999998457	-1.5427257419405e-12	3	0	0	42	2330
PR00389	PHPHLIPASEA2	0.999999999998457	-1.5427257419405e-12	3	0	0	42	2330
PR00195	DYNAMIN	0.999999999998457	-1.5427257419405e-12	3	0	0	42	2330
PR01772	JNKMAPKINASE	0.999999999998457	-1.5427257419405e-12	3	0	0	42	2330
PR00406	CYTB5RDTASE	0.999999999998457	-1.5427257419405e-12	3	0	0	42	2330
PR00683	SPECTRINPH	0.999999999998457	-1.5427257419405e-12	3	0	0	42	2330
PR00028	POUDOMAIN	0.999999999998457	-1.5427257419405e-12	3	0	0	42	2330
PR01097	TRNSRECEPTRP	0.999999999998457	-1.5427257419405e-12	3	0	0	42	2330
PR00243	MUSCARINICR	0.999999999998457	-1.5427257419405e-12	3	0	0	42	2330
PR00068	CUZNDISMTASE	0.999999999998457	-1.5427257419405e-12	3	0	0	42	2330
PR01498	SHAWCHANNEL	0.999999999998457	-1.5427257419405e-12	3	0	0	42	2330
PR01857	ADAMTSFAMILY	0.999999999998457	-1.5427257419405e-12	3	0	0	42	2330
PR00391	PITRANSFER	0.999999999998457	-1.5427257419405e-12	3	0	0	42	2330
PR00372	FYWHYDRXLASE	0.999999999998457	-1.5427257419405e-12	3	0	0	42	2330
PR00489	FRIZZLED	0.999999999998457	-1.5427257419405e-12	3	0	0	42	2330
PR00075	FACDDSATRASE	0.999999999998457	-1.5427257419405e-12	3	0	0	42	2330
PR00106	DNAPOLB	0.999999999998457	-1.5427257419405e-12	3	0	0	42	2330
PR00369	FLAVODOXIN	0.999999999998457	-1.5427257419405e-12	3	0	0	42	2330
PR00255	NATPEPTIDER	0.999999999998457	-1.5427257419405e-12	3	0	0	42	2330
PR00799	TRANSAMINASE	0.999999999998457	-1.5427257419405e-12	3	0	0	42	2330
PR01163	BETATUBULIN	0.999999999998621	-1.37915993167113e-12	6	0	0	42	2330
PR00633	RCCNDNSATION	0.999999999998621	-1.37915993167113e-12	6	0	0	42	2330
PR00689	ACOABINDINGP	0.999999999998621	-1.37915993167113e-12	6	0	0	42	2330
PR01657	MCMFAMILY	0.999999999998621	-1.37915993167113e-12	6	0	0	42	2330
PR00632	SONICHHOG	0.999999999998621	-1.37915993167113e-12	6	0	0	42	2330
PR00348	UBIQUITIN	0.999999999998621	-1.37915993167113e-12	6	0	0	42	2330
PR00094	ADENYLTKNASE	0.999999999998621	-1.37915993167113e-12	6	0	0	42	2330
PR01494	KV9CHANNEL	0.999999999998621	-1.37915993167113e-12	6	0	0	42	2330
PR00390	PHPHLIPASEC	0.999999999998621	-1.37915993167113e-12	6	0	0	42	2330
PR00387	PDIESTERASE1	0.999999999998621	-1.37915993167113e-12	6	0	0	42	2330
PR00092	TYROSINASE	0.999999999998621	-1.37915993167113e-12	6	0	0	42	2330
PR00762	CLCHANNEL	0.999999999998621	-1.37915993167113e-12	6	0	0	42	2330
PR00399	SYNAPTOTAGMN	0.999999999998621	-1.37915993167113e-12	6	0	0	42	2330
PR01349	WNTPROTEIN	0.999999999999235	-7.65314256211295e-13	5	0	0	42	2330
PR00405	REVINTRACTNG	0.999999999999235	-7.65314256211295e-13	5	0	0	42	2330
PR00744	GLHYDRLASE37	0.999999999999235	-7.65314256211295e-13	5	0	0	42	2330
PR00412	EPOXHYDRLASE	0.999999999999235	-7.65314256211295e-13	5	0	0	42	2330
PR00248	GPCRMGR	0.999999999999235	-7.65314256211295e-13	5	0	0	42	2330
PR00160	GLUTAREDOXIN	0.999999999999235	-7.65314256211295e-13	5	0	0	42	2330
PR01125	FMOXYGENASE5	0.999999999999235	-7.65314256211295e-13	5	0	0	42	2330
PR01609	CD36FAMILY	0.999999999999235	-7.65314256211295e-13	5	0	0	42	2330
PR00111	ABHYDROLASE	0.999999999999235	-7.65314256211295e-13	5	0	0	42	2330
PR00347	THAUMATIN	0.999999999999235	-7.65314256211295e-13	5	0	0	42	2330
PR00371	FPNCR	0.999999999999235	-7.65314256211295e-13	5	0	0	42	2330
PR00723	SUBTILISIN	0.999999999999235	-7.65314256211295e-13	5	0	0	42	2330
PR00661	ERMFAMILY	0.999999999999235	-7.65314256211295e-13	5	0	0	42	2330
PR01130	DERENTRNSPRT	0.999999999999235	-7.65314256211295e-13	5	0	0	42	2330
PR00620	HISTONEH2A	0.999999999999235	-7.65314256211295e-13	5	0	0	42	2330
PR00249	GPCRSECRETIN	0.999999999999235	-7.65314256211295e-13	5	0	0	42	2330
PR00838	V5ALLERGEN	0.999999999999326	-6.74225967003069e-13	19	0	0	42	2330
PR00401	SH2DOMAIN	0.999999999999326	-6.74225967003069e-13	19	0	0	42	2330
PR00837	V5TPXLIKE	0.99999999999984	-1.59510423132973e-13	25	0	0	42	2330
PR00625	JDOMAIN	0.99999999999984	-1.59510423132973e-13	25	0	0	42	2330
PR01262	INNEXIN	0.99999999999984	-1.59510423132973e-13	25	0	0	42	2330
PR01491	KVCHANNEL	1.00000000000045	4.47819690087305e-13	11	0	0	42	2330
PR00301	HEATSHOCK70	1.00000000000045	4.47819690087305e-13	11	0	0	42	2330
PR00205	CADHERIN	1.00000000000045	4.47819690087305e-13	11	0	0	42	2330
PR00407	EUMOPTERIN	1.00000000000051	5.1352325169951e-13	1	0	0	42	2330
PR00043	LEUZIPPRJUN	1.00000000000051	5.1352325169951e-13	1	0	0	42	2330
PR01797	SAPOSIN	1.00000000000051	5.1352325169951e-13	1	0	0	42	2330
PR00738	GLHYDRLASE20	1.00000000000051	5.1352325169951e-13	1	0	0	42	2330
PR01854	BR22PROTEIN	1.00000000000051	5.1352325169951e-13	1	0	0	42	2330
PR00220	SYNAPTOPHYSN	1.00000000000051	5.1352325169951e-13	1	0	0	42	2330
PR00126	ATPASEGAMMA	1.00000000000051	5.1352325169951e-13	1	0	0	42	2330
PR00071	HMGCOARDTASE	1.00000000000051	5.1352325169951e-13	1	0	0	42	2330
PR01368	SYNAPSIN	1.00000000000051	5.1352325169951e-13	1	0	0	42	2330
PR01433	POLYCYSTIN2	1.00000000000051	5.1352325169951e-13	1	0	0	42	2330
PR01218	PSTLEXTENSIN	1.00000000000051	5.1352325169951e-13	1	0	0	42	2330
PR00442	GPROTEINAQ	1.00000000000051	5.1352325169951e-13	1	0	0	42	2330
PR01034	RIBOSOMALS12	1.00000000000051	5.1352325169951e-13	1	0	0	42	2330
PR00784	MTUNCOUPLING	1.00000000000051	5.1352325169951e-13	1	0	0	42	2330
PR00185	EUKARYTPORIN	1.00000000000051	5.1352325169951e-13	1	0	0	42	2330
PR00154	AMPBINDING	1.00000000000051	5.1352325169951e-13	1	0	0	42	2330
PR01443	TFIID30KDSUB	1.00000000000051	5.1352325169951e-13	1	0	0	42	2330
PR00720	MAMMALPTPASE	1.00000000000051	5.1352325169951e-13	1	0	0	42	2330
PR00741	GLHYDRLASE29	1.00000000000051	5.1352325169951e-13	1	0	0	42	2330
PR00932	AMINO1PTASE	1.00000000000051	5.1352325169951e-13	1	0	0	42	2330
PR00162	RIESKE	1.00000000000051	5.1352325169951e-13	1	0	0	42	2330
PR00191	FACTINCAPA	1.00000000000051	5.1352325169951e-13	1	0	0	42	2330
PR00125	ATPASEDELTA	1.00000000000051	5.1352325169951e-13	1	0	0	42	2330
PR00990	RIBOKINASE	1.00000000000051	5.1352325169951e-13	1	0	0	42	2330
PR00989	ADENOKINASE	1.00000000000051	5.1352325169951e-13	1	0	0	42	2330
PR00192	FACTINCAPB	1.00000000000051	5.1352325169951e-13	1	0	0	42	2330
PR01000	SREBPS2PTASE	1.00000000000051	5.1352325169951e-13	1	0	0	42	2330
PR00065	TEADOMAIN	1.00000000000051	5.1352325169951e-13	1	0	0	42	2330
PR00975	RIBOSOMALS19	1.00000000000051	5.1352325169951e-13	1	0	0	42	2330
PR00773	GRPEPROTEIN	1.00000000000051	5.1352325169951e-13	1	0	0	42	2330
PR00276	INSULINFAMLY	1.00000000000051	5.1352325169951e-13	1	0	0	42	2330
PR00132	GLHYDRLASE2	1.00000000000051	5.1352325169951e-13	1	0	0	42	2330
PR00217	POSTSYNAPTIC	1.00000000000051	5.1352325169951e-13	1	0	0	42	2330
PR00440	GPROTEINA12	1.00000000000051	5.1352325169951e-13	1	0	0	42	2330
PR00473	GALCTOKINASE	1.00000000000051	5.1352325169951e-13	1	0	0	42	2330
PR01043	TRNASYNTHGLY	1.00000000000051	5.1352325169951e-13	1	0	0	42	2330
PR01661	MCMPROTEIN5	1.00000000000051	5.1352325169951e-13	1	0	0	42	2330
PR01839	RAD23PROTEIN	1.00000000000051	5.1352325169951e-13	1	0	0	42	2330
PR00085	THFDHDRGNASE	1.00000000000051	5.1352325169951e-13	1	0	0	42	2330
PR00967	ONCOGENEAML1	1.00000000000051	5.1352325169951e-13	1	0	0	42	2330
PR01748	AP2TNSCPFCT	1.00000000000051	5.1352325169951e-13	1	0	0	42	2330
PR00464	EP450II	1.00000000000051	5.1352325169951e-13	1	0	0	42	2330
PR01546	YEAST73DUF	1.00000000000051	5.1352325169951e-13	1	0	0	42	2330
PR00086	LLDHDRGNASE	1.00000000000051	5.1352325169951e-13	1	0	0	42	2330
PR00108	THYMDSNTHASE	1.00000000000051	5.1352325169951e-13	1	0	0	42	2330
PR00124	ATPASEC	1.00000000000051	5.1352325169951e-13	1	0	0	42	2330
PR00971	RIBOSOMALS10	1.00000000000051	5.1352325169951e-13	1	0	0	42	2330
PR00194	TROPOMYOSIN	1.00000000000051	5.1352325169951e-13	1	0	0	42	2330
PR02031	CYSSERRICHNP	1.00000000000051	5.1352325169951e-13	1	0	0	42	2330
PR00896	VASOPRESSINR	1.00000000000051	5.1352325169951e-13	1	0	0	42	2330
PR00110	ALPHAAMYLASE	1.00000000000051	5.1352325169951e-13	1	0	0	42	2330
PR01550	TOP6AFAMILY	1.00000000000051	5.1352325169951e-13	1	0	0	42	2330
PR01405	TETRPHPHTASE	1.00000000000051	5.1352325169951e-13	1	0	0	42	2330
PR01629	TVDCCALPHA1	1.00000000000051	5.1352325169951e-13	1	0	0	42	2330
PR01692	LIPOCALINIMR	1.00000000000051	5.1352325169951e-13	1	0	0	42	2330
PR01551	SPO11HOMOLOG	1.00000000000051	5.1352325169951e-13	1	0	0	42	2330
PR01047	TRNASYNTHTHR	1.00000000000051	5.1352325169951e-13	1	0	0	42	2330
PR01663	MCMPROTEIN7	1.00000000000051	5.1352325169951e-13	1	0	0	42	2330
PR02012	RCMTNOP2	1.00000000000051	5.1352325169951e-13	1	0	0	42	2330
PR00785	NCTRNSLOCATR	1.00000000000051	5.1352325169951e-13	1	0	0	42	2330
PR00058	RIBOSOMALL5	1.00000000000051	5.1352325169951e-13	1	0	0	42	2330
PR00465	EP450IV	1.00000000000051	5.1352325169951e-13	1	0	0	42	2330
PR01658	MCMPROTEIN2	1.00000000000051	5.1352325169951e-13	1	0	0	42	2330
PR01738	RNABINDINGM8	1.00000000000051	5.1352325169951e-13	1	0	0	42	2330
PR01630	LVDCCALPHA1	1.00000000000051	5.1352325169951e-13	1	0	0	42	2330
PR00719	LMWPTPASE	1.00000000000051	5.1352325169951e-13	1	0	0	42	2330
PR01716	DEATHASSOCP3	1.00000000000051	5.1352325169951e-13	1	0	0	42	2330
PR00143	CITRTSNTHASE	1.00000000000051	5.1352325169951e-13	1	0	0	42	2330
PR00664	OCTOPAMINER	1.00000000000051	5.1352325169951e-13	1	0	0	42	2330
PR00979	TAFAZZIN	1.00000000000051	5.1352325169951e-13	1	0	0	42	2330
PR00972	RIBSOMALS12E	1.00000000000051	5.1352325169951e-13	1	0	0	42	2330
PR01497	SHALCHANNEL	1.00000000000051	5.1352325169951e-13	1	0	0	42	2330
PR01232	NAHCO3TRSPRT	1.00000000000051	5.1352325169951e-13	1	0	0	42	2330
PR00127	CLPPROTEASEP	1.00000000000051	5.1352325169951e-13	1	0	0	42	2330
PR00373	GLYCHORMONER	1.00000000000051	5.1352325169951e-13	1	0	0	42	2330
PR01653	TCTPROTEIN	1.00000000000051	5.1352325169951e-13	1	0	0	42	2330
PR00767	DBMONOXGNASE	1.00000000000051	5.1352325169951e-13	1	0	0	42	2330
PR01659	MCMPROTEIN3	1.00000000000051	5.1352325169951e-13	1	0	0	42	2330
PR02011	RCMTNCL1	1.00000000000051	5.1352325169951e-13	1	0	0	42	2330
PR00545	RETINOIDXR	1.00000000000051	5.1352325169951e-13	1	0	0	42	2330
PR00662	G6PISOMERASE	1.00000000000051	5.1352325169951e-13	1	0	0	42	2330
PR00203	AMYLOIDA4	1.00000000000051	5.1352325169951e-13	1	0	0	42	2330
PR01662	MCMPROTEIN6	1.00000000000051	5.1352325169951e-13	1	0	0	42	2330
PR01049	PHOSPHBKNASE	1.00000000000051	5.1352325169951e-13	1	0	0	42	2330
PR00456	RIBOSOMALP2	1.00000000000051	5.1352325169951e-13	1	0	0	42	2330
PR00378	LIIMPHPHTASE	1.00000000000051	5.1352325169951e-13	1	0	0	42	2330
PR01251	AMPHIPHYSIN	1.00000000000051	5.1352325169951e-13	1	0	0	42	2330
PR00298	CHAPERONIN60	1.00000000000051	5.1352325169951e-13	1	0	0	42	2330
PR00663	GALANINR	1.00000000000051	5.1352325169951e-13	1	0	0	42	2330
PR00779	INSP3RECEPTR	1.00000000000051	5.1352325169951e-13	1	0	0	42	2330
PR01848	U2AUXFACTOR	1.00000000000051	5.1352325169951e-13	1	0	0	42	2330
PR00044	LEUZIPPRMYC	1.00000000000051	5.1352325169951e-13	1	0	0	42	2330
PR01464	EAGCHANNEL	1.00000000000051	5.1352325169951e-13	1	0	0	42	2330
PR00072	MALOXRDTASE	1.00000000000051	5.1352325169951e-13	1	0	0	42	2330
PR00079	G6PDHDRGNASE	1.00000000000051	5.1352325169951e-13	1	0	0	42	2330
PR01250	RIBOSOMALL34	1.00000000000051	5.1352325169951e-13	1	0	0	42	2330
PR00082	GLFDHDRGNASE	1.00000000000051	5.1352325169951e-13	1	0	0	42	2330
PR00321	GPROTEING	1.00000000000051	5.1352325169951e-13	1	0	0	42	2330
PR00309	ARRESTIN	1.00000000000051	5.1352325169951e-13	1	0	0	42	2330
PR00139	ASNGLNASE	1.00000000000051	5.1352325169951e-13	1	0	0	42	2330
PR01802	SYNEMBRYN	1.00000000000051	5.1352325169951e-13	1	0	0	42	2330
PR00728	SIGNALPTASE	1.00000000000051	5.1352325169951e-13	1	0	0	42	2330
PR00351	OM20RECEPTOR	1.00000000000051	5.1352325169951e-13	1	0	0	42	2330
PR01838	NCAMFAMILY	1.00000000000051	5.1352325169951e-13	1	0	0	42	2330
PR01470	ERGCHANNEL	1.00000000000051	5.1352325169951e-13	1	0	0	42	2330
PR01989	EUOM20RECPTR	1.00000000000051	5.1352325169951e-13	1	0	0	42	2330
PR01164	GAMMATUBULIN	1.00000000000051	5.1352325169951e-13	1	0	0	42	2330
PR01698	CYTOFMRPINTP	1.00000000000051	5.1352325169951e-13	1	0	0	42	2330
PR00332	HISTRIAD	1.00000000000051	5.1352325169951e-13	1	0	0	42	2330
PR01348	ICLNCHANNEL	1.00000000000051	5.1352325169951e-13	1	0	0	42	2330
PR00474	GLU5KINASE	1.00000000000051	5.1352325169951e-13	1	0	0	42	2330
PR01088	NAHEXCHNGR6	1.00000000000051	5.1352325169951e-13	1	0	0	42	2330
PR01475	PARKIN	1.00000000000051	5.1352325169951e-13	1	0	0	42	2330
PR00148	ENOLASE	1.00000000000051	5.1352325169951e-13	1	0	0	42	2330
PR01243	NUCDPKINASE	1.00000000000051	5.1352325169951e-13	1	0	0	42	2330
PR00056	HSFDOMAIN	1.00000000000051	5.1352325169951e-13	1	0	0	42	2330
PR00740	GLHYDRLASE27	1.00000000000051	5.1352325169951e-13	1	0	0	42	2330
PR01588	THIKCHANNEL	1.00000000000051	5.1352325169951e-13	1	0	0	42	2330
PR00025	ANTENNAPEDIA	1.00000000000051	5.1352325169951e-13	1	0	0	42	2330
PR00978	STARPROTEIN	1.00000000000051	5.1352325169951e-13	1	0	0	42	2330
PR01849	UBIQUITINACT	1.00000000000051	5.1352325169951e-13	1	0	0	42	2330
PR00355	ADRENODOXIN	1.00000000000051	5.1352325169951e-13	1	0	0	42	2330
PR00472	CASNKINASEII	1.00000000000051	5.1352325169951e-13	1	0	0	42	2330
PR00104	CGMPKINASE	1.00000000000051	5.1352325169951e-13	1	0	0	42	2330
PR00868	DNAPOLI	1.00000000000051	5.1352325169951e-13	1	0	0	42	2330
PR00339	PCNACYCLIN	1.00000000000051	5.1352325169951e-13	1	0	0	42	2330
PR00416	EUTPISMRASEI	1.00000000000051	5.1352325169951e-13	1	0	0	42	2330
PR01846	TRHRFAMILY	1.00000000000051	5.1352325169951e-13	1	0	0	42	2330
PR00600	PP2APR55	1.00000000000051	5.1352325169951e-13	1	0	0	42	2330
PR01640	PROFILINPLNT	1.00000000000051	5.1352325169951e-13	1	0	0	42	2330
PR00041	LEUZIPPRCREB	1.00000000000051	5.1352325169951e-13	1	0	0	42	2330
PR00846	GLHYDRLASE56	1.00000000000051	5.1352325169951e-13	1	0	0	42	2330
PR00443	GPROTEINAS	1.00000000000051	5.1352325169951e-13	1	0	0	42	2330
PR01660	MCMPROTEIN4	1.00000000000051	5.1352325169951e-13	1	0	0	42	2330
PR00448	NSFATTACHMNT	1.00000000000051	5.1352325169951e-13	1	0	0	42	2330
PR00973	RIBOSOMALS17	1.00000000000051	5.1352325169951e-13	1	0	0	42	2330
PR00336	LYSASSOCTDMP	1.00000000000051	5.1352325169951e-13	1	0	0	42	2330
PR00003	4DISULPHCORE	1.00000000000051	5.1352325169951e-13	1	0	0	42	2330
PR00603	CYTOCHROMEC1	1.00000000000051	5.1352325169951e-13	1	0	0	42	2330
PR00882	RIBOSOMALL7A	1.00000000000051	5.1352325169951e-13	1	0	0	42	2330
PR00098	CPSASE	1.00000000000051	5.1352325169951e-13	1	0	0	42	2330
PR00414	PPTHIESTRASE	1.00000000000051	5.1352325169951e-13	1	0	0	42	2330
PR00392	PROFILIN	1.00000000000051	5.1352325169951e-13	1	0	0	42	2330
PR00928	GRAVESDC	1.00000000000051	5.1352325169951e-13	1	0	0	42	2330
PR01183	RIBORDTASEM1	1.00000000000051	5.1352325169951e-13	1	0	0	42	2330
PR01245	RAD1REC1	1.00000000000051	5.1352325169951e-13	1	0	0	42	2330
PR00982	TRNASYNTHLYS	1.00000000000051	5.1352325169951e-13	1	0	0	42	2330
PR01868	ABCEFAMILY	1.00000000000051	5.1352325169951e-13	1	0	0	42	2330
PR01850	GROUCHOFAMLY	1.00000000000051	5.1352325169951e-13	1	0	0	42	2330
PR00322	G10	1.00000000000051	5.1352325169951e-13	1	0	0	42	2330
PR00627	GTPRANTC4	1.00000000000051	5.1352325169951e-13	1	0	0	42	2330
PR00302	LUPUSLA	1.00000000000051	5.1352325169951e-13	1	0	0	42	2330
PR01586	TWIKCHANNEL	1.00000000000051	5.1352325169951e-13	1	0	0	42	2330
PR01365	TELOMERASERT	1.00000000000051	5.1352325169951e-13	1	0	0	42	2330
PR01246	RAD1REPAIR	1.00000000000051	5.1352325169951e-13	1	0	0	42	2330
PR00115	F16BPHPHTASE	1.00000000000051	5.1352325169951e-13	1	0	0	42	2330
PR01760	DISHEVELLED	1.00000000000051	5.1352325169951e-13	1	0	0	42	2330
PR00100	AOTCASE	1.00000000000051	5.1352325169951e-13	1	0	0	42	2330
PR00076	6PGDHDRGNASE	1.00000000000051	5.1352325169951e-13	1	0	0	42	2330
PR00297	CHAPERONIN10	1.00000000000051	5.1352325169951e-13	1	0	0	42	2330
PR00867	DNAPOLG	1.00000000000051	5.1352325169951e-13	1	0	0	42	2330
PR00477	PHGLYCKINASE	1.00000000000051	5.1352325169951e-13	1	0	0	42	2330
PR00850	GLHYDRLASE59	1.00000000000051	5.1352325169951e-13	1	0	0	42	2330
PR00904	FRATAXIN	1.00000000000051	5.1352325169951e-13	1	0	0	42	2330
PR00985	TRNASYNTHLEU	1.00000000000051	5.1352325169951e-13	1	0	0	42	2330
PR00983	TRNASYNTHCYS	1.00000000000051	5.1352325169951e-13	1	0	0	42	2330
PR00492	RHOGDI	1.00000000000051	5.1352325169951e-13	1	0	0	42	2330
PR01770	ERK1ERK2MAPK	1.00000000000051	5.1352325169951e-13	1	0	0	42	2330
PR00960	LMBPPROTEIN	1.00000000000051	5.1352325169951e-13	1	0	0	42	2330
PR01075	PRESENILNSEL	1.00000000000051	5.1352325169951e-13	1	0	0	42	2330
PR01101	5HTRECEPTOR	1.00000000000051	5.1352325169951e-13	1	0	0	42	2330
PR01873	CYTCOXIDASE4	1.00000000000051	5.1352325169951e-13	1	0	0	42	2330
PR00961	HUDSXLRNA	1.00000000000051	5.1352325169951e-13	1	0	0	42	2330
PR00791	PEPDIPTASEA	1.00000000000051	5.1352325169951e-13	1	0	0	42	2330
PR00052	FIBRILLARIN	1.00000000000051	5.1352325169951e-13	1	0	0	42	2330
PR00623	HISTONEH4	1.00000000000051	5.1352325169951e-13	1	0	0	42	2330
PR00153	CSAPPISMRASE	1.00000000000063	6.34144841380531e-13	18	0	0	42	2330
PR00891	RABGDIREP	1.0000000000008	7.99303115014971e-13	2	0	0	42	2330
PR01041	TRNASYNTHMET	1.0000000000008	7.99303115014971e-13	2	0	0	42	2330
PR00626	CALRETICULIN	1.0000000000008	7.99303115014971e-13	2	0	0	42	2330
PR00381	KINESINLIGHT	1.0000000000008	7.99303115014971e-13	2	0	0	42	2330
PR00122	VACATPASE	1.0000000000008	7.99303115014971e-13	2	0	0	42	2330
PR00504	CHROMODOMAIN	1.0000000000008	7.99303115014971e-13	2	0	0	42	2330
PR01001	FADG3PDH	1.0000000000008	7.99303115014971e-13	2	0	0	42	2330
PR00776	HEMOGLOBNASE	1.0000000000008	7.99303115014971e-13	2	0	0	42	2330
PR01573	SUPERTUBBY	1.0000000000008	7.99303115014971e-13	2	0	0	42	2330
PR01869	BCATNINFAMLY	1.0000000000008	7.99303115014971e-13	2	0	0	42	2330
PR01186	INTEGRINB	1.0000000000008	7.99303115014971e-13	2	0	0	42	2330
PR00415	ACONITASE	1.0000000000008	7.99303115014971e-13	2	0	0	42	2330
PR01459	KCNQCHANNEL	1.0000000000008	7.99303115014971e-13	2	0	0	42	2330
PR01764	MAPKPHPHTASE	1.0000000000008	7.99303115014971e-13	2	0	0	42	2330
PR01185	INTEGRINA	1.0000000000008	7.99303115014971e-13	2	0	0	42	2330
PR00962	LETHAL2GIANT	1.0000000000008	7.99303115014971e-13	2	0	0	42	2330
PR00714	MAN6PISMRASE	1.0000000000008	7.99303115014971e-13	2	0	0	42	2330
PR00805	ALPHACATENIN	1.0000000000008	7.99303115014971e-13	2	0	0	42	2330
PR00686	TIFACTORIID	1.0000000000008	7.99303115014971e-13	2	0	0	42	2330
PR00876	MTNEMATODE	1.0000000000008	7.99303115014971e-13	2	0	0	42	2330
PR00189	TRNSTHYRETIN	1.0000000000008	7.99303115014971e-13	2	0	0	42	2330
PR00742	GLHYDRLASE35	1.0000000000008	7.99303115014971e-13	2	0	0	42	2330
PR01035	TCRTETA	1.0000000000008	7.99303115014971e-13	2	0	0	42	2330
PR00717	GPCRKINASE	1.0000000000008	7.99303115014971e-13	2	0	0	42	2330
PR01182	ORNDCRBXLASE	1.0000000000008	7.99303115014971e-13	2	0	0	42	2330
PR00660	ERLUMENR	1.0000000000008	7.99303115014971e-13	2	0	0	42	2330
PR00789	OSIALOPTASE	1.0000000000008	7.99303115014971e-13	2	0	0	42	2330
PR01452	LNOTCHREPEAT	1.0000000000008	7.99303115014971e-13	2	0	0	42	2330
PR01039	TRNASYNTHTRP	1.0000000000008	7.99303115014971e-13	2	0	0	42	2330
PR00727	LEADERPTASE	1.0000000000008	7.99303115014971e-13	2	0	0	42	2330
PR00616	CCAATSUBUNTB	1.0000000000008	7.99303115014971e-13	2	0	0	42	2330
PR01046	TRNASYNTHPRO	1.0000000000008	7.99303115014971e-13	2	0	0	42	2330
PR00685	TIFACTORIIB	1.0000000000008	7.99303115014971e-13	2	0	0	42	2330
PR01050	PYRUVTKNASE	1.0000000000008	7.99303115014971e-13	2	0	0	42	2330
PR01040	TRNASYNTHTYR	1.0000000000008	7.99303115014971e-13	2	0	0	42	2330
PR00131	GLHYDRLASE1	1.0000000000008	7.99303115014971e-13	2	0	0	42	2330
PR00599	MAPEPTIDASE	1.0000000000008	7.99303115014971e-13	2	0	0	42	2330
PR00653	ACTIVIN2R	1.0000000000008	7.99303115014971e-13	2	0	0	42	2330
PR00509	PGMPMM	1.0000000000008	7.99303115014971e-13	2	0	0	42	2330
PR00377	IMPHPHTASES	1.0000000000008	7.99303115014971e-13	2	0	0	42	2330
PR01160	GABAARBETA	1.0000000000008	7.99303115014971e-13	2	0	0	42	2330
PR00141	PROTEASOME	1.0000000000008	7.99303115014971e-13	2	0	0	42	2330
PR00892	RABGDI	1.0000000000008	7.99303115014971e-13	2	0	0	42	2330
PR00980	TRNASYNTHALA	1.0000000000008	7.99303115014971e-13	2	0	0	42	2330
PR00404	MADSDOMAIN	1.0000000000008	7.99303115014971e-13	2	0	0	42	2330
PR00702	ACRIFLAVINRP	1.0000000000008	7.99303115014971e-13	2	0	0	42	2330
PR01268	GSTRNSFRASEP	1.0000000000008	7.99303115014971e-13	2	0	0	42	2330
PR00883	NUCLEARHMG	1.0000000000008	7.99303115014971e-13	2	0	0	42	2330
PR00296	CYCLINKINASE	1.0000000000008	7.99303115014971e-13	2	0	0	42	2330
PR01072	PRESENILIN	1.0000000000008	7.99303115014971e-13	2	0	0	42	2330
PR00077	GPDHDRGNASE	1.0000000000008	7.99303115014971e-13	2	0	0	42	2330
PR01908	ADSPHPHTASE	1.0000000000008	7.99303115014971e-13	2	0	0	42	2330
PR00984	TRNASYNTHILE	1.0000000000008	7.99303115014971e-13	2	0	0	42	2330
PR00981	TRNASYNTHSER	1.0000000000008	7.99303115014971e-13	2	0	0	42	2330
PR01179	ODADCRBXLASE	1.0000000000008	7.99303115014971e-13	2	0	0	42	2330
PR01038	TRNASYNTHARG	1.0000000000008	7.99303115014971e-13	2	0	0	42	2330
PR00120	HATPASE	1.0000000000008	7.99303115014971e-13	2	0	0	42	2330
PR00679	PROHIBITIN	1.0000000000008	7.99303115014971e-13	2	0	0	42	2330
PR00887	SSRCOGNITION	1.0000000000008	7.99303115014971e-13	2	0	0	42	2330
PR00597	GELSOLIN	1.0000000000008	7.99303115014971e-13	2	0	0	42	2330
PR00149	FUMRATELYASE	1.0000000000008	7.99303115014971e-13	2	0	0	42	2330
PR00604	CYTCHRMECIAB	1.0000000000008	7.99303115014971e-13	2	0	0	42	2330
PR00417	PRTPISMRASEI	1.0000000000008	7.99303115014971e-13	2	0	0	42	2330
PR00991	6PFRUCTKNASE	1.0000000000008	7.99303115014971e-13	2	0	0	42	2330
PR01822	CCYSTOKININR	1.0000000000008	7.99303115014971e-13	2	0	0	42	2330
PR00342	RHESUSRHD	1.0000000000008	7.99303115014971e-13	2	0	0	42	2330
PR01703	MNSODISMTASE	1.0000000000008	7.99303115014971e-13	2	0	0	42	2330
PR00476	PHFRCTKINASE	1.0000000000008	7.99303115014971e-13	2	0	0	42	2330
PR00986	TRNASYNTHVAL	1.0000000000008	7.99303115014971e-13	2	0	0	42	2330
PR00395	RIBOSOMALS2	1.0000000000008	7.99303115014971e-13	2	0	0	42	2330
PR01773	P38MAPKINASE	1.0000000000008	7.99303115014971e-13	2	0	0	42	2330
PR00481	LAMNOPPTDASE	1.0000000000008	7.99303115014971e-13	2	0	0	42	2330
PR00792	PEPSIN	1.00000000000088	8.76406112858826e-13	17	0	0	42	2330
PR00380	KINESINHEAVY	1.00000000000088	8.76406112858826e-13	17	0	0	42	2330
PR00193	MYOSINHEAVY	1.00000000000088	8.76406112858826e-13	17	0	0	42	2330
PR00704	CALPAIN	1.00000000000099	9.93053942079556e-13	13	0	0	42	2330
PR00503	BROMODOMAIN	1.00000000000099	9.93053942079556e-13	13	0	0	42	2330
PR00328	SAR1GTPBP	1.00000000000099	9.93053942079556e-13	13	0	0	42	2330
PR01012	NRPEPTIDEYR	1.00000000000099	9.93053942079556e-13	13	0	0	42	2330
PR00259	TMFOUR	1.00000000000099	9.93053942079556e-13	13	0	0	42	2330
PR00457	ANPEROXIDASE	1.00000000000099	9.93053942079556e-13	13	0	0	42	2330
PR00699	TMPROTEINSRB	1.00000000000113	1.1286937994637e-12	14	0	0	42	2330
PR00315	ELONGATNFCT	1.00000000000113	1.1286937994637e-12	14	0	0	42	2330
PR00053	FORKHEAD	1.00000000000113	1.1286937994637e-12	14	0	0	42	2330
PR01301	RGSPROTEIN	1.00000000000132	1.31933235736706e-12	12	0	0	42	2330
PR00176	NANEUSMPORT	1.00000000000132	1.31933235736706e-12	12	0	0	42	2330
PR00765	CRBOXYPTASEA	1.00000000000132	1.31933235736706e-12	12	0	0	42	2330
PR00031	HTHREPRESSR	1.00000000000132	1.31933235736706e-12	12	0	0	42	2330
PR00069	ALDKETRDTASE	1.00000000000132	1.31933235736706e-12	12	0	0	42	2330
PR00705	PAPAIN	1.00000000000184	1.83831073251278e-12	20	0	0	42	2330
PR00254	NICOTINICR	1.00000000000184	1.83831073251278e-12	20	0	0	42	2330
PR00759	BASICPTASE	1.00000000000184	1.83831073251278e-12	20	0	0	42	2330
PR00171	SUGRTRNSPORT	1.00000000000193	1.92658115154426e-12	10	0	0	42	2330
PR01162	ALPHATUBULIN	1.00000000000193	1.92658115154426e-12	10	0	0	42	2330
PR00178	FATTYACIDBP	1.00000000000193	1.92658115154426e-12	10	0	0	42	2330
PR00219	SYNAPTOBREVN	1.00000000000198	1.97723474867094e-12	8	0	0	42	2330
PR00454	ETSDOMAIN	1.00000000000198	1.97723474867094e-12	8	0	0	42	2330
PR00935	BAND41	1.00000000000198	1.97723474867094e-12	8	0	0	42	2330
PR00721	STOMATIN	1.00000000000198	1.97723474867094e-12	8	0	0	42	2330
PR00619	GATAZNFINGER	1.00000000000198	1.97723474867094e-12	8	0	0	42	2330
PR00927	ADPTRNSLCASE	1.00000000000198	1.97723474867094e-12	8	0	0	42	2330
PR00786	NEPRILYSIN	1.00000000000198	1.97723474867094e-12	8	0	0	42	2330
PR00624	HISTONEH5	1.00000000000198	1.97723474867094e-12	8	0	0	42	2330
PR01270	HDASUPER	1.00000000000198	1.97723474867094e-12	8	0	0	42	2330
PR00177	NMDARECEPTOR	1.00000000000198	1.97723474867094e-12	8	0	0	42	2330
PR00190	ACTIN	1.00000000000204	2.04027945479599e-12	7	0	0	42	2330
PR00138	MATRIXIN	1.00000000000204	2.04027945479599e-12	7	0	0	42	2330
PR00722	CHYMOTRYPSIN	1.00000000000204	2.04027945479599e-12	7	0	0	42	2330
PR00747	GLYHDRLASE47	1.00000000000204	2.04027945479599e-12	7	0	0	42	2330
PR00370	FMOXYGENASE	1.00000000000204	2.04027945479599e-12	7	0	0	42	2330
PR01011	GLUTPROXDASE	1.00000000000204	2.04027945479599e-12	7	0	0	42	2330
PR01078	AMINACHANNEL	1.00000000000216	2.16419737346882e-12	21	0	0	42	2330
PR00320	GPROTEINBRPT	1.00000000000234	2.34431706430053e-12	41	0	0	42	2330
PR00452	SH3DOMAIN	1.00000000000235	2.34851446463258e-12	22	0	0	42	2330
PR00253	GABAARECEPTR	1.00000000000321	3.21326126817499e-12	37	0	0	42	2330
PR01084	NAHEXCHNGR	1.00000000000335	3.35049824685177e-12	9	0	0	42	2330
PR00326	GTP1OBG	1.00000000000335	3.35049824685177e-12	9	0	0	42	2330
PR00724	CRBOXYPTASEC	1.00000000000335	3.35049824685177e-12	9	0	0	42	2330
PR00027	PAIREDBOX	1.00000000000335	3.35049824685177e-12	9	0	0	42	2330
PR00622	HISTONEH3	1.00000000000335	3.35049824685177e-12	9	0	0	42	2330
PR00299	ACRYSTALLIN	1.00000000000338	3.3845466426223e-12	15	0	0	42	2330
PR01415	ANKYRIN	1.00000000000354	3.53613670242317e-12	16	0	0	42	2330
PR01161	TUBULIN	1.00000000000354	3.53613670242317e-12	16	0	0	42	2330
PR00926	MITOCARRIER	1.00000000000354	3.53613670242317e-12	16	0	0	42	2330
PR00929	ATHOOK	1.00000000000391	3.90502789229606e-12	4	0	0	42	2330
PR00300	CLPPROTEASEA	1.00000000000391	3.90502789229606e-12	4	0	0	42	2330
PR00078	G3PDHDRGNASE	1.00000000000391	3.90502789229606e-12	4	0	0	42	2330
PR00363	CYTOCHROMEB5	1.00000000000391	3.90502789229606e-12	4	0	0	42	2330
PR02008	RCMTFAMILY	1.00000000000391	3.90502789229606e-12	4	0	0	42	2330
PR02095	TRNSPORTRHRG	1.00000000000391	3.90502789229606e-12	4	0	0	42	2330
PR00621	HISTONEH2B	1.00000000000391	3.90502789229606e-12	4	0	0	42	2330
PR00843	GLHYDRLASE30	1.00000000000391	3.90502789229606e-12	4	0	0	42	2330
PR01231	HCO3TRNSPORT	1.00000000000391	3.90502789229606e-12	4	0	0	42	2330
PR00716	MPIPHPHTASE	1.00000000000391	3.90502789229606e-12	4	0	0	42	2330
PR00314	CLATHRINADPT	1.00000000000391	3.90502789229606e-12	4	0	0	42	2330
PR00196	ANNEXIN	1.00000000000391	3.90502789229606e-12	4	0	0	42	2330
PR00888	SM22CALPONIN	1.00000000000391	3.90502789229606e-12	4	0	0	42	2330
PR00853	XPGRADSUPER	1.00000000000391	3.90502789229606e-12	4	0	0	42	2330
PR00050	COLDSHOCK	1.00000000000391	3.90502789229606e-12	4	0	0	42	2330
PR01042	TRNASYNTHASP	1.00000000000391	3.90502789229606e-12	4	0	0	42	2330
PR00697	TMPROTEINSRA	1.00000000000392	3.92221663686871e-12	29	0	0	42	2330
PR00398	STRDHORMONER	1.00000000000537	5.37459859701185e-12	43	0	0	42	2330
PR00700	PRTYPHPHTASE	1.00000000000566	5.66047206390888e-12	57	0	0	42	2330
PR00698	TMPROTEINSRG	1.00000000000585	5.85136179643091e-12	39	0	0	42	2330
PR00114	STPHPHTASE	1.00000000000772	7.71756242330669e-12	45	0	0	42	2330
PR00252	NRIONCHANNEL	1.00000000001058	1.0577925169397e-11	84	0	0	42	2330
