TermID	Term	Enrichment	logP	Genes in Term	Target Genes in Term	Fraction of Targets in Term	Total Target Genes	Total Genes	Entrez Gene IDs	Gene Symbols
PR00632	SONICHHOG	0.000360710004919748	-7.92743623292976	6	2	0.166666666666667	12	2330	180638,180349	wrt-6,grd-2
PR00723	SUBTILISIN	0.0255088682437708	-3.66872911301169	5	1	0.0833333333333333	12	2330	172333	bli-4
PR00700	PRTYPHPHTASE	0.0331640467872402	-3.40628891794517	57	2	0.166666666666667	12	2330	175350,187449	Y54F10BM.3,M04G7.2
PR00027	PAIREDBOX	0.0454849662859382	-3.09037341892113	9	1	0.0833333333333333	12	2330	185967	npax-2
PR00053	FORKHEAD	0.0699270831485603	-2.66030224915359	14	1	0.0833333333333333	12	2330	181907	fkh-6
PR00937	TBOX	0.0843155794697631	-2.47318862120658	17	1	0.0833333333333333	12	2330	260030	tbx-7
PR00838	V5ALLERGEN	0.0937942420431813	-2.36665181032127	19	1	0.0833333333333333	12	2330	188436	scl-18
PR00837	V5TPXLIKE	0.121693220414129	-2.10625198790167	25	1	0.0833333333333333	12	2330	188436	scl-18
PR00109	TYRKINASE	0.307136143056179	-1.18046416697176	70	1	0.0833333333333333	12	2330	175744	W03A5.1
PR00047	STROIDFINGER	0.337134504231988	-1.0872733059078	231	2	0.166666666666667	12	2330	182602,189663	nhr-155,nhr-234
PR00348	UBIQUITIN	0.999999999998099	-1.9011444419174e-12	6	0	0	12	2330
PR00762	CLCHANNEL	0.999999999998099	-1.9011444419174e-12	6	0	0	12	2330
PR01494	KV9CHANNEL	0.999999999998099	-1.9011444419174e-12	6	0	0	12	2330
PR00689	ACOABINDINGP	0.999999999998099	-1.9011444419174e-12	6	0	0	12	2330
PR00387	PDIESTERASE1	0.999999999998099	-1.9011444419174e-12	6	0	0	12	2330
PR00092	TYROSINASE	0.999999999998099	-1.9011444419174e-12	6	0	0	12	2330
PR00399	SYNAPTOTAGMN	0.999999999998099	-1.9011444419174e-12	6	0	0	12	2330
PR00094	ADENYLTKNASE	0.999999999998099	-1.9011444419174e-12	6	0	0	12	2330
PR00390	PHPHLIPASEC	0.999999999998099	-1.9011444419174e-12	6	0	0	12	2330
PR01163	BETATUBULIN	0.999999999998099	-1.9011444419174e-12	6	0	0	12	2330
PR00633	RCCNDNSATION	0.999999999998099	-1.9011444419174e-12	6	0	0	12	2330
PR01657	MCMFAMILY	0.999999999998099	-1.9011444419174e-12	6	0	0	12	2330
PR01078	AMINACHANNEL	0.999999999998667	-1.33342977132161e-12	21	0	0	12	2330
PR00320	GPROTEINBRPT	0.999999999998841	-1.15918028430089e-12	41	0	0	12	2330
PR00447	NATRESASSCMP	0.999999999998866	-1.13372301228284e-12	3	0	0	12	2330
PR00376	IL1BCENZYME	0.999999999998866	-1.13372301228284e-12	3	0	0	12	2330
PR00305	1433ZETA	0.999999999998866	-1.13372301228284e-12	3	0	0	12	2330
PR01320	KIRCHANNEL	0.999999999998866	-1.13372301228284e-12	3	0	0	12	2330
PR00391	PITRANSFER	0.999999999998866	-1.13372301228284e-12	3	0	0	12	2330
PR00255	NATPEPTIDER	0.999999999998866	-1.13372301228284e-12	3	0	0	12	2330
PR00406	CYTB5RDTASE	0.999999999998866	-1.13372301228284e-12	3	0	0	12	2330
PR00028	POUDOMAIN	0.999999999998866	-1.13372301228284e-12	3	0	0	12	2330
PR00106	DNAPOLB	0.999999999998866	-1.13372301228284e-12	3	0	0	12	2330
PR00389	PHPHLIPASEA2	0.999999999998866	-1.13372301228284e-12	3	0	0	12	2330
PR00593	MTABOTROPICR	0.999999999998866	-1.13372301228284e-12	3	0	0	12	2330
PR01097	TRNSRECEPTRP	0.999999999998866	-1.13372301228284e-12	3	0	0	12	2330
PR01259	NACAEXCHNGR	0.999999999998866	-1.13372301228284e-12	3	0	0	12	2330
PR00502	NUDIXFAMILY	0.999999999998866	-1.13372301228284e-12	3	0	0	12	2330
PR00707	UBCTHYDRLASE	0.999999999998866	-1.13372301228284e-12	3	0	0	12	2330
PR00987	TRNASYNTHGLU	0.999999999998866	-1.13372301228284e-12	3	0	0	12	2330
PR01315	BATTENIN	0.999999999998866	-1.13372301228284e-12	3	0	0	12	2330
PR00775	HEATSHOCK90	0.999999999998866	-1.13372301228284e-12	3	0	0	12	2330
PR01271	HISDACETLASE	0.999999999998866	-1.13372301228284e-12	3	0	0	12	2330
PR00067	CATALASE	0.999999999998866	-1.13372301228284e-12	3	0	0	12	2330
PR00195	DYNAMIN	0.999999999998866	-1.13372301228284e-12	3	0	0	12	2330
PR02050	B14GALTRFASE	0.999999999998866	-1.13372301228284e-12	3	0	0	12	2330
PR00790	PAMONOXGNASE	0.999999999998866	-1.13372301228284e-12	3	0	0	12	2330
PR00369	FLAVODOXIN	0.999999999998866	-1.13372301228284e-12	3	0	0	12	2330
PR00167	CACHANNEL	0.999999999998866	-1.13372301228284e-12	3	0	0	12	2330
PR00068	CUZNDISMTASE	0.999999999998866	-1.13372301228284e-12	3	0	0	12	2330
PR01347	EPHRIN	0.999999999998866	-1.13372301228284e-12	3	0	0	12	2330
PR00489	FRIZZLED	0.999999999998866	-1.13372301228284e-12	3	0	0	12	2330
PR00243	MUSCARINICR	0.999999999998866	-1.13372301228284e-12	3	0	0	12	2330
PR00372	FYWHYDRXLASE	0.999999999998866	-1.13372301228284e-12	3	0	0	12	2330
PR01498	SHAWCHANNEL	0.999999999998866	-1.13372301228284e-12	3	0	0	12	2330
PR00881	L7ARS6FAMILY	0.999999999998866	-1.13372301228284e-12	3	0	0	12	2330
PR00413	HADHALOGNASE	0.999999999998866	-1.13372301228284e-12	3	0	0	12	2330
PR00319	GPROTEINB	0.999999999998866	-1.13372301228284e-12	3	0	0	12	2330
PR00799	TRANSAMINASE	0.999999999998866	-1.13372301228284e-12	3	0	0	12	2330
PR01772	JNKMAPKINASE	0.999999999998866	-1.13372301228284e-12	3	0	0	12	2330
PR01857	ADAMTSFAMILY	0.999999999998866	-1.13372301228284e-12	3	0	0	12	2330
PR01463	EAGCHANLFMLY	0.999999999998866	-1.13372301228284e-12	3	0	0	12	2330
PR00075	FACDDSATRASE	0.999999999998866	-1.13372301228284e-12	3	0	0	12	2330
PR00683	SPECTRINPH	0.999999999998866	-1.13372301228284e-12	3	0	0	12	2330
PR01415	ANKYRIN	0.999999999998986	-1.01437703048518e-12	16	0	0	12	2330
PR01161	TUBULIN	0.999999999998986	-1.01437703048518e-12	16	0	0	12	2330
PR00926	MITOCARRIER	0.999999999998986	-1.01437703048518e-12	16	0	0	12	2330
PR00080	SDRFAMILY	0.99999999999909	-9.10250794598825e-13	48	0	0	12	2330
PR00756	ALADIPTASE	0.999999999999098	-9.0191220934044e-13	10	0	0	12	2330
PR01162	ALPHATUBULIN	0.999999999999098	-9.0191220934044e-13	10	0	0	12	2330
PR00178	FATTYACIDBP	0.999999999999098	-9.0191220934044e-13	10	0	0	12	2330
PR00171	SUGRTRNSPORT	0.999999999999098	-9.0191220934044e-13	10	0	0	12	2330
PR00719	LMWPTPASE	0.999999999999109	-8.91324340723809e-13	1	0	0	12	2330
PR00336	LYSASSOCTDMP	0.999999999999109	-8.91324340723809e-13	1	0	0	12	2330
PR01663	MCMPROTEIN7	0.999999999999109	-8.91324340723809e-13	1	0	0	12	2330
PR00784	MTUNCOUPLING	0.999999999999109	-8.91324340723809e-13	1	0	0	12	2330
PR00041	LEUZIPPRCREB	0.999999999999109	-8.91324340723809e-13	1	0	0	12	2330
PR00076	6PGDHDRGNASE	0.999999999999109	-8.91324340723809e-13	1	0	0	12	2330
PR01250	RIBOSOMALL34	0.999999999999109	-8.91324340723809e-13	1	0	0	12	2330
PR01873	CYTCOXIDASE4	0.999999999999109	-8.91324340723809e-13	1	0	0	12	2330
PR00627	GTPRANTC4	0.999999999999109	-8.91324340723809e-13	1	0	0	12	2330
PR00132	GLHYDRLASE2	0.999999999999109	-8.91324340723809e-13	1	0	0	12	2330
PR01989	EUOM20RECPTR	0.999999999999109	-8.91324340723809e-13	1	0	0	12	2330
PR01660	MCMPROTEIN4	0.999999999999109	-8.91324340723809e-13	1	0	0	12	2330
PR00663	GALANINR	0.999999999999109	-8.91324340723809e-13	1	0	0	12	2330
PR00100	AOTCASE	0.999999999999109	-8.91324340723809e-13	1	0	0	12	2330
PR00086	LLDHDRGNASE	0.999999999999109	-8.91324340723809e-13	1	0	0	12	2330
PR00407	EUMOPTERIN	0.999999999999109	-8.91324340723809e-13	1	0	0	12	2330
PR01868	ABCEFAMILY	0.999999999999109	-8.91324340723809e-13	1	0	0	12	2330
PR01640	PROFILINPLNT	0.999999999999109	-8.91324340723809e-13	1	0	0	12	2330
PR00185	EUKARYTPORIN	0.999999999999109	-8.91324340723809e-13	1	0	0	12	2330
PR01183	RIBORDTASEM1	0.999999999999109	-8.91324340723809e-13	1	0	0	12	2330
PR00143	CITRTSNTHASE	0.999999999999109	-8.91324340723809e-13	1	0	0	12	2330
PR00058	RIBOSOMALL5	0.999999999999109	-8.91324340723809e-13	1	0	0	12	2330
PR00972	RIBSOMALS12E	0.999999999999109	-8.91324340723809e-13	1	0	0	12	2330
PR01748	AP2TNSCPFCT	0.999999999999109	-8.91324340723809e-13	1	0	0	12	2330
PR00339	PCNACYCLIN	0.999999999999109	-8.91324340723809e-13	1	0	0	12	2330
PR01551	SPO11HOMOLOG	0.999999999999109	-8.91324340723809e-13	1	0	0	12	2330
PR01232	NAHCO3TRSPRT	0.999999999999109	-8.91324340723809e-13	1	0	0	12	2330
PR00989	ADENOKINASE	0.999999999999109	-8.91324340723809e-13	1	0	0	12	2330
PR01854	BR22PROTEIN	0.999999999999109	-8.91324340723809e-13	1	0	0	12	2330
PR00127	CLPPROTEASEP	0.999999999999109	-8.91324340723809e-13	1	0	0	12	2330
PR01698	CYTOFMRPINTP	0.999999999999109	-8.91324340723809e-13	1	0	0	12	2330
PR00904	FRATAXIN	0.999999999999109	-8.91324340723809e-13	1	0	0	12	2330
PR01049	PHOSPHBKNASE	0.999999999999109	-8.91324340723809e-13	1	0	0	12	2330
PR01246	RAD1REPAIR	0.999999999999109	-8.91324340723809e-13	1	0	0	12	2330
PR01475	PARKIN	0.999999999999109	-8.91324340723809e-13	1	0	0	12	2330
PR00378	LIIMPHPHTASE	0.999999999999109	-8.91324340723809e-13	1	0	0	12	2330
PR00973	RIBOSOMALS17	0.999999999999109	-8.91324340723809e-13	1	0	0	12	2330
PR01348	ICLNCHANNEL	0.999999999999109	-8.91324340723809e-13	1	0	0	12	2330
PR00098	CPSASE	0.999999999999109	-8.91324340723809e-13	1	0	0	12	2330
PR00110	ALPHAAMYLASE	0.999999999999109	-8.91324340723809e-13	1	0	0	12	2330
PR00043	LEUZIPPRJUN	0.999999999999109	-8.91324340723809e-13	1	0	0	12	2330
PR01586	TWIKCHANNEL	0.999999999999109	-8.91324340723809e-13	1	0	0	12	2330
PR00720	MAMMALPTPASE	0.999999999999109	-8.91324340723809e-13	1	0	0	12	2330
PR00124	ATPASEC	0.999999999999109	-8.91324340723809e-13	1	0	0	12	2330
PR00162	RIESKE	0.999999999999109	-8.91324340723809e-13	1	0	0	12	2330
PR00960	LMBPPROTEIN	0.999999999999109	-8.91324340723809e-13	1	0	0	12	2330
PR01497	SHALCHANNEL	0.999999999999109	-8.91324340723809e-13	1	0	0	12	2330
PR00473	GALCTOKINASE	0.999999999999109	-8.91324340723809e-13	1	0	0	12	2330
PR00056	HSFDOMAIN	0.999999999999109	-8.91324340723809e-13	1	0	0	12	2330
PR00192	FACTINCAPB	0.999999999999109	-8.91324340723809e-13	1	0	0	12	2330
PR00773	GRPEPROTEIN	0.999999999999109	-8.91324340723809e-13	1	0	0	12	2330
PR02031	CYSSERRICHNP	0.999999999999109	-8.91324340723809e-13	1	0	0	12	2330
PR00448	NSFATTACHMNT	0.999999999999109	-8.91324340723809e-13	1	0	0	12	2330
PR01658	MCMPROTEIN2	0.999999999999109	-8.91324340723809e-13	1	0	0	12	2330
PR00072	MALOXRDTASE	0.999999999999109	-8.91324340723809e-13	1	0	0	12	2330
PR00297	CHAPERONIN10	0.999999999999109	-8.91324340723809e-13	1	0	0	12	2330
PR00003	4DISULPHCORE	0.999999999999109	-8.91324340723809e-13	1	0	0	12	2330
PR01846	TRHRFAMILY	0.999999999999109	-8.91324340723809e-13	1	0	0	12	2330
PR01716	DEATHASSOCP3	0.999999999999109	-8.91324340723809e-13	1	0	0	12	2330
PR00938	BRACHYURY	0.999999999999109	-8.91324340723809e-13	1	0	0	12	2330
PR00191	FACTINCAPA	0.999999999999109	-8.91324340723809e-13	1	0	0	12	2330
PR00791	PEPDIPTASEA	0.999999999999109	-8.91324340723809e-13	1	0	0	12	2330
PR00623	HISTONEH4	0.999999999999109	-8.91324340723809e-13	1	0	0	12	2330
PR00767	DBMONOXGNASE	0.999999999999109	-8.91324340723809e-13	1	0	0	12	2330
PR00309	ARRESTIN	0.999999999999109	-8.91324340723809e-13	1	0	0	12	2330
PR00217	POSTSYNAPTIC	0.999999999999109	-8.91324340723809e-13	1	0	0	12	2330
PR01661	MCMPROTEIN5	0.999999999999109	-8.91324340723809e-13	1	0	0	12	2330
PR00416	EUTPISMRASEI	0.999999999999109	-8.91324340723809e-13	1	0	0	12	2330
PR01630	LVDCCALPHA1	0.999999999999109	-8.91324340723809e-13	1	0	0	12	2330
PR00600	PP2APR55	0.999999999999109	-8.91324340723809e-13	1	0	0	12	2330
PR00664	OCTOPAMINER	0.999999999999109	-8.91324340723809e-13	1	0	0	12	2330
PR01760	DISHEVELLED	0.999999999999109	-8.91324340723809e-13	1	0	0	12	2330
PR01470	ERGCHANNEL	0.999999999999109	-8.91324340723809e-13	1	0	0	12	2330
PR00355	ADRENODOXIN	0.999999999999109	-8.91324340723809e-13	1	0	0	12	2330
PR00979	TAFAZZIN	0.999999999999109	-8.91324340723809e-13	1	0	0	12	2330
PR01164	GAMMATUBULIN	0.999999999999109	-8.91324340723809e-13	1	0	0	12	2330
PR00332	HISTRIAD	0.999999999999109	-8.91324340723809e-13	1	0	0	12	2330
PR00065	TEADOMAIN	0.999999999999109	-8.91324340723809e-13	1	0	0	12	2330
PR00079	G6PDHDRGNASE	0.999999999999109	-8.91324340723809e-13	1	0	0	12	2330
PR01659	MCMPROTEIN3	0.999999999999109	-8.91324340723809e-13	1	0	0	12	2330
PR00975	RIBOSOMALS19	0.999999999999109	-8.91324340723809e-13	1	0	0	12	2330
PR01848	U2AUXFACTOR	0.999999999999109	-8.91324340723809e-13	1	0	0	12	2330
PR00472	CASNKINASEII	0.999999999999109	-8.91324340723809e-13	1	0	0	12	2330
PR00779	INSP3RECEPTR	0.999999999999109	-8.91324340723809e-13	1	0	0	12	2330
PR00882	RIBOSOMALL7A	0.999999999999109	-8.91324340723809e-13	1	0	0	12	2330
PR00846	GLHYDRLASE56	0.999999999999109	-8.91324340723809e-13	1	0	0	12	2330
PR01245	RAD1REC1	0.999999999999109	-8.91324340723809e-13	1	0	0	12	2330
PR00928	GRAVESDC	0.999999999999109	-8.91324340723809e-13	1	0	0	12	2330
PR01839	RAD23PROTEIN	0.999999999999109	-8.91324340723809e-13	1	0	0	12	2330
PR01368	SYNAPSIN	0.999999999999109	-8.91324340723809e-13	1	0	0	12	2330
PR01443	TFIID30KDSUB	0.999999999999109	-8.91324340723809e-13	1	0	0	12	2330
PR00728	SIGNALPTASE	0.999999999999109	-8.91324340723809e-13	1	0	0	12	2330
PR00961	HUDSXLRNA	0.999999999999109	-8.91324340723809e-13	1	0	0	12	2330
PR01043	TRNASYNTHGLY	0.999999999999109	-8.91324340723809e-13	1	0	0	12	2330
PR00662	G6PISOMERASE	0.999999999999109	-8.91324340723809e-13	1	0	0	12	2330
PR00414	PPTHIESTRASE	0.999999999999109	-8.91324340723809e-13	1	0	0	12	2330
PR01047	TRNASYNTHTHR	0.999999999999109	-8.91324340723809e-13	1	0	0	12	2330
PR00741	GLHYDRLASE29	0.999999999999109	-8.91324340723809e-13	1	0	0	12	2330
PR01849	UBIQUITINACT	0.999999999999109	-8.91324340723809e-13	1	0	0	12	2330
PR00148	ENOLASE	0.999999999999109	-8.91324340723809e-13	1	0	0	12	2330
PR01101	5HTRECEPTOR	0.999999999999109	-8.91324340723809e-13	1	0	0	12	2330
PR00967	ONCOGENEAML1	0.999999999999109	-8.91324340723809e-13	1	0	0	12	2330
PR01738	RNABINDINGM8	0.999999999999109	-8.91324340723809e-13	1	0	0	12	2330
PR00983	TRNASYNTHCYS	0.999999999999109	-8.91324340723809e-13	1	0	0	12	2330
PR01797	SAPOSIN	0.999999999999109	-8.91324340723809e-13	1	0	0	12	2330
PR00738	GLHYDRLASE20	0.999999999999109	-8.91324340723809e-13	1	0	0	12	2330
PR00492	RHOGDI	0.999999999999109	-8.91324340723809e-13	1	0	0	12	2330
PR00477	PHGLYCKINASE	0.999999999999109	-8.91324340723809e-13	1	0	0	12	2330
PR00442	GPROTEINAQ	0.999999999999109	-8.91324340723809e-13	1	0	0	12	2330
PR01088	NAHEXCHNGR6	0.999999999999109	-8.91324340723809e-13	1	0	0	12	2330
PR00850	GLHYDRLASE59	0.999999999999109	-8.91324340723809e-13	1	0	0	12	2330
PR00440	GPROTEINA12	0.999999999999109	-8.91324340723809e-13	1	0	0	12	2330
PR00104	CGMPKINASE	0.999999999999109	-8.91324340723809e-13	1	0	0	12	2330
PR00194	TROPOMYOSIN	0.999999999999109	-8.91324340723809e-13	1	0	0	12	2330
PR00867	DNAPOLG	0.999999999999109	-8.91324340723809e-13	1	0	0	12	2330
PR00298	CHAPERONIN60	0.999999999999109	-8.91324340723809e-13	1	0	0	12	2330
PR00474	GLU5KINASE	0.999999999999109	-8.91324340723809e-13	1	0	0	12	2330
PR00154	AMPBINDING	0.999999999999109	-8.91324340723809e-13	1	0	0	12	2330
PR01365	TELOMERASERT	0.999999999999109	-8.91324340723809e-13	1	0	0	12	2330
PR00071	HMGCOARDTASE	0.999999999999109	-8.91324340723809e-13	1	0	0	12	2330
PR01838	NCAMFAMILY	0.999999999999109	-8.91324340723809e-13	1	0	0	12	2330
PR01243	NUCDPKINASE	0.999999999999109	-8.91324340723809e-13	1	0	0	12	2330
PR00545	RETINOIDXR	0.999999999999109	-8.91324340723809e-13	1	0	0	12	2330
PR01550	TOP6AFAMILY	0.999999999999109	-8.91324340723809e-13	1	0	0	12	2330
PR00443	GPROTEINAS	0.999999999999109	-8.91324340723809e-13	1	0	0	12	2330
PR00082	GLFDHDRGNASE	0.999999999999109	-8.91324340723809e-13	1	0	0	12	2330
PR00052	FIBRILLARIN	0.999999999999109	-8.91324340723809e-13	1	0	0	12	2330
PR00990	RIBOKINASE	0.999999999999109	-8.91324340723809e-13	1	0	0	12	2330
PR00740	GLHYDRLASE27	0.999999999999109	-8.91324340723809e-13	1	0	0	12	2330
PR01251	AMPHIPHYSIN	0.999999999999109	-8.91324340723809e-13	1	0	0	12	2330
PR01770	ERK1ERK2MAPK	0.999999999999109	-8.91324340723809e-13	1	0	0	12	2330
PR01218	PSTLEXTENSIN	0.999999999999109	-8.91324340723809e-13	1	0	0	12	2330
PR01000	SREBPS2PTASE	0.999999999999109	-8.91324340723809e-13	1	0	0	12	2330
PR00044	LEUZIPPRMYC	0.999999999999109	-8.91324340723809e-13	1	0	0	12	2330
PR01653	TCTPROTEIN	0.999999999999109	-8.91324340723809e-13	1	0	0	12	2330
PR00785	NCTRNSLOCATR	0.999999999999109	-8.91324340723809e-13	1	0	0	12	2330
PR00456	RIBOSOMALP2	0.999999999999109	-8.91324340723809e-13	1	0	0	12	2330
PR00373	GLYCHORMONER	0.999999999999109	-8.91324340723809e-13	1	0	0	12	2330
PR00465	EP450IV	0.999999999999109	-8.91324340723809e-13	1	0	0	12	2330
PR00115	F16BPHPHTASE	0.999999999999109	-8.91324340723809e-13	1	0	0	12	2330
PR01850	GROUCHOFAMLY	0.999999999999109	-8.91324340723809e-13	1	0	0	12	2330
PR02011	RCMTNCL1	0.999999999999109	-8.91324340723809e-13	1	0	0	12	2330
PR00085	THFDHDRGNASE	0.999999999999109	-8.91324340723809e-13	1	0	0	12	2330
PR01546	YEAST73DUF	0.999999999999109	-8.91324340723809e-13	1	0	0	12	2330
PR01692	LIPOCALINIMR	0.999999999999109	-8.91324340723809e-13	1	0	0	12	2330
PR00302	LUPUSLA	0.999999999999109	-8.91324340723809e-13	1	0	0	12	2330
PR00322	G10	0.999999999999109	-8.91324340723809e-13	1	0	0	12	2330
PR00392	PROFILIN	0.999999999999109	-8.91324340723809e-13	1	0	0	12	2330
PR00985	TRNASYNTHLEU	0.999999999999109	-8.91324340723809e-13	1	0	0	12	2330
PR01464	EAGCHANNEL	0.999999999999109	-8.91324340723809e-13	1	0	0	12	2330
PR01034	RIBOSOMALS12	0.999999999999109	-8.91324340723809e-13	1	0	0	12	2330
PR00139	ASNGLNASE	0.999999999999109	-8.91324340723809e-13	1	0	0	12	2330
PR00351	OM20RECEPTOR	0.999999999999109	-8.91324340723809e-13	1	0	0	12	2330
PR00203	AMYLOIDA4	0.999999999999109	-8.91324340723809e-13	1	0	0	12	2330
PR00125	ATPASEDELTA	0.999999999999109	-8.91324340723809e-13	1	0	0	12	2330
PR00108	THYMDSNTHASE	0.999999999999109	-8.91324340723809e-13	1	0	0	12	2330
PR00982	TRNASYNTHLYS	0.999999999999109	-8.91324340723809e-13	1	0	0	12	2330
PR00603	CYTOCHROMEC1	0.999999999999109	-8.91324340723809e-13	1	0	0	12	2330
PR00025	ANTENNAPEDIA	0.999999999999109	-8.91324340723809e-13	1	0	0	12	2330
PR00971	RIBOSOMALS10	0.999999999999109	-8.91324340723809e-13	1	0	0	12	2330
PR00978	STARPROTEIN	0.999999999999109	-8.91324340723809e-13	1	0	0	12	2330
PR01075	PRESENILNSEL	0.999999999999109	-8.91324340723809e-13	1	0	0	12	2330
PR00932	AMINO1PTASE	0.999999999999109	-8.91324340723809e-13	1	0	0	12	2330
PR00464	EP450II	0.999999999999109	-8.91324340723809e-13	1	0	0	12	2330
PR01662	MCMPROTEIN6	0.999999999999109	-8.91324340723809e-13	1	0	0	12	2330
PR01433	POLYCYSTIN2	0.999999999999109	-8.91324340723809e-13	1	0	0	12	2330
PR00126	ATPASEGAMMA	0.999999999999109	-8.91324340723809e-13	1	0	0	12	2330
PR01405	TETRPHPHTASE	0.999999999999109	-8.91324340723809e-13	1	0	0	12	2330
PR00220	SYNAPTOPHYSN	0.999999999999109	-8.91324340723809e-13	1	0	0	12	2330
PR00321	GPROTEING	0.999999999999109	-8.91324340723809e-13	1	0	0	12	2330
PR02012	RCMTNOP2	0.999999999999109	-8.91324340723809e-13	1	0	0	12	2330
PR00868	DNAPOLI	0.999999999999109	-8.91324340723809e-13	1	0	0	12	2330
PR01588	THIKCHANNEL	0.999999999999109	-8.91324340723809e-13	1	0	0	12	2330
PR00896	VASOPRESSINR	0.999999999999109	-8.91324340723809e-13	1	0	0	12	2330
PR00276	INSULINFAMLY	0.999999999999109	-8.91324340723809e-13	1	0	0	12	2330
PR01629	TVDCCALPHA1	0.999999999999109	-8.91324340723809e-13	1	0	0	12	2330
PR01802	SYNEMBRYN	0.999999999999109	-8.91324340723809e-13	1	0	0	12	2330
PR00620	HISTONEH2A	0.999999999999154	-8.45651723272035e-13	5	0	0	12	2330
PR00405	REVINTRACTNG	0.999999999999154	-8.45651723272035e-13	5	0	0	12	2330
PR00249	GPCRSECRETIN	0.999999999999154	-8.45651723272035e-13	5	0	0	12	2330
PR00371	FPNCR	0.999999999999154	-8.45651723272035e-13	5	0	0	12	2330
PR00160	GLUTAREDOXIN	0.999999999999154	-8.45651723272035e-13	5	0	0	12	2330
PR01349	WNTPROTEIN	0.999999999999154	-8.45651723272035e-13	5	0	0	12	2330
PR00248	GPCRMGR	0.999999999999154	-8.45651723272035e-13	5	0	0	12	2330
PR01125	FMOXYGENASE5	0.999999999999154	-8.45651723272035e-13	5	0	0	12	2330
PR00111	ABHYDROLASE	0.999999999999154	-8.45651723272035e-13	5	0	0	12	2330
PR00661	ERMFAMILY	0.999999999999154	-8.45651723272035e-13	5	0	0	12	2330
PR00800	YHDCRBOXLASE	0.999999999999154	-8.45651723272035e-13	5	0	0	12	2330
PR01609	CD36FAMILY	0.999999999999154	-8.45651723272035e-13	5	0	0	12	2330
PR00744	GLHYDRLASE37	0.999999999999154	-8.45651723272035e-13	5	0	0	12	2330
PR00347	THAUMATIN	0.999999999999154	-8.45651723272035e-13	5	0	0	12	2330
PR01130	DERENTRNSPRT	0.999999999999154	-8.45651723272035e-13	5	0	0	12	2330
PR01625	GSTRNSFRASEO	0.999999999999154	-8.45651723272035e-13	5	0	0	12	2330
PR00412	EPOXHYDRLASE	0.999999999999154	-8.45651723272035e-13	5	0	0	12	2330
PR00385	P450	0.999999999999225	-7.74605019295111e-13	71	0	0	12	2330
PR00153	CSAPPISMRASE	0.999999999999521	-4.78523083216521e-13	18	0	0	12	2330
PR00625	JDOMAIN	0.999999999999628	-3.71623109796799e-13	25	0	0	12	2330
PR01262	INNEXIN	0.999999999999628	-3.71623109796799e-13	25	0	0	12	2330
PR01333	2POREKCHANEL	0.999999999999681	-3.19094298655453e-13	43	0	0	12	2330
PR00398	STRDHORMONER	0.999999999999681	-3.19094298655453e-13	43	0	0	12	2330
PR00205	CADHERIN	0.999999999999713	-2.87228358002471e-13	11	0	0	12	2330
PR00301	HEATSHOCK70	0.999999999999713	-2.87228358002471e-13	11	0	0	12	2330
PR00360	C2DOMAIN	0.999999999999713	-2.87228358002471e-13	11	0	0	12	2330
PR01491	KVCHANNEL	0.999999999999713	-2.87228358002471e-13	11	0	0	12	2330
PR00315	ELONGATNFCT	0.999999999999755	-2.45480100040121e-13	14	0	0	12	2330
PR00699	TMPROTEINSRB	0.999999999999755	-2.45480100040121e-13	14	0	0	12	2330
PR00759	BASICPTASE	0.999999999999834	-1.66280509109974e-13	20	0	0	12	2330
PR00705	PAPAIN	0.999999999999834	-1.66280509109974e-13	20	0	0	12	2330
PR00254	NICOTINICR	0.999999999999834	-1.66280509109974e-13	20	0	0	12	2330
PR00252	NRIONCHANNEL	1.0000000000001	9.75137847261667e-14	84	0	0	12	2330
PR00401	SH2DOMAIN	1.00000000000057	5.74087514286472e-13	19	0	0	12	2330
PR00452	SH3DOMAIN	1.00000000000068	6.83426144384224e-13	22	0	0	12	2330
PR00318	GPROTEINA	1.00000000000068	6.83426144384224e-13	22	0	0	12	2330
PR00193	MYOSINHEAVY	1.00000000000075	7.46235498368358e-13	17	0	0	12	2330
PR00380	KINESINHEAVY	1.00000000000075	7.46235498368358e-13	17	0	0	12	2330
PR00792	PEPSIN	1.00000000000075	7.46235498368358e-13	17	0	0	12	2330
PR00253	GABAARECEPTR	1.00000000000084	8.35497423945467e-13	37	0	0	12	2330
PR00024	HOMEOBOX	1.00000000000096	9.5915595963397e-13	26	0	0	12	2330
PR00177	NMDARECEPTOR	1.00000000000101	1.00702597789139e-12	8	0	0	12	2330
PR00624	HISTONEH5	1.00000000000101	1.00702597789139e-12	8	0	0	12	2330
PR00786	NEPRILYSIN	1.00000000000101	1.00702597789139e-12	8	0	0	12	2330
PR00927	ADPTRNSLCASE	1.00000000000101	1.00702597789139e-12	8	0	0	12	2330
PR00935	BAND41	1.00000000000101	1.00702597789139e-12	8	0	0	12	2330
PR00619	GATAZNFINGER	1.00000000000101	1.00702597789139e-12	8	0	0	12	2330
PR00454	ETSDOMAIN	1.00000000000101	1.00702597789139e-12	8	0	0	12	2330
PR00721	STOMATIN	1.00000000000101	1.00702597789139e-12	8	0	0	12	2330
PR00219	SYNAPTOBREVN	1.00000000000101	1.00702597789139e-12	8	0	0	12	2330
PR01270	HDASUPER	1.00000000000101	1.00702597789139e-12	8	0	0	12	2330
PR00122	VACATPASE	1.00000000000125	1.25189849738377e-12	2	0	0	12	2330
PR01822	CCYSTOKININR	1.00000000000125	1.25189849738377e-12	2	0	0	12	2330
PR00342	RHESUSRHD	1.00000000000125	1.25189849738377e-12	2	0	0	12	2330
PR01072	PRESENILIN	1.00000000000125	1.25189849738377e-12	2	0	0	12	2330
PR01041	TRNASYNTHMET	1.00000000000125	1.25189849738377e-12	2	0	0	12	2330
PR00509	PGMPMM	1.00000000000125	1.25189849738377e-12	2	0	0	12	2330
PR00891	RABGDIREP	1.00000000000125	1.25189849738377e-12	2	0	0	12	2330
PR00616	CCAATSUBUNTB	1.00000000000125	1.25189849738377e-12	2	0	0	12	2330
PR00892	RABGDI	1.00000000000125	1.25189849738377e-12	2	0	0	12	2330
PR01764	MAPKPHPHTASE	1.00000000000125	1.25189849738377e-12	2	0	0	12	2330
PR00476	PHFRCTKINASE	1.00000000000125	1.25189849738377e-12	2	0	0	12	2330
PR01040	TRNASYNTHTYR	1.00000000000125	1.25189849738377e-12	2	0	0	12	2330
PR01869	BCATNINFAMLY	1.00000000000125	1.25189849738377e-12	2	0	0	12	2330
PR00189	TRNSTHYRETIN	1.00000000000125	1.25189849738377e-12	2	0	0	12	2330
PR00653	ACTIVIN2R	1.00000000000125	1.25189849738377e-12	2	0	0	12	2330
PR00626	CALRETICULIN	1.00000000000125	1.25189849738377e-12	2	0	0	12	2330
PR00727	LEADERPTASE	1.00000000000125	1.25189849738377e-12	2	0	0	12	2330
PR00604	CYTCHRMECIAB	1.00000000000125	1.25189849738377e-12	2	0	0	12	2330
PR00717	GPCRKINASE	1.00000000000125	1.25189849738377e-12	2	0	0	12	2330
PR00805	ALPHACATENIN	1.00000000000125	1.25189849738377e-12	2	0	0	12	2330
PR01773	P38MAPKINASE	1.00000000000125	1.25189849738377e-12	2	0	0	12	2330
PR00991	6PFRUCTKNASE	1.00000000000125	1.25189849738377e-12	2	0	0	12	2330
PR01160	GABAARBETA	1.00000000000125	1.25189849738377e-12	2	0	0	12	2330
PR01626	LCACHANNELB	1.00000000000125	1.25189849738377e-12	2	0	0	12	2330
PR00120	HATPASE	1.00000000000125	1.25189849738377e-12	2	0	0	12	2330
PR00984	TRNASYNTHILE	1.00000000000125	1.25189849738377e-12	2	0	0	12	2330
PR00679	PROHIBITIN	1.00000000000125	1.25189849738377e-12	2	0	0	12	2330
PR00149	FUMRATELYASE	1.00000000000125	1.25189849738377e-12	2	0	0	12	2330
PR01452	LNOTCHREPEAT	1.00000000000125	1.25189849738377e-12	2	0	0	12	2330
PR00702	ACRIFLAVINRP	1.00000000000125	1.25189849738377e-12	2	0	0	12	2330
PR00077	GPDHDRGNASE	1.00000000000125	1.25189849738377e-12	2	0	0	12	2330
PR01035	TCRTETA	1.00000000000125	1.25189849738377e-12	2	0	0	12	2330
PR00883	NUCLEARHMG	1.00000000000125	1.25189849738377e-12	2	0	0	12	2330
PR00876	MTNEMATODE	1.00000000000125	1.25189849738377e-12	2	0	0	12	2330
PR00395	RIBOSOMALS2	1.00000000000125	1.25189849738377e-12	2	0	0	12	2330
PR00887	SSRCOGNITION	1.00000000000125	1.25189849738377e-12	2	0	0	12	2330
PR00962	LETHAL2GIANT	1.00000000000125	1.25189849738377e-12	2	0	0	12	2330
PR01001	FADG3PDH	1.00000000000125	1.25189849738377e-12	2	0	0	12	2330
PR00296	CYCLINKINASE	1.00000000000125	1.25189849738377e-12	2	0	0	12	2330
PR01050	PYRUVTKNASE	1.00000000000125	1.25189849738377e-12	2	0	0	12	2330
PR00597	GELSOLIN	1.00000000000125	1.25189849738377e-12	2	0	0	12	2330
PR01268	GSTRNSFRASEP	1.00000000000125	1.25189849738377e-12	2	0	0	12	2330
PR00377	IMPHPHTASES	1.00000000000125	1.25189849738377e-12	2	0	0	12	2330
PR00481	LAMNOPPTDASE	1.00000000000125	1.25189849738377e-12	2	0	0	12	2330
PR00141	PROTEASOME	1.00000000000125	1.25189849738377e-12	2	0	0	12	2330
PR00415	ACONITASE	1.00000000000125	1.25189849738377e-12	2	0	0	12	2330
PR01186	INTEGRINB	1.00000000000125	1.25189849738377e-12	2	0	0	12	2330
PR00742	GLHYDRLASE35	1.00000000000125	1.25189849738377e-12	2	0	0	12	2330
PR01459	KCNQCHANNEL	1.00000000000125	1.25189849738377e-12	2	0	0	12	2330
PR00986	TRNASYNTHVAL	1.00000000000125	1.25189849738377e-12	2	0	0	12	2330
PR00686	TIFACTORIID	1.00000000000125	1.25189849738377e-12	2	0	0	12	2330
PR00381	KINESINLIGHT	1.00000000000125	1.25189849738377e-12	2	0	0	12	2330
PR00404	MADSDOMAIN	1.00000000000125	1.25189849738377e-12	2	0	0	12	2330
PR00980	TRNASYNTHALA	1.00000000000125	1.25189849738377e-12	2	0	0	12	2330
PR00599	MAPEPTIDASE	1.00000000000125	1.25189849738377e-12	2	0	0	12	2330
PR01703	MNSODISMTASE	1.00000000000125	1.25189849738377e-12	2	0	0	12	2330
PR01908	ADSPHPHTASE	1.00000000000125	1.25189849738377e-12	2	0	0	12	2330
PR01046	TRNASYNTHPRO	1.00000000000125	1.25189849738377e-12	2	0	0	12	2330
PR00981	TRNASYNTHSER	1.00000000000125	1.25189849738377e-12	2	0	0	12	2330
PR01182	ORNDCRBXLASE	1.00000000000125	1.25189849738377e-12	2	0	0	12	2330
PR01179	ODADCRBXLASE	1.00000000000125	1.25189849738377e-12	2	0	0	12	2330
PR00131	GLHYDRLASE1	1.00000000000125	1.25189849738377e-12	2	0	0	12	2330
PR00660	ERLUMENR	1.00000000000125	1.25189849738377e-12	2	0	0	12	2330
PR01185	INTEGRINA	1.00000000000125	1.25189849738377e-12	2	0	0	12	2330
PR01039	TRNASYNTHTRP	1.00000000000125	1.25189849738377e-12	2	0	0	12	2330
PR00685	TIFACTORIIB	1.00000000000125	1.25189849738377e-12	2	0	0	12	2330
PR00776	HEMOGLOBNASE	1.00000000000125	1.25189849738377e-12	2	0	0	12	2330
PR00504	CHROMODOMAIN	1.00000000000125	1.25189849738377e-12	2	0	0	12	2330
PR00714	MAN6PISMRASE	1.00000000000125	1.25189849738377e-12	2	0	0	12	2330
PR00789	OSIALOPTASE	1.00000000000125	1.25189849738377e-12	2	0	0	12	2330
PR00417	PRTPISMRASEI	1.00000000000125	1.25189849738377e-12	2	0	0	12	2330
PR01038	TRNASYNTHARG	1.00000000000125	1.25189849738377e-12	2	0	0	12	2330
PR01573	SUPERTUBBY	1.00000000000125	1.25189849738377e-12	2	0	0	12	2330
PR00031	HTHREPRESSR	1.0000000000017	1.69894599321959e-12	12	0	0	12	2330
PR00069	ALDKETRDTASE	1.0000000000017	1.69894599321959e-12	12	0	0	12	2330
PR00176	NANEUSMPORT	1.0000000000017	1.69894599321959e-12	12	0	0	12	2330
PR00765	CRBOXYPTASEA	1.0000000000017	1.69894599321959e-12	12	0	0	12	2330
PR01301	RGSPROTEIN	1.0000000000017	1.69894599321959e-12	12	0	0	12	2330
PR00261	LDLRECEPTOR	1.00000000000178	1.77668204674758e-12	15	0	0	12	2330
PR00299	ACRYSTALLIN	1.00000000000178	1.77668204674758e-12	15	0	0	12	2330
PR00196	ANNEXIN	1.0000000000022	2.20241763411717e-12	4	0	0	12	2330
PR00843	GLHYDRLASE30	1.0000000000022	2.20241763411717e-12	4	0	0	12	2330
PR00314	CLATHRINADPT	1.0000000000022	2.20241763411717e-12	4	0	0	12	2330
PR01231	HCO3TRNSPORT	1.0000000000022	2.20241763411717e-12	4	0	0	12	2330
PR00050	COLDSHOCK	1.0000000000022	2.20241763411717e-12	4	0	0	12	2330
PR00078	G3PDHDRGNASE	1.0000000000022	2.20241763411717e-12	4	0	0	12	2330
PR00878	CHOLNESTRASE	1.0000000000022	2.20241763411717e-12	4	0	0	12	2330
PR01042	TRNASYNTHASP	1.0000000000022	2.20241763411717e-12	4	0	0	12	2330
PR00363	CYTOCHROMEB5	1.0000000000022	2.20241763411717e-12	4	0	0	12	2330
PR00888	SM22CALPONIN	1.0000000000022	2.20241763411717e-12	4	0	0	12	2330
PR00929	ATHOOK	1.0000000000022	2.20241763411717e-12	4	0	0	12	2330
PR00716	MPIPHPHTASE	1.0000000000022	2.20241763411717e-12	4	0	0	12	2330
PR00621	HISTONEH2B	1.0000000000022	2.20241763411717e-12	4	0	0	12	2330
PR00853	XPGRADSUPER	1.0000000000022	2.20241763411717e-12	4	0	0	12	2330
PR02095	TRNSPORTRHRG	1.0000000000022	2.20241763411717e-12	4	0	0	12	2330
PR00300	CLPPROTEASEA	1.0000000000022	2.20241763411717e-12	4	0	0	12	2330
PR02008	RCMTFAMILY	1.0000000000022	2.20241763411717e-12	4	0	0	12	2330
PR00441	GPROTEINAI	1.00000000000271	2.7063638236779e-12	7	0	0	12	2330
PR00722	CHYMOTRYPSIN	1.00000000000271	2.7063638236779e-12	7	0	0	12	2330
PR00190	ACTIN	1.00000000000271	2.7063638236779e-12	7	0	0	12	2330
PR00747	GLYHDRLASE47	1.00000000000271	2.7063638236779e-12	7	0	0	12	2330
PR01011	GLUTPROXDASE	1.00000000000271	2.7063638236779e-12	7	0	0	12	2330
PR00370	FMOXYGENASE	1.00000000000271	2.7063638236779e-12	7	0	0	12	2330
PR00138	MATRIXIN	1.00000000000271	2.7063638236779e-12	7	0	0	12	2330
PR01084	NAHEXCHNGR	1.00000000000327	3.26948063168563e-12	9	0	0	12	2330
PR00783	MINTRINSICP	1.00000000000327	3.26948063168563e-12	9	0	0	12	2330
PR00304	TCOMPLEXTCP1	1.00000000000327	3.26948063168563e-12	9	0	0	12	2330
PR01095	TASKCHANNEL	1.00000000000327	3.26948063168563e-12	9	0	0	12	2330
PR00724	CRBOXYPTASEC	1.00000000000327	3.26948063168563e-12	9	0	0	12	2330
PR00622	HISTONEH3	1.00000000000327	3.26948063168563e-12	9	0	0	12	2330
PR00326	GTP1OBG	1.00000000000327	3.26948063168563e-12	9	0	0	12	2330
PR00697	TMPROTEINSRA	1.00000000000329	3.28860193874266e-12	29	0	0	12	2330
PR00008	DAGPEDOMAIN	1.00000000000367	3.67371248050619e-12	13	0	0	12	2330
PR00457	ANPEROXIDASE	1.00000000000367	3.67371248050619e-12	13	0	0	12	2330
PR00503	BROMODOMAIN	1.00000000000367	3.67371248050619e-12	13	0	0	12	2330
PR00704	CALPAIN	1.00000000000367	3.67371248050619e-12	13	0	0	12	2330
PR01012	NRPEPTIDEYR	1.00000000000367	3.67371248050619e-12	13	0	0	12	2330
PR00259	TMFOUR	1.00000000000367	3.67371248050619e-12	13	0	0	12	2330
PR00328	SAR1GTPBP	1.00000000000367	3.67371248050619e-12	13	0	0	12	2330
PR00114	STPHPHTASE	1.00000000000371	3.70498761209672e-12	45	0	0	12	2330
PR00698	TMPROTEINSRG	1.00000000000415	4.15299588556172e-12	39	0	0	12	2330
PR00480	ASTACIN	1.00000000000415	4.15299588556172e-12	39	0	0	12	2330
PR00081	GDHRDH	1.00000000000439	4.39265373459223e-12	72	0	0	12	2330
PR00463	EP450I	1.00000000000439	4.39265373459223e-12	72	0	0	12	2330
PR00237	GPCRRHODOPSN	1.00000000000535	5.35251695501573e-12	144	0	0	12	2330
