TermID	Term	Enrichment	logP	Genes in Term	Target Genes in Term	Fraction of Targets in Term	Total Target Genes	Total Genes	Entrez Gene IDs	Gene Symbols
PR00237	GPCRRHODOPSN	3.12300552850943e-18	-40.3077358253375	144	26	0.472727272727273	55	2330	182040,188781,190021,186965,190424,189817,185662,184413,179301,182942,3564903,190990,180643,176124,177450,183595,182494,175470,191562,183513,192055,175131,183747,186155,180565,187427	B0563.6,npr-21,dmsr-3,K03H6.5,npr-22,frpr-19,npr-27,gnrr-6,C24B5.1,frpr-3,sprr-1,npr-32,npr-16,npr-17,R13H7.2,tkr-2,npr-3,npr-15,ZK1307.7,egl-6,tkr-1,npr-34,npr-10,frpr-9,ser-7,tyra-3
PR00252	NRIONCHANNEL	0.0129087986348296	-4.34984613539946	84	6	0.109090909090909	55	2330	177409,181009,191604,188854,174262,179269	lgc-10,lgc-11,acr-18,lgc-40,acr-7,mod-1
PR00031	HTHREPRESSR	0.0310345261316335	-3.47265494807042	12	2	0.0363636363636364	55	2330	176096,191615	ceh-23,ceh-2
PR01012	NRPEPTIDEYR	0.0361296552952616	-3.32064127454727	13	2	0.0363636363636364	55	2330	175131,183747	npr-34,npr-10
PR01097	TRNSRECEPTRP	0.0691859896729459	-2.6709568982302	3	1	0.0181818181818182	55	2330	190574	trp-4
PR01320	KIRCHANNEL	0.0691859896729459	-2.6709568982302	3	1	0.0181818181818182	55	2330	191696	irk-3
PR00413	HADHALOGNASE	0.0691859896729459	-2.6709568982302	3	1	0.0181818181818182	55	2330	174706	bigr-1
PR00838	V5ALLERGEN	0.0724124364047791	-2.62537722079518	19	2	0.0363636363636364	55	2330	183343,184246	scl-6,scl-14
PR02095	TRNSPORTRHRG	0.0911863208157389	-2.39485038420713	4	1	0.0181818181818182	55	2330	180684	hrg-1
PR00318	GPROTEINA	0.0935641494220447	-2.36910798786435	22	2	0.0363636363636364	55	2330	173759,189161	gpa-11,gpa-18
PR00837	V5TPXLIKE	0.11625335495124	-2.1519833751355	25	2	0.0363636363636364	55	2330	183343,184246	scl-6,scl-14
PR00786	NEPRILYSIN	0.174195221340178	-1.74757864697113	8	1	0.0181818181818182	55	2330	174593	nep-26
PR00253	GABAARECEPTR	0.21676884158762	-1.5289237393596	37	2	0.0363636363636364	55	2330	179269,188854	mod-1,lgc-40
PR00008	DAGPEDOMAIN	0.26754916384713	-1.31845193945067	13	1	0.0181818181818182	55	2330	185998	F48G7.10
PR00457	ANPEROXIDASE	0.26754916384713	-1.31845193945067	13	1	0.0181818181818182	55	2330	187708	R08F11.7
PR00053	FORKHEAD	0.284935782745754	-1.2554914478018	14	1	0.0181818181818182	55	2330	174721	unc-130
PR01415	ANKYRIN	0.318502139091334	-1.14412608785014	16	1	0.0181818181818182	55	2330	190574	trp-4
PR00193	MYOSINHEAVY	0.334700229995833	-1.09451998359499	17	1	0.0181818181818182	55	2330	176764	myo-6
PR00452	SH3DOMAIN	0.410188681525831	-0.891138026299304	22	1	0.0181818181818182	55	2330	178361	lst-4
PR00024	HOMEOBOX	0.464465983743806	-0.766866955393032	26	1	0.0181818181818182	55	2330	191615	ceh-2
PR00697	TMPROTEINSRA	0.501925664215599	-0.689303249507017	29	1	0.0181818181818182	55	2330	186489	srb-16
PR00114	STPHPHTASE	0.662225286497865	-0.41214946900779	45	1	0.0181818181818182	55	2330	175257	pef-1
PR00080	SDRFAMILY	0.686043819567903	-0.376813776375155	48	1	0.0181818181818182	55	2330	185096	F28H7.2
PR00047	STROIDFINGER	0.810853199401982	-0.209668253086138	231	4	0.0727272727272727	55	2330	190799,187408,182731,175462	nhr-277,nhr-201,nhr-158,nhr-6
PR00081	GDHRDH	0.825709965055213	-0.191511699016813	72	1	0.0181818181818182	55	2330	185096	F28H7.2
PR00405	REVINTRACTNG	0.9999999999991	-8.998189330374e-13	5	0	0	55	2330
PR00744	GLHYDRLASE37	0.9999999999991	-8.998189330374e-13	5	0	0	55	2330
PR00371	FPNCR	0.9999999999991	-8.998189330374e-13	5	0	0	55	2330
PR00160	GLUTAREDOXIN	0.9999999999991	-8.998189330374e-13	5	0	0	55	2330
PR00347	THAUMATIN	0.9999999999991	-8.998189330374e-13	5	0	0	55	2330
PR01625	GSTRNSFRASEO	0.9999999999991	-8.998189330374e-13	5	0	0	55	2330
PR00661	ERMFAMILY	0.9999999999991	-8.998189330374e-13	5	0	0	55	2330
PR01125	FMOXYGENASE5	0.9999999999991	-8.998189330374e-13	5	0	0	55	2330
PR00620	HISTONEH2A	0.9999999999991	-8.998189330374e-13	5	0	0	55	2330
PR00248	GPCRMGR	0.9999999999991	-8.998189330374e-13	5	0	0	55	2330
PR01609	CD36FAMILY	0.9999999999991	-8.998189330374e-13	5	0	0	55	2330
PR00800	YHDCRBOXLASE	0.9999999999991	-8.998189330374e-13	5	0	0	55	2330
PR00111	ABHYDROLASE	0.9999999999991	-8.998189330374e-13	5	0	0	55	2330
PR01130	DERENTRNSPRT	0.9999999999991	-8.998189330374e-13	5	0	0	55	2330
PR00723	SUBTILISIN	0.9999999999991	-8.998189330374e-13	5	0	0	55	2330
PR00249	GPCRSECRETIN	0.9999999999991	-8.998189330374e-13	5	0	0	55	2330
PR00412	EPOXHYDRLASE	0.9999999999991	-8.998189330374e-13	5	0	0	55	2330
PR01349	WNTPROTEIN	0.9999999999991	-8.998189330374e-13	5	0	0	55	2330
PR01494	KV9CHANNEL	0.99999999999911	-8.90316530682256e-13	6	0	0	55	2330
PR00390	PHPHLIPASEC	0.99999999999911	-8.90316530682256e-13	6	0	0	55	2330
PR00092	TYROSINASE	0.99999999999911	-8.90316530682256e-13	6	0	0	55	2330
PR00689	ACOABINDINGP	0.99999999999911	-8.90316530682256e-13	6	0	0	55	2330
PR01163	BETATUBULIN	0.99999999999911	-8.90316530682256e-13	6	0	0	55	2330
PR00094	ADENYLTKNASE	0.99999999999911	-8.90316530682256e-13	6	0	0	55	2330
PR00633	RCCNDNSATION	0.99999999999911	-8.90316530682256e-13	6	0	0	55	2330
PR00632	SONICHHOG	0.99999999999911	-8.90316530682256e-13	6	0	0	55	2330
PR00348	UBIQUITIN	0.99999999999911	-8.90316530682256e-13	6	0	0	55	2330
PR00762	CLCHANNEL	0.99999999999911	-8.90316530682256e-13	6	0	0	55	2330
PR00387	PDIESTERASE1	0.99999999999911	-8.90316530682256e-13	6	0	0	55	2330
PR00399	SYNAPTOTAGMN	0.99999999999911	-8.90316530682256e-13	6	0	0	55	2330
PR01657	MCMFAMILY	0.99999999999911	-8.90316530682256e-13	6	0	0	55	2330
PR00301	HEATSHOCK70	0.999999999999945	-5.4546890595007e-14	11	0	0	55	2330
PR01491	KVCHANNEL	0.999999999999945	-5.4546890595007e-14	11	0	0	55	2330
PR00360	C2DOMAIN	0.999999999999945	-5.4546890595007e-14	11	0	0	55	2330
PR00205	CADHERIN	0.999999999999945	-5.4546890595007e-14	11	0	0	55	2330
PR00171	SUGRTRNSPORT	1.00000000000075	7.53034093551751e-13	10	0	0	55	2330
PR01162	ALPHATUBULIN	1.00000000000075	7.53034093551751e-13	10	0	0	55	2330
PR00178	FATTYACIDBP	1.00000000000075	7.53034093551751e-13	10	0	0	55	2330
PR00756	ALADIPTASE	1.00000000000075	7.53034093551751e-13	10	0	0	55	2330
PR00699	TMPROTEINSRB	1.00000000000137	1.36575781568271e-12	14	0	0	55	2330
PR00315	ELONGATNFCT	1.00000000000137	1.36575781568271e-12	14	0	0	55	2330
PR00625	JDOMAIN	1.00000000000182	1.81534668843871e-12	25	0	0	55	2330
PR01262	INNEXIN	1.00000000000182	1.81534668843871e-12	25	0	0	55	2330
PR00929	ATHOOK	1.00000000000201	2.01031498258075e-12	4	0	0	55	2330
PR00078	G3PDHDRGNASE	1.00000000000201	2.01031498258075e-12	4	0	0	55	2330
PR01042	TRNASYNTHASP	1.00000000000201	2.01031498258075e-12	4	0	0	55	2330
PR00843	GLHYDRLASE30	1.00000000000201	2.01031498258075e-12	4	0	0	55	2330
PR01231	HCO3TRNSPORT	1.00000000000201	2.01031498258075e-12	4	0	0	55	2330
PR00300	CLPPROTEASEA	1.00000000000201	2.01031498258075e-12	4	0	0	55	2330
PR00363	CYTOCHROMEB5	1.00000000000201	2.01031498258075e-12	4	0	0	55	2330
PR00196	ANNEXIN	1.00000000000201	2.01031498258075e-12	4	0	0	55	2330
PR00716	MPIPHPHTASE	1.00000000000201	2.01031498258075e-12	4	0	0	55	2330
PR00888	SM22CALPONIN	1.00000000000201	2.01031498258075e-12	4	0	0	55	2330
PR00853	XPGRADSUPER	1.00000000000201	2.01031498258075e-12	4	0	0	55	2330
PR00878	CHOLNESTRASE	1.00000000000201	2.01031498258075e-12	4	0	0	55	2330
PR00314	CLATHRINADPT	1.00000000000201	2.01031498258075e-12	4	0	0	55	2330
PR00050	COLDSHOCK	1.00000000000201	2.01031498258075e-12	4	0	0	55	2330
PR00621	HISTONEH2B	1.00000000000201	2.01031498258075e-12	4	0	0	55	2330
PR02008	RCMTFAMILY	1.00000000000201	2.01031498258075e-12	4	0	0	55	2330
PR00765	CRBOXYPTASEA	1.00000000000203	2.03279229408835e-12	12	0	0	55	2330
PR00069	ALDKETRDTASE	1.00000000000203	2.03279229408835e-12	12	0	0	55	2330
PR01301	RGSPROTEIN	1.00000000000203	2.03279229408835e-12	12	0	0	55	2330
PR00176	NANEUSMPORT	1.00000000000203	2.03279229408835e-12	12	0	0	55	2330
PR00406	CYTB5RDTASE	1.00000000000244	2.44115876771062e-12	3	0	0	55	2330
PR00447	NATRESASSCMP	1.00000000000244	2.44115876771062e-12	3	0	0	55	2330
PR00167	CACHANNEL	1.00000000000244	2.44115876771062e-12	3	0	0	55	2330
PR00376	IL1BCENZYME	1.00000000000244	2.44115876771062e-12	3	0	0	55	2330
PR00243	MUSCARINICR	1.00000000000244	2.44115876771062e-12	3	0	0	55	2330
PR00028	POUDOMAIN	1.00000000000244	2.44115876771062e-12	3	0	0	55	2330
PR01857	ADAMTSFAMILY	1.00000000000244	2.44115876771062e-12	3	0	0	55	2330
PR00106	DNAPOLB	1.00000000000244	2.44115876771062e-12	3	0	0	55	2330
PR00067	CATALASE	1.00000000000244	2.44115876771062e-12	3	0	0	55	2330
PR00255	NATPEPTIDER	1.00000000000244	2.44115876771062e-12	3	0	0	55	2330
PR01259	NACAEXCHNGR	1.00000000000244	2.44115876771062e-12	3	0	0	55	2330
PR01772	JNKMAPKINASE	1.00000000000244	2.44115876771062e-12	3	0	0	55	2330
PR01463	EAGCHANLFMLY	1.00000000000244	2.44115876771062e-12	3	0	0	55	2330
PR01347	EPHRIN	1.00000000000244	2.44115876771062e-12	3	0	0	55	2330
PR00369	FLAVODOXIN	1.00000000000244	2.44115876771062e-12	3	0	0	55	2330
PR00775	HEATSHOCK90	1.00000000000244	2.44115876771062e-12	3	0	0	55	2330
PR00319	GPROTEINB	1.00000000000244	2.44115876771062e-12	3	0	0	55	2330
PR00683	SPECTRINPH	1.00000000000244	2.44115876771062e-12	3	0	0	55	2330
PR00305	1433ZETA	1.00000000000244	2.44115876771062e-12	3	0	0	55	2330
PR00075	FACDDSATRASE	1.00000000000244	2.44115876771062e-12	3	0	0	55	2330
PR00068	CUZNDISMTASE	1.00000000000244	2.44115876771062e-12	3	0	0	55	2330
PR00502	NUDIXFAMILY	1.00000000000244	2.44115876771062e-12	3	0	0	55	2330
PR00790	PAMONOXGNASE	1.00000000000244	2.44115876771062e-12	3	0	0	55	2330
PR00389	PHPHLIPASEA2	1.00000000000244	2.44115876771062e-12	3	0	0	55	2330
PR01315	BATTENIN	1.00000000000244	2.44115876771062e-12	3	0	0	55	2330
PR00707	UBCTHYDRLASE	1.00000000000244	2.44115876771062e-12	3	0	0	55	2330
PR00372	FYWHYDRXLASE	1.00000000000244	2.44115876771062e-12	3	0	0	55	2330
PR00881	L7ARS6FAMILY	1.00000000000244	2.44115876771062e-12	3	0	0	55	2330
PR00799	TRANSAMINASE	1.00000000000244	2.44115876771062e-12	3	0	0	55	2330
PR00195	DYNAMIN	1.00000000000244	2.44115876771062e-12	3	0	0	55	2330
PR01498	SHAWCHANNEL	1.00000000000244	2.44115876771062e-12	3	0	0	55	2330
PR00391	PITRANSFER	1.00000000000244	2.44115876771062e-12	3	0	0	55	2330
PR00987	TRNASYNTHGLU	1.00000000000244	2.44115876771062e-12	3	0	0	55	2330
PR00489	FRIZZLED	1.00000000000244	2.44115876771062e-12	3	0	0	55	2330
PR02050	B14GALTRFASE	1.00000000000244	2.44115876771062e-12	3	0	0	55	2330
PR01271	HISDACETLASE	1.00000000000244	2.44115876771062e-12	3	0	0	55	2330
PR00593	MTABOTROPICR	1.00000000000244	2.44115876771062e-12	3	0	0	55	2330
PR00299	ACRYSTALLIN	1.0000000000026	2.60481707926219e-12	15	0	0	55	2330
PR00261	LDLRECEPTOR	1.0000000000026	2.60481707926219e-12	15	0	0	55	2330
PR00704	CALPAIN	1.00000000000272	2.71853431734284e-12	13	0	0	55	2330
PR00503	BROMODOMAIN	1.00000000000272	2.71853431734284e-12	13	0	0	55	2330
PR00328	SAR1GTPBP	1.00000000000272	2.71853431734284e-12	13	0	0	55	2330
PR00259	TMFOUR	1.00000000000272	2.71853431734284e-12	13	0	0	55	2330
PR00326	GTP1OBG	1.00000000000293	2.92593036209242e-12	9	0	0	55	2330
PR01095	TASKCHANNEL	1.00000000000293	2.92593036209242e-12	9	0	0	55	2330
PR00304	TCOMPLEXTCP1	1.00000000000293	2.92593036209242e-12	9	0	0	55	2330
PR00783	MINTRINSICP	1.00000000000293	2.92593036209242e-12	9	0	0	55	2330
PR00027	PAIREDBOX	1.00000000000293	2.92593036209242e-12	9	0	0	55	2330
PR00724	CRBOXYPTASEC	1.00000000000293	2.92593036209242e-12	9	0	0	55	2330
PR00622	HISTONEH3	1.00000000000293	2.92593036209242e-12	9	0	0	55	2330
PR01084	NAHEXCHNGR	1.00000000000293	2.92593036209242e-12	9	0	0	55	2330
PR00979	TAFAZZIN	1.00000000000305	3.05156594437861e-12	1	0	0	55	2330
PR00442	GPROTEINAQ	1.00000000000305	3.05156594437861e-12	1	0	0	55	2330
PR00098	CPSASE	1.00000000000305	3.05156594437861e-12	1	0	0	55	2330
PR00492	RHOGDI	1.00000000000305	3.05156594437861e-12	1	0	0	55	2330
PR01770	ERK1ERK2MAPK	1.00000000000305	3.05156594437861e-12	1	0	0	55	2330
PR00448	NSFATTACHMNT	1.00000000000305	3.05156594437861e-12	1	0	0	55	2330
PR01692	LIPOCALINIMR	1.00000000000305	3.05156594437861e-12	1	0	0	55	2330
PR00139	ASNGLNASE	1.00000000000305	3.05156594437861e-12	1	0	0	55	2330
PR00079	G6PDHDRGNASE	1.00000000000305	3.05156594437861e-12	1	0	0	55	2330
PR00975	RIBOSOMALS19	1.00000000000305	3.05156594437861e-12	1	0	0	55	2330
PR00108	THYMDSNTHASE	1.00000000000305	3.05156594437861e-12	1	0	0	55	2330
PR01047	TRNASYNTHTHR	1.00000000000305	3.05156594437861e-12	1	0	0	55	2330
PR01659	MCMPROTEIN3	1.00000000000305	3.05156594437861e-12	1	0	0	55	2330
PR01716	DEATHASSOCP3	1.00000000000305	3.05156594437861e-12	1	0	0	55	2330
PR00322	G10	1.00000000000305	3.05156594437861e-12	1	0	0	55	2330
PR01797	SAPOSIN	1.00000000000305	3.05156594437861e-12	1	0	0	55	2330
PR00110	ALPHAAMYLASE	1.00000000000305	3.05156594437861e-12	1	0	0	55	2330
PR01653	TCTPROTEIN	1.00000000000305	3.05156594437861e-12	1	0	0	55	2330
PR02012	RCMTNOP2	1.00000000000305	3.05156594437861e-12	1	0	0	55	2330
PR00928	GRAVESDC	1.00000000000305	3.05156594437861e-12	1	0	0	55	2330
PR00052	FIBRILLARIN	1.00000000000305	3.05156594437861e-12	1	0	0	55	2330
PR00065	TEADOMAIN	1.00000000000305	3.05156594437861e-12	1	0	0	55	2330
PR00124	ATPASEC	1.00000000000305	3.05156594437861e-12	1	0	0	55	2330
PR00784	MTUNCOUPLING	1.00000000000305	3.05156594437861e-12	1	0	0	55	2330
PR01660	MCMPROTEIN4	1.00000000000305	3.05156594437861e-12	1	0	0	55	2330
PR00332	HISTRIAD	1.00000000000305	3.05156594437861e-12	1	0	0	55	2330
PR00972	RIBSOMALS12E	1.00000000000305	3.05156594437861e-12	1	0	0	55	2330
PR00773	GRPEPROTEIN	1.00000000000305	3.05156594437861e-12	1	0	0	55	2330
PR00983	TRNASYNTHCYS	1.00000000000305	3.05156594437861e-12	1	0	0	55	2330
PR00100	AOTCASE	1.00000000000305	3.05156594437861e-12	1	0	0	55	2330
PR01586	TWIKCHANNEL	1.00000000000305	3.05156594437861e-12	1	0	0	55	2330
PR01630	LVDCCALPHA1	1.00000000000305	3.05156594437861e-12	1	0	0	55	2330
PR00220	SYNAPTOPHYSN	1.00000000000305	3.05156594437861e-12	1	0	0	55	2330
PR00125	ATPASEDELTA	1.00000000000305	3.05156594437861e-12	1	0	0	55	2330
PR01497	SHALCHANNEL	1.00000000000305	3.05156594437861e-12	1	0	0	55	2330
PR00416	EUTPISMRASEI	1.00000000000305	3.05156594437861e-12	1	0	0	55	2330
PR01243	NUCDPKINASE	1.00000000000305	3.05156594437861e-12	1	0	0	55	2330
PR00662	G6PISOMERASE	1.00000000000305	3.05156594437861e-12	1	0	0	55	2330
PR01873	CYTCOXIDASE4	1.00000000000305	3.05156594437861e-12	1	0	0	55	2330
PR00309	ARRESTIN	1.00000000000305	3.05156594437861e-12	1	0	0	55	2330
PR01846	TRHRFAMILY	1.00000000000305	3.05156594437861e-12	1	0	0	55	2330
PR00297	CHAPERONIN10	1.00000000000305	3.05156594437861e-12	1	0	0	55	2330
PR00003	4DISULPHCORE	1.00000000000305	3.05156594437861e-12	1	0	0	55	2330
PR01034	RIBOSOMALS12	1.00000000000305	3.05156594437861e-12	1	0	0	55	2330
PR00355	ADRENODOXIN	1.00000000000305	3.05156594437861e-12	1	0	0	55	2330
PR01663	MCMPROTEIN7	1.00000000000305	3.05156594437861e-12	1	0	0	55	2330
PR00154	AMPBINDING	1.00000000000305	3.05156594437861e-12	1	0	0	55	2330
PR00973	RIBOSOMALS17	1.00000000000305	3.05156594437861e-12	1	0	0	55	2330
PR01433	POLYCYSTIN2	1.00000000000305	3.05156594437861e-12	1	0	0	55	2330
PR01698	CYTOFMRPINTP	1.00000000000305	3.05156594437861e-12	1	0	0	55	2330
PR00115	F16BPHPHTASE	1.00000000000305	3.05156594437861e-12	1	0	0	55	2330
PR01000	SREBPS2PTASE	1.00000000000305	3.05156594437861e-12	1	0	0	55	2330
PR01551	SPO11HOMOLOG	1.00000000000305	3.05156594437861e-12	1	0	0	55	2330
PR01760	DISHEVELLED	1.00000000000305	3.05156594437861e-12	1	0	0	55	2330
PR00664	OCTOPAMINER	1.00000000000305	3.05156594437861e-12	1	0	0	55	2330
PR01839	RAD23PROTEIN	1.00000000000305	3.05156594437861e-12	1	0	0	55	2330
PR00663	GALANINR	1.00000000000305	3.05156594437861e-12	1	0	0	55	2330
PR01854	BR22PROTEIN	1.00000000000305	3.05156594437861e-12	1	0	0	55	2330
PR00185	EUKARYTPORIN	1.00000000000305	3.05156594437861e-12	1	0	0	55	2330
PR01443	TFIID30KDSUB	1.00000000000305	3.05156594437861e-12	1	0	0	55	2330
PR00148	ENOLASE	1.00000000000305	3.05156594437861e-12	1	0	0	55	2330
PR01588	THIKCHANNEL	1.00000000000305	3.05156594437861e-12	1	0	0	55	2330
PR00414	PPTHIESTRASE	1.00000000000305	3.05156594437861e-12	1	0	0	55	2330
PR00126	ATPASEGAMMA	1.00000000000305	3.05156594437861e-12	1	0	0	55	2330
PR01838	NCAMFAMILY	1.00000000000305	3.05156594437861e-12	1	0	0	55	2330
PR00127	CLPPROTEASEP	1.00000000000305	3.05156594437861e-12	1	0	0	55	2330
PR00082	GLFDHDRGNASE	1.00000000000305	3.05156594437861e-12	1	0	0	55	2330
PR00967	ONCOGENEAML1	1.00000000000305	3.05156594437861e-12	1	0	0	55	2330
PR00741	GLHYDRLASE29	1.00000000000305	3.05156594437861e-12	1	0	0	55	2330
PR01550	TOP6AFAMILY	1.00000000000305	3.05156594437861e-12	1	0	0	55	2330
PR02011	RCMTNCL1	1.00000000000305	3.05156594437861e-12	1	0	0	55	2330
PR01748	AP2TNSCPFCT	1.00000000000305	3.05156594437861e-12	1	0	0	55	2330
PR00545	RETINOIDXR	1.00000000000305	3.05156594437861e-12	1	0	0	55	2330
PR01640	PROFILINPLNT	1.00000000000305	3.05156594437861e-12	1	0	0	55	2330
PR00351	OM20RECEPTOR	1.00000000000305	3.05156594437861e-12	1	0	0	55	2330
PR00192	FACTINCAPB	1.00000000000305	3.05156594437861e-12	1	0	0	55	2330
PR00779	INSP3RECEPTR	1.00000000000305	3.05156594437861e-12	1	0	0	55	2330
PR01989	EUOM20RECPTR	1.00000000000305	3.05156594437861e-12	1	0	0	55	2330
PR01043	TRNASYNTHGLY	1.00000000000305	3.05156594437861e-12	1	0	0	55	2330
PR00623	HISTONEH4	1.00000000000305	3.05156594437861e-12	1	0	0	55	2330
PR01470	ERGCHANNEL	1.00000000000305	3.05156594437861e-12	1	0	0	55	2330
PR00971	RIBOSOMALS10	1.00000000000305	3.05156594437861e-12	1	0	0	55	2330
PR01475	PARKIN	1.00000000000305	3.05156594437861e-12	1	0	0	55	2330
PR01464	EAGCHANNEL	1.00000000000305	3.05156594437861e-12	1	0	0	55	2330
PR01368	SYNAPSIN	1.00000000000305	3.05156594437861e-12	1	0	0	55	2330
PR01246	RAD1REPAIR	1.00000000000305	3.05156594437861e-12	1	0	0	55	2330
PR00298	CHAPERONIN60	1.00000000000305	3.05156594437861e-12	1	0	0	55	2330
PR00896	VASOPRESSINR	1.00000000000305	3.05156594437861e-12	1	0	0	55	2330
PR01088	NAHEXCHNGR6	1.00000000000305	3.05156594437861e-12	1	0	0	55	2330
PR00785	NCTRNSLOCATR	1.00000000000305	3.05156594437861e-12	1	0	0	55	2330
PR00339	PCNACYCLIN	1.00000000000305	3.05156594437861e-12	1	0	0	55	2330
PR00162	RIESKE	1.00000000000305	3.05156594437861e-12	1	0	0	55	2330
PR00932	AMINO1PTASE	1.00000000000305	3.05156594437861e-12	1	0	0	55	2330
PR00104	CGMPKINASE	1.00000000000305	3.05156594437861e-12	1	0	0	55	2330
PR00600	PP2APR55	1.00000000000305	3.05156594437861e-12	1	0	0	55	2330
PR00882	RIBOSOMALL7A	1.00000000000305	3.05156594437861e-12	1	0	0	55	2330
PR00336	LYSASSOCTDMP	1.00000000000305	3.05156594437861e-12	1	0	0	55	2330
PR00473	GALCTOKINASE	1.00000000000305	3.05156594437861e-12	1	0	0	55	2330
PR00985	TRNASYNTHLEU	1.00000000000305	3.05156594437861e-12	1	0	0	55	2330
PR00132	GLHYDRLASE2	1.00000000000305	3.05156594437861e-12	1	0	0	55	2330
PR00321	GPROTEING	1.00000000000305	3.05156594437861e-12	1	0	0	55	2330
PR01658	MCMPROTEIN2	1.00000000000305	3.05156594437861e-12	1	0	0	55	2330
PR01629	TVDCCALPHA1	1.00000000000305	3.05156594437861e-12	1	0	0	55	2330
PR01232	NAHCO3TRSPRT	1.00000000000305	3.05156594437861e-12	1	0	0	55	2330
PR01848	U2AUXFACTOR	1.00000000000305	3.05156594437861e-12	1	0	0	55	2330
PR00085	THFDHDRGNASE	1.00000000000305	3.05156594437861e-12	1	0	0	55	2330
PR00465	EP450IV	1.00000000000305	3.05156594437861e-12	1	0	0	55	2330
PR01101	5HTRECEPTOR	1.00000000000305	3.05156594437861e-12	1	0	0	55	2330
PR00203	AMYLOIDA4	1.00000000000305	3.05156594437861e-12	1	0	0	55	2330
PR01075	PRESENILNSEL	1.00000000000305	3.05156594437861e-12	1	0	0	55	2330
PR00464	EP450II	1.00000000000305	3.05156594437861e-12	1	0	0	55	2330
PR00720	MAMMALPTPASE	1.00000000000305	3.05156594437861e-12	1	0	0	55	2330
PR00719	LMWPTPASE	1.00000000000305	3.05156594437861e-12	1	0	0	55	2330
PR01049	PHOSPHBKNASE	1.00000000000305	3.05156594437861e-12	1	0	0	55	2330
PR00938	BRACHYURY	1.00000000000305	3.05156594437861e-12	1	0	0	55	2330
PR00076	6PGDHDRGNASE	1.00000000000305	3.05156594437861e-12	1	0	0	55	2330
PR01365	TELOMERASERT	1.00000000000305	3.05156594437861e-12	1	0	0	55	2330
PR01546	YEAST73DUF	1.00000000000305	3.05156594437861e-12	1	0	0	55	2330
PR01218	PSTLEXTENSIN	1.00000000000305	3.05156594437861e-12	1	0	0	55	2330
PR00867	DNAPOLG	1.00000000000305	3.05156594437861e-12	1	0	0	55	2330
PR00373	GLYCHORMONER	1.00000000000305	3.05156594437861e-12	1	0	0	55	2330
PR00850	GLHYDRLASE59	1.00000000000305	3.05156594437861e-12	1	0	0	55	2330
PR00025	ANTENNAPEDIA	1.00000000000305	3.05156594437861e-12	1	0	0	55	2330
PR00086	LLDHDRGNASE	1.00000000000305	3.05156594437861e-12	1	0	0	55	2330
PR00846	GLHYDRLASE56	1.00000000000305	3.05156594437861e-12	1	0	0	55	2330
PR00194	TROPOMYOSIN	1.00000000000305	3.05156594437861e-12	1	0	0	55	2330
PR01868	ABCEFAMILY	1.00000000000305	3.05156594437861e-12	1	0	0	55	2330
PR00071	HMGCOARDTASE	1.00000000000305	3.05156594437861e-12	1	0	0	55	2330
PR00392	PROFILIN	1.00000000000305	3.05156594437861e-12	1	0	0	55	2330
PR00440	GPROTEINA12	1.00000000000305	3.05156594437861e-12	1	0	0	55	2330
PR00627	GTPRANTC4	1.00000000000305	3.05156594437861e-12	1	0	0	55	2330
PR02031	CYSSERRICHNP	1.00000000000305	3.05156594437861e-12	1	0	0	55	2330
PR00960	LMBPPROTEIN	1.00000000000305	3.05156594437861e-12	1	0	0	55	2330
PR01405	TETRPHPHTASE	1.00000000000305	3.05156594437861e-12	1	0	0	55	2330
PR00477	PHGLYCKINASE	1.00000000000305	3.05156594437861e-12	1	0	0	55	2330
PR01850	GROUCHOFAMLY	1.00000000000305	3.05156594437861e-12	1	0	0	55	2330
PR00740	GLHYDRLASE27	1.00000000000305	3.05156594437861e-12	1	0	0	55	2330
PR00904	FRATAXIN	1.00000000000305	3.05156594437861e-12	1	0	0	55	2330
PR00443	GPROTEINAS	1.00000000000305	3.05156594437861e-12	1	0	0	55	2330
PR00603	CYTOCHROMEC1	1.00000000000305	3.05156594437861e-12	1	0	0	55	2330
PR01164	GAMMATUBULIN	1.00000000000305	3.05156594437861e-12	1	0	0	55	2330
PR00978	STARPROTEIN	1.00000000000305	3.05156594437861e-12	1	0	0	55	2330
PR00043	LEUZIPPRJUN	1.00000000000305	3.05156594437861e-12	1	0	0	55	2330
PR00302	LUPUSLA	1.00000000000305	3.05156594437861e-12	1	0	0	55	2330
PR01662	MCMPROTEIN6	1.00000000000305	3.05156594437861e-12	1	0	0	55	2330
PR01849	UBIQUITINACT	1.00000000000305	3.05156594437861e-12	1	0	0	55	2330
PR00767	DBMONOXGNASE	1.00000000000305	3.05156594437861e-12	1	0	0	55	2330
PR00728	SIGNALPTASE	1.00000000000305	3.05156594437861e-12	1	0	0	55	2330
PR00041	LEUZIPPRCREB	1.00000000000305	3.05156594437861e-12	1	0	0	55	2330
PR00990	RIBOKINASE	1.00000000000305	3.05156594437861e-12	1	0	0	55	2330
PR00456	RIBOSOMALP2	1.00000000000305	3.05156594437861e-12	1	0	0	55	2330
PR00143	CITRTSNTHASE	1.00000000000305	3.05156594437861e-12	1	0	0	55	2330
PR00378	LIIMPHPHTASE	1.00000000000305	3.05156594437861e-12	1	0	0	55	2330
PR01348	ICLNCHANNEL	1.00000000000305	3.05156594437861e-12	1	0	0	55	2330
PR01802	SYNEMBRYN	1.00000000000305	3.05156594437861e-12	1	0	0	55	2330
PR01661	MCMPROTEIN5	1.00000000000305	3.05156594437861e-12	1	0	0	55	2330
PR00474	GLU5KINASE	1.00000000000305	3.05156594437861e-12	1	0	0	55	2330
PR00982	TRNASYNTHLYS	1.00000000000305	3.05156594437861e-12	1	0	0	55	2330
PR00056	HSFDOMAIN	1.00000000000305	3.05156594437861e-12	1	0	0	55	2330
PR00961	HUDSXLRNA	1.00000000000305	3.05156594437861e-12	1	0	0	55	2330
PR00276	INSULINFAMLY	1.00000000000305	3.05156594437861e-12	1	0	0	55	2330
PR01245	RAD1REC1	1.00000000000305	3.05156594437861e-12	1	0	0	55	2330
PR00058	RIBOSOMALL5	1.00000000000305	3.05156594437861e-12	1	0	0	55	2330
PR01251	AMPHIPHYSIN	1.00000000000305	3.05156594437861e-12	1	0	0	55	2330
PR00791	PEPDIPTASEA	1.00000000000305	3.05156594437861e-12	1	0	0	55	2330
PR00217	POSTSYNAPTIC	1.00000000000305	3.05156594437861e-12	1	0	0	55	2330
PR00472	CASNKINASEII	1.00000000000305	3.05156594437861e-12	1	0	0	55	2330
PR01250	RIBOSOMALL34	1.00000000000305	3.05156594437861e-12	1	0	0	55	2330
PR00072	MALOXRDTASE	1.00000000000305	3.05156594437861e-12	1	0	0	55	2330
PR00191	FACTINCAPA	1.00000000000305	3.05156594437861e-12	1	0	0	55	2330
PR01738	RNABINDINGM8	1.00000000000305	3.05156594437861e-12	1	0	0	55	2330
PR00868	DNAPOLI	1.00000000000305	3.05156594437861e-12	1	0	0	55	2330
PR00738	GLHYDRLASE20	1.00000000000305	3.05156594437861e-12	1	0	0	55	2330
PR00407	EUMOPTERIN	1.00000000000305	3.05156594437861e-12	1	0	0	55	2330
PR01183	RIBORDTASEM1	1.00000000000305	3.05156594437861e-12	1	0	0	55	2330
PR00044	LEUZIPPRMYC	1.00000000000305	3.05156594437861e-12	1	0	0	55	2330
PR00989	ADENOKINASE	1.00000000000305	3.05156594437861e-12	1	0	0	55	2330
PR00619	GATAZNFINGER	1.00000000000319	3.18887890232097e-12	8	0	0	55	2330
PR01270	HDASUPER	1.00000000000319	3.18887890232097e-12	8	0	0	55	2330
PR00927	ADPTRNSLCASE	1.00000000000319	3.18887890232097e-12	8	0	0	55	2330
PR00177	NMDARECEPTOR	1.00000000000319	3.18887890232097e-12	8	0	0	55	2330
PR00454	ETSDOMAIN	1.00000000000319	3.18887890232097e-12	8	0	0	55	2330
PR00624	HISTONEH5	1.00000000000319	3.18887890232097e-12	8	0	0	55	2330
PR00219	SYNAPTOBREVN	1.00000000000319	3.18887890232097e-12	8	0	0	55	2330
PR00721	STOMATIN	1.00000000000319	3.18887890232097e-12	8	0	0	55	2330
PR00935	BAND41	1.00000000000319	3.18887890232097e-12	8	0	0	55	2330
PR01041	TRNASYNTHMET	1.00000000000325	3.25391785998413e-12	2	0	0	55	2330
PR00342	RHESUSRHD	1.00000000000325	3.25391785998413e-12	2	0	0	55	2330
PR00604	CYTCHRMECIAB	1.00000000000325	3.25391785998413e-12	2	0	0	55	2330
PR01773	P38MAPKINASE	1.00000000000325	3.25391785998413e-12	2	0	0	55	2330
PR00984	TRNASYNTHILE	1.00000000000325	3.25391785998413e-12	2	0	0	55	2330
PR00599	MAPEPTIDASE	1.00000000000325	3.25391785998413e-12	2	0	0	55	2330
PR01038	TRNASYNTHARG	1.00000000000325	3.25391785998413e-12	2	0	0	55	2330
PR00149	FUMRATELYASE	1.00000000000325	3.25391785998413e-12	2	0	0	55	2330
PR00981	TRNASYNTHSER	1.00000000000325	3.25391785998413e-12	2	0	0	55	2330
PR00404	MADSDOMAIN	1.00000000000325	3.25391785998413e-12	2	0	0	55	2330
PR01035	TCRTETA	1.00000000000325	3.25391785998413e-12	2	0	0	55	2330
PR00685	TIFACTORIIB	1.00000000000325	3.25391785998413e-12	2	0	0	55	2330
PR00714	MAN6PISMRASE	1.00000000000325	3.25391785998413e-12	2	0	0	55	2330
PR01046	TRNASYNTHPRO	1.00000000000325	3.25391785998413e-12	2	0	0	55	2330
PR00189	TRNSTHYRETIN	1.00000000000325	3.25391785998413e-12	2	0	0	55	2330
PR01179	ODADCRBXLASE	1.00000000000325	3.25391785998413e-12	2	0	0	55	2330
PR01459	KCNQCHANNEL	1.00000000000325	3.25391785998413e-12	2	0	0	55	2330
PR00727	LEADERPTASE	1.00000000000325	3.25391785998413e-12	2	0	0	55	2330
PR00892	RABGDI	1.00000000000325	3.25391785998413e-12	2	0	0	55	2330
PR00597	GELSOLIN	1.00000000000325	3.25391785998413e-12	2	0	0	55	2330
PR01182	ORNDCRBXLASE	1.00000000000325	3.25391785998413e-12	2	0	0	55	2330
PR01050	PYRUVTKNASE	1.00000000000325	3.25391785998413e-12	2	0	0	55	2330
PR01764	MAPKPHPHTASE	1.00000000000325	3.25391785998413e-12	2	0	0	55	2330
PR01869	BCATNINFAMLY	1.00000000000325	3.25391785998413e-12	2	0	0	55	2330
PR00509	PGMPMM	1.00000000000325	3.25391785998413e-12	2	0	0	55	2330
PR00883	NUCLEARHMG	1.00000000000325	3.25391785998413e-12	2	0	0	55	2330
PR00504	CHROMODOMAIN	1.00000000000325	3.25391785998413e-12	2	0	0	55	2330
PR01626	LCACHANNELB	1.00000000000325	3.25391785998413e-12	2	0	0	55	2330
PR00805	ALPHACATENIN	1.00000000000325	3.25391785998413e-12	2	0	0	55	2330
PR01452	LNOTCHREPEAT	1.00000000000325	3.25391785998413e-12	2	0	0	55	2330
PR00296	CYCLINKINASE	1.00000000000325	3.25391785998413e-12	2	0	0	55	2330
PR01573	SUPERTUBBY	1.00000000000325	3.25391785998413e-12	2	0	0	55	2330
PR01703	MNSODISMTASE	1.00000000000325	3.25391785998413e-12	2	0	0	55	2330
PR00876	MTNEMATODE	1.00000000000325	3.25391785998413e-12	2	0	0	55	2330
PR01822	CCYSTOKININR	1.00000000000325	3.25391785998413e-12	2	0	0	55	2330
PR00789	OSIALOPTASE	1.00000000000325	3.25391785998413e-12	2	0	0	55	2330
PR00980	TRNASYNTHALA	1.00000000000325	3.25391785998413e-12	2	0	0	55	2330
PR00141	PROTEASOME	1.00000000000325	3.25391785998413e-12	2	0	0	55	2330
PR01039	TRNASYNTHTRP	1.00000000000325	3.25391785998413e-12	2	0	0	55	2330
PR00616	CCAATSUBUNTB	1.00000000000325	3.25391785998413e-12	2	0	0	55	2330
PR00702	ACRIFLAVINRP	1.00000000000325	3.25391785998413e-12	2	0	0	55	2330
PR01160	GABAARBETA	1.00000000000325	3.25391785998413e-12	2	0	0	55	2330
PR00415	ACONITASE	1.00000000000325	3.25391785998413e-12	2	0	0	55	2330
PR00122	VACATPASE	1.00000000000325	3.25391785998413e-12	2	0	0	55	2330
PR00717	GPCRKINASE	1.00000000000325	3.25391785998413e-12	2	0	0	55	2330
PR00742	GLHYDRLASE35	1.00000000000325	3.25391785998413e-12	2	0	0	55	2330
PR00776	HEMOGLOBNASE	1.00000000000325	3.25391785998413e-12	2	0	0	55	2330
PR01908	ADSPHPHTASE	1.00000000000325	3.25391785998413e-12	2	0	0	55	2330
PR00377	IMPHPHTASES	1.00000000000325	3.25391785998413e-12	2	0	0	55	2330
PR00986	TRNASYNTHVAL	1.00000000000325	3.25391785998413e-12	2	0	0	55	2330
PR00131	GLHYDRLASE1	1.00000000000325	3.25391785998413e-12	2	0	0	55	2330
PR01001	FADG3PDH	1.00000000000325	3.25391785998413e-12	2	0	0	55	2330
PR00395	RIBOSOMALS2	1.00000000000325	3.25391785998413e-12	2	0	0	55	2330
PR01072	PRESENILIN	1.00000000000325	3.25391785998413e-12	2	0	0	55	2330
PR00887	SSRCOGNITION	1.00000000000325	3.25391785998413e-12	2	0	0	55	2330
PR00991	6PFRUCTKNASE	1.00000000000325	3.25391785998413e-12	2	0	0	55	2330
PR01186	INTEGRINB	1.00000000000325	3.25391785998413e-12	2	0	0	55	2330
PR01185	INTEGRINA	1.00000000000325	3.25391785998413e-12	2	0	0	55	2330
PR00476	PHFRCTKINASE	1.00000000000325	3.25391785998413e-12	2	0	0	55	2330
PR00962	LETHAL2GIANT	1.00000000000325	3.25391785998413e-12	2	0	0	55	2330
PR00626	CALRETICULIN	1.00000000000325	3.25391785998413e-12	2	0	0	55	2330
PR01040	TRNASYNTHTYR	1.00000000000325	3.25391785998413e-12	2	0	0	55	2330
PR00891	RABGDIREP	1.00000000000325	3.25391785998413e-12	2	0	0	55	2330
PR00481	LAMNOPPTDASE	1.00000000000325	3.25391785998413e-12	2	0	0	55	2330
PR01268	GSTRNSFRASEP	1.00000000000325	3.25391785998413e-12	2	0	0	55	2330
PR00077	GPDHDRGNASE	1.00000000000325	3.25391785998413e-12	2	0	0	55	2330
PR00417	PRTPISMRASEI	1.00000000000325	3.25391785998413e-12	2	0	0	55	2330
PR00686	TIFACTORIID	1.00000000000325	3.25391785998413e-12	2	0	0	55	2330
PR00679	PROHIBITIN	1.00000000000325	3.25391785998413e-12	2	0	0	55	2330
PR00381	KINESINLIGHT	1.00000000000325	3.25391785998413e-12	2	0	0	55	2330
PR00120	HATPASE	1.00000000000325	3.25391785998413e-12	2	0	0	55	2330
PR00653	ACTIVIN2R	1.00000000000325	3.25391785998413e-12	2	0	0	55	2330
PR00660	ERLUMENR	1.00000000000325	3.25391785998413e-12	2	0	0	55	2330
PR01078	AMINACHANNEL	1.00000000000334	3.33841997880358e-12	21	0	0	55	2330
PR00937	TBOX	1.00000000000386	3.86422677615023e-12	17	0	0	55	2330
PR00380	KINESINHEAVY	1.00000000000386	3.86422677615023e-12	17	0	0	55	2330
PR00792	PEPSIN	1.00000000000386	3.86422677615023e-12	17	0	0	55	2330
PR00747	GLYHDRLASE47	1.00000000000388	3.88391553697117e-12	7	0	0	55	2330
PR00138	MATRIXIN	1.00000000000388	3.88391553697117e-12	7	0	0	55	2330
PR00190	ACTIN	1.00000000000388	3.88391553697117e-12	7	0	0	55	2330
PR00370	FMOXYGENASE	1.00000000000388	3.88391553697117e-12	7	0	0	55	2330
PR00722	CHYMOTRYPSIN	1.00000000000388	3.88391553697117e-12	7	0	0	55	2330
PR01011	GLUTPROXDASE	1.00000000000388	3.88391553697117e-12	7	0	0	55	2330
PR00441	GPROTEINAI	1.00000000000388	3.88391553697117e-12	7	0	0	55	2330
PR00759	BASICPTASE	1.00000000000413	4.12757216598789e-12	20	0	0	55	2330
PR00705	PAPAIN	1.00000000000413	4.12757216598789e-12	20	0	0	55	2330
PR00254	NICOTINICR	1.00000000000413	4.12757216598789e-12	20	0	0	55	2330
PR00926	MITOCARRIER	1.00000000000433	4.32523317121989e-12	16	0	0	55	2330
PR01161	TUBULIN	1.00000000000433	4.32523317121989e-12	16	0	0	55	2330
PR00401	SH2DOMAIN	1.00000000000537	5.3748100369887e-12	19	0	0	55	2330
PR00153	CSAPPISMRASE	1.00000000000617	6.16721258479961e-12	18	0	0	55	2330
PR00320	GPROTEINBRPT	1.00000000000678	6.78244681462453e-12	41	0	0	55	2330
PR01333	2POREKCHANEL	1.00000000000963	9.62679371074575e-12	43	0	0	55	2330
PR00398	STRDHORMONER	1.00000000000963	9.62679371074575e-12	43	0	0	55	2330
PR00700	PRTYPHPHTASE	1.00000000001057	1.05705406319425e-11	57	0	0	55	2330
PR00698	TMPROTEINSRG	1.00000000001065	1.0653920088242e-11	39	0	0	55	2330
PR00480	ASTACIN	1.00000000001065	1.0653920088242e-11	39	0	0	55	2330
PR00385	P450	1.00000000001426	1.42620880386056e-11	71	0	0	55	2330
PR00109	TYRKINASE	1.00000000001717	1.71683702315933e-11	70	0	0	55	2330
PR00463	EP450I	1.00000000001736	1.73629555606947e-11	72	0	0	55	2330
