TermID	Term	Enrichment	logP	Genes in Term	Target Genes in Term	Fraction of Targets in Term	Total Target Genes	Total Genes	Entrez Gene IDs	Gene Symbols
PR01078	AMINACHANNEL	0.0133340529704577	-4.31743414220846	21	2	0.1	20	2330	182851,182852	delm-2,acd-1
PR00237	GPCRRHODOPSN	0.0312055931522647	-3.46715793253244	144	4	0.2	20	2330	181575,176124,184469,183513	sprr-2,npr-17,octr-1,egl-6
PR00160	GLUTAREDOXIN	0.0422235913786248	-3.1647761767352	5	1	0.05	20	2330	181766	F10D7.3
PR00744	GLHYDRLASE37	0.0422235913786248	-3.1647761767352	5	1	0.05	20	2330	173388	tre-5
PR00698	TMPROTEINSRG	0.0429088847854977	-3.1486763699343	39	2	0.1	20	2330	190136,188687	srg-34,srg-32
PR00092	TYROSINASE	0.0504625282269491	-2.98652423343838	6	1	0.05	20	2330	189907	tyr-5
PR01333	2POREKCHANEL	0.0512344001159495	-2.97134409528052	43	2	0.1	20	2330	185828,192073	twk-29,twk-7
PR01095	TASKCHANNEL	0.074777275164775	-2.59324124811825	9	1	0.05	20	2330	192073	twk-7
PR00299	ACRYSTALLIN	0.121643689285197	-2.10665908709331	15	1	0.05	20	2330	184215	F08H9.4
PR00705	PAPAIN	0.158967403085576	-1.83905610982015	20	1	0.05	20	2330	185355	cpr-2
PR00837	V5TPXLIKE	0.194781212016582	-1.63587833997855	25	1	0.05	20	2330	191308	scl-19
PR00480	ASTACIN	0.287512773996954	-1.24648798843802	39	1	0.05	20	2330	3565986	nas-39
PR00385	P450	0.462860889851708	-0.770328723925214	71	1	0.05	20	2330	181462	cyp-13B1
PR00463	EP450I	0.467616437531158	-0.760106897026973	72	1	0.05	20	2330	181462	cyp-13B1
PR00252	NRIONCHANNEL	0.521651360847902	-0.650755805334089	84	1	0.05	20	2330	3565200	deg-3
PR00047	STROIDFINGER	0.877196767932479	-0.13102394697269	231	1	0.05	20	2330	185913	nhr-189
PR00171	SUGRTRNSPORT	0.999999999997055	-2.94474367103389e-12	10	0	0	20	2330
PR00178	FATTYACIDBP	0.999999999997055	-2.94474367103389e-12	10	0	0	20	2330
PR00756	ALADIPTASE	0.999999999997055	-2.94474367103389e-12	10	0	0	20	2330
PR01162	ALPHATUBULIN	0.999999999997055	-2.94474367103389e-12	10	0	0	20	2330
PR00838	V5ALLERGEN	0.999999999997107	-2.8925885149283e-12	19	0	0	20	2330
PR00401	SH2DOMAIN	0.999999999997107	-2.8925885149283e-12	19	0	0	20	2330
PR00320	GPROTEINBRPT	0.999999999997205	-2.79545989628402e-12	41	0	0	20	2330
PR00721	STOMATIN	0.999999999997453	-2.54674968601708e-12	8	0	0	20	2330
PR00619	GATAZNFINGER	0.999999999997453	-2.54674968601708e-12	8	0	0	20	2330
PR00177	NMDARECEPTOR	0.999999999997453	-2.54674968601708e-12	8	0	0	20	2330
PR01270	HDASUPER	0.999999999997453	-2.54674968601708e-12	8	0	0	20	2330
PR00786	NEPRILYSIN	0.999999999997453	-2.54674968601708e-12	8	0	0	20	2330
PR00624	HISTONEH5	0.999999999997453	-2.54674968601708e-12	8	0	0	20	2330
PR00927	ADPTRNSLCASE	0.999999999997453	-2.54674968601708e-12	8	0	0	20	2330
PR00454	ETSDOMAIN	0.999999999997453	-2.54674968601708e-12	8	0	0	20	2330
PR00219	SYNAPTOBREVN	0.999999999997453	-2.54674968601708e-12	8	0	0	20	2330
PR00935	BAND41	0.999999999997453	-2.54674968601708e-12	8	0	0	20	2330
PR00390	PHPHLIPASEC	0.999999999998035	-1.96483885652134e-12	6	0	0	20	2330
PR01163	BETATUBULIN	0.999999999998035	-1.96483885652134e-12	6	0	0	20	2330
PR00094	ADENYLTKNASE	0.999999999998035	-1.96483885652134e-12	6	0	0	20	2330
PR00399	SYNAPTOTAGMN	0.999999999998035	-1.96483885652134e-12	6	0	0	20	2330
PR00762	CLCHANNEL	0.999999999998035	-1.96483885652134e-12	6	0	0	20	2330
PR00387	PDIESTERASE1	0.999999999998035	-1.96483885652134e-12	6	0	0	20	2330
PR00633	RCCNDNSATION	0.999999999998035	-1.96483885652134e-12	6	0	0	20	2330
PR00632	SONICHHOG	0.999999999998035	-1.96483885652134e-12	6	0	0	20	2330
PR00689	ACOABINDINGP	0.999999999998035	-1.96483885652134e-12	6	0	0	20	2330
PR00348	UBIQUITIN	0.999999999998035	-1.96483885652134e-12	6	0	0	20	2330
PR01494	KV9CHANNEL	0.999999999998035	-1.96483885652134e-12	6	0	0	20	2330
PR01657	MCMFAMILY	0.999999999998035	-1.96483885652134e-12	6	0	0	20	2330
PR01262	INNEXIN	0.999999999998127	-1.87328731267542e-12	25	0	0	20	2330
PR00625	JDOMAIN	0.999999999998127	-1.87328731267542e-12	25	0	0	20	2330
PR00315	ELONGATNFCT	0.999999999998346	-1.65376560529406e-12	14	0	0	20	2330
PR00699	TMPROTEINSRB	0.999999999998346	-1.65376560529406e-12	14	0	0	20	2330
PR00053	FORKHEAD	0.999999999998346	-1.65376560529406e-12	14	0	0	20	2330
PR01498	SHAWCHANNEL	0.999999999998404	-1.59608523858568e-12	3	0	0	20	2330
PR00369	FLAVODOXIN	0.999999999998404	-1.59608523858568e-12	3	0	0	20	2330
PR00987	TRNASYNTHGLU	0.999999999998404	-1.59608523858568e-12	3	0	0	20	2330
PR00881	L7ARS6FAMILY	0.999999999998404	-1.59608523858568e-12	3	0	0	20	2330
PR01772	JNKMAPKINASE	0.999999999998404	-1.59608523858568e-12	3	0	0	20	2330
PR00406	CYTB5RDTASE	0.999999999998404	-1.59608523858568e-12	3	0	0	20	2330
PR00593	MTABOTROPICR	0.999999999998404	-1.59608523858568e-12	3	0	0	20	2330
PR00376	IL1BCENZYME	0.999999999998404	-1.59608523858568e-12	3	0	0	20	2330
PR00067	CATALASE	0.999999999998404	-1.59608523858568e-12	3	0	0	20	2330
PR00391	PITRANSFER	0.999999999998404	-1.59608523858568e-12	3	0	0	20	2330
PR00075	FACDDSATRASE	0.999999999998404	-1.59608523858568e-12	3	0	0	20	2330
PR00106	DNAPOLB	0.999999999998404	-1.59608523858568e-12	3	0	0	20	2330
PR01259	NACAEXCHNGR	0.999999999998404	-1.59608523858568e-12	3	0	0	20	2330
PR01320	KIRCHANNEL	0.999999999998404	-1.59608523858568e-12	3	0	0	20	2330
PR01271	HISDACETLASE	0.999999999998404	-1.59608523858568e-12	3	0	0	20	2330
PR00413	HADHALOGNASE	0.999999999998404	-1.59608523858568e-12	3	0	0	20	2330
PR00195	DYNAMIN	0.999999999998404	-1.59608523858568e-12	3	0	0	20	2330
PR00683	SPECTRINPH	0.999999999998404	-1.59608523858568e-12	3	0	0	20	2330
PR00068	CUZNDISMTASE	0.999999999998404	-1.59608523858568e-12	3	0	0	20	2330
PR00255	NATPEPTIDER	0.999999999998404	-1.59608523858568e-12	3	0	0	20	2330
PR00799	TRANSAMINASE	0.999999999998404	-1.59608523858568e-12	3	0	0	20	2330
PR00707	UBCTHYDRLASE	0.999999999998404	-1.59608523858568e-12	3	0	0	20	2330
PR00447	NATRESASSCMP	0.999999999998404	-1.59608523858568e-12	3	0	0	20	2330
PR00502	NUDIXFAMILY	0.999999999998404	-1.59608523858568e-12	3	0	0	20	2330
PR00775	HEATSHOCK90	0.999999999998404	-1.59608523858568e-12	3	0	0	20	2330
PR00790	PAMONOXGNASE	0.999999999998404	-1.59608523858568e-12	3	0	0	20	2330
PR01347	EPHRIN	0.999999999998404	-1.59608523858568e-12	3	0	0	20	2330
PR01315	BATTENIN	0.999999999998404	-1.59608523858568e-12	3	0	0	20	2330
PR00319	GPROTEINB	0.999999999998404	-1.59608523858568e-12	3	0	0	20	2330
PR00305	1433ZETA	0.999999999998404	-1.59608523858568e-12	3	0	0	20	2330
PR01463	EAGCHANLFMLY	0.999999999998404	-1.59608523858568e-12	3	0	0	20	2330
PR01857	ADAMTSFAMILY	0.999999999998404	-1.59608523858568e-12	3	0	0	20	2330
PR00167	CACHANNEL	0.999999999998404	-1.59608523858568e-12	3	0	0	20	2330
PR01097	TRNSRECEPTRP	0.999999999998404	-1.59608523858568e-12	3	0	0	20	2330
PR00028	POUDOMAIN	0.999999999998404	-1.59608523858568e-12	3	0	0	20	2330
PR00389	PHPHLIPASEA2	0.999999999998404	-1.59608523858568e-12	3	0	0	20	2330
PR02050	B14GALTRFASE	0.999999999998404	-1.59608523858568e-12	3	0	0	20	2330
PR00372	FYWHYDRXLASE	0.999999999998404	-1.59608523858568e-12	3	0	0	20	2330
PR00243	MUSCARINICR	0.999999999998404	-1.59608523858568e-12	3	0	0	20	2330
PR00489	FRIZZLED	0.999999999998404	-1.59608523858568e-12	3	0	0	20	2330
PR00717	GPCRKINASE	0.999999999998614	-1.38647725028349e-12	2	0	0	20	2330
PR01186	INTEGRINB	0.999999999998614	-1.38647725028349e-12	2	0	0	20	2330
PR00981	TRNASYNTHSER	0.999999999998614	-1.38647725028349e-12	2	0	0	20	2330
PR00653	ACTIVIN2R	0.999999999998614	-1.38647725028349e-12	2	0	0	20	2330
PR01038	TRNASYNTHARG	0.999999999998614	-1.38647725028349e-12	2	0	0	20	2330
PR01041	TRNASYNTHMET	0.999999999998614	-1.38647725028349e-12	2	0	0	20	2330
PR00122	VACATPASE	0.999999999998614	-1.38647725028349e-12	2	0	0	20	2330
PR00415	ACONITASE	0.999999999998614	-1.38647725028349e-12	2	0	0	20	2330
PR00789	OSIALOPTASE	0.999999999998614	-1.38647725028349e-12	2	0	0	20	2330
PR00891	RABGDIREP	0.999999999998614	-1.38647725028349e-12	2	0	0	20	2330
PR00342	RHESUSRHD	0.999999999998614	-1.38647725028349e-12	2	0	0	20	2330
PR00686	TIFACTORIID	0.999999999998614	-1.38647725028349e-12	2	0	0	20	2330
PR00476	PHFRCTKINASE	0.999999999998614	-1.38647725028349e-12	2	0	0	20	2330
PR00599	MAPEPTIDASE	0.999999999998614	-1.38647725028349e-12	2	0	0	20	2330
PR00876	MTNEMATODE	0.999999999998614	-1.38647725028349e-12	2	0	0	20	2330
PR00296	CYCLINKINASE	0.999999999998614	-1.38647725028349e-12	2	0	0	20	2330
PR00131	GLHYDRLASE1	0.999999999998614	-1.38647725028349e-12	2	0	0	20	2330
PR00395	RIBOSOMALS2	0.999999999998614	-1.38647725028349e-12	2	0	0	20	2330
PR00381	KINESINLIGHT	0.999999999998614	-1.38647725028349e-12	2	0	0	20	2330
PR01182	ORNDCRBXLASE	0.999999999998614	-1.38647725028349e-12	2	0	0	20	2330
PR01869	BCATNINFAMLY	0.999999999998614	-1.38647725028349e-12	2	0	0	20	2330
PR01573	SUPERTUBBY	0.999999999998614	-1.38647725028349e-12	2	0	0	20	2330
PR00991	6PFRUCTKNASE	0.999999999998614	-1.38647725028349e-12	2	0	0	20	2330
PR01179	ODADCRBXLASE	0.999999999998614	-1.38647725028349e-12	2	0	0	20	2330
PR00892	RABGDI	0.999999999998614	-1.38647725028349e-12	2	0	0	20	2330
PR01703	MNSODISMTASE	0.999999999998614	-1.38647725028349e-12	2	0	0	20	2330
PR01773	P38MAPKINASE	0.999999999998614	-1.38647725028349e-12	2	0	0	20	2330
PR00702	ACRIFLAVINRP	0.999999999998614	-1.38647725028349e-12	2	0	0	20	2330
PR00980	TRNASYNTHALA	0.999999999998614	-1.38647725028349e-12	2	0	0	20	2330
PR00626	CALRETICULIN	0.999999999998614	-1.38647725028349e-12	2	0	0	20	2330
PR00962	LETHAL2GIANT	0.999999999998614	-1.38647725028349e-12	2	0	0	20	2330
PR01185	INTEGRINA	0.999999999998614	-1.38647725028349e-12	2	0	0	20	2330
PR00189	TRNSTHYRETIN	0.999999999998614	-1.38647725028349e-12	2	0	0	20	2330
PR00604	CYTCHRMECIAB	0.999999999998614	-1.38647725028349e-12	2	0	0	20	2330
PR00149	FUMRATELYASE	0.999999999998614	-1.38647725028349e-12	2	0	0	20	2330
PR01459	KCNQCHANNEL	0.999999999998614	-1.38647725028349e-12	2	0	0	20	2330
PR00679	PROHIBITIN	0.999999999998614	-1.38647725028349e-12	2	0	0	20	2330
PR00481	LAMNOPPTDASE	0.999999999998614	-1.38647725028349e-12	2	0	0	20	2330
PR01046	TRNASYNTHPRO	0.999999999998614	-1.38647725028349e-12	2	0	0	20	2330
PR00984	TRNASYNTHILE	0.999999999998614	-1.38647725028349e-12	2	0	0	20	2330
PR00597	GELSOLIN	0.999999999998614	-1.38647725028349e-12	2	0	0	20	2330
PR00377	IMPHPHTASES	0.999999999998614	-1.38647725028349e-12	2	0	0	20	2330
PR00714	MAN6PISMRASE	0.999999999998614	-1.38647725028349e-12	2	0	0	20	2330
PR01040	TRNASYNTHTYR	0.999999999998614	-1.38647725028349e-12	2	0	0	20	2330
PR01452	LNOTCHREPEAT	0.999999999998614	-1.38647725028349e-12	2	0	0	20	2330
PR01035	TCRTETA	0.999999999998614	-1.38647725028349e-12	2	0	0	20	2330
PR00742	GLHYDRLASE35	0.999999999998614	-1.38647725028349e-12	2	0	0	20	2330
PR01039	TRNASYNTHTRP	0.999999999998614	-1.38647725028349e-12	2	0	0	20	2330
PR00776	HEMOGLOBNASE	0.999999999998614	-1.38647725028349e-12	2	0	0	20	2330
PR01050	PYRUVTKNASE	0.999999999998614	-1.38647725028349e-12	2	0	0	20	2330
PR01072	PRESENILIN	0.999999999998614	-1.38647725028349e-12	2	0	0	20	2330
PR00727	LEADERPTASE	0.999999999998614	-1.38647725028349e-12	2	0	0	20	2330
PR00404	MADSDOMAIN	0.999999999998614	-1.38647725028349e-12	2	0	0	20	2330
PR00887	SSRCOGNITION	0.999999999998614	-1.38647725028349e-12	2	0	0	20	2330
PR01764	MAPKPHPHTASE	0.999999999998614	-1.38647725028349e-12	2	0	0	20	2330
PR00805	ALPHACATENIN	0.999999999998614	-1.38647725028349e-12	2	0	0	20	2330
PR00986	TRNASYNTHVAL	0.999999999998614	-1.38647725028349e-12	2	0	0	20	2330
PR01626	LCACHANNELB	0.999999999998614	-1.38647725028349e-12	2	0	0	20	2330
PR01268	GSTRNSFRASEP	0.999999999998614	-1.38647725028349e-12	2	0	0	20	2330
PR01001	FADG3PDH	0.999999999998614	-1.38647725028349e-12	2	0	0	20	2330
PR00141	PROTEASOME	0.999999999998614	-1.38647725028349e-12	2	0	0	20	2330
PR00504	CHROMODOMAIN	0.999999999998614	-1.38647725028349e-12	2	0	0	20	2330
PR01908	ADSPHPHTASE	0.999999999998614	-1.38647725028349e-12	2	0	0	20	2330
PR00616	CCAATSUBUNTB	0.999999999998614	-1.38647725028349e-12	2	0	0	20	2330
PR00509	PGMPMM	0.999999999998614	-1.38647725028349e-12	2	0	0	20	2330
PR00120	HATPASE	0.999999999998614	-1.38647725028349e-12	2	0	0	20	2330
PR00077	GPDHDRGNASE	0.999999999998614	-1.38647725028349e-12	2	0	0	20	2330
PR01822	CCYSTOKININR	0.999999999998614	-1.38647725028349e-12	2	0	0	20	2330
PR00660	ERLUMENR	0.999999999998614	-1.38647725028349e-12	2	0	0	20	2330
PR00417	PRTPISMRASEI	0.999999999998614	-1.38647725028349e-12	2	0	0	20	2330
PR00685	TIFACTORIIB	0.999999999998614	-1.38647725028349e-12	2	0	0	20	2330
PR01160	GABAARBETA	0.999999999998614	-1.38647725028349e-12	2	0	0	20	2330
PR00883	NUCLEARHMG	0.999999999998614	-1.38647725028349e-12	2	0	0	20	2330
PR00254	NICOTINICR	0.999999999998954	-1.04645726550843e-12	20	0	0	20	2330
PR00759	BASICPTASE	0.999999999998954	-1.04645726550843e-12	20	0	0	20	2330
PR00261	LDLRECEPTOR	0.999999999999034	-9.65885089591608e-13	15	0	0	20	2330
PR00926	MITOCARRIER	0.999999999999482	-5.18524519248647e-13	16	0	0	20	2330
PR01415	ANKYRIN	0.999999999999482	-5.18524519248647e-13	16	0	0	20	2330
PR01161	TUBULIN	0.999999999999482	-5.18524519248647e-13	16	0	0	20	2330
PR01301	RGSPROTEIN	0.999999999999809	-1.90737480930979e-13	12	0	0	20	2330
PR00031	HTHREPRESSR	0.999999999999809	-1.90737480930979e-13	12	0	0	20	2330
PR00765	CRBOXYPTASEA	0.999999999999809	-1.90737480930979e-13	12	0	0	20	2330
PR00176	NANEUSMPORT	0.999999999999809	-1.90737480930979e-13	12	0	0	20	2330
PR00069	ALDKETRDTASE	0.999999999999809	-1.90737480930979e-13	12	0	0	20	2330
PR00080	SDRFAMILY	1.00000000000005	4.84410980376217e-14	48	0	0	20	2330
PR00205	CADHERIN	1.00000000000028	2.80146727614367e-13	11	0	0	20	2330
PR00360	C2DOMAIN	1.00000000000028	2.80146727614367e-13	11	0	0	20	2330
PR00301	HEATSHOCK70	1.00000000000028	2.80146727614367e-13	11	0	0	20	2330
PR01491	KVCHANNEL	1.00000000000028	2.80146727614367e-13	11	0	0	20	2330
PR00328	SAR1GTPBP	1.0000000000003	2.99080350110902e-13	13	0	0	20	2330
PR00457	ANPEROXIDASE	1.0000000000003	2.99080350110902e-13	13	0	0	20	2330
PR01012	NRPEPTIDEYR	1.0000000000003	2.99080350110902e-13	13	0	0	20	2330
PR00259	TMFOUR	1.0000000000003	2.99080350110902e-13	13	0	0	20	2330
PR00704	CALPAIN	1.0000000000003	2.99080350110902e-13	13	0	0	20	2330
PR00503	BROMODOMAIN	1.0000000000003	2.99080350110902e-13	13	0	0	20	2330
PR00008	DAGPEDOMAIN	1.0000000000003	2.99080350110902e-13	13	0	0	20	2330
PR00800	YHDCRBOXLASE	1.00000000000061	6.14247092485139e-13	5	0	0	20	2330
PR01625	GSTRNSFRASEO	1.00000000000061	6.14247092485139e-13	5	0	0	20	2330
PR00248	GPCRMGR	1.00000000000061	6.14247092485139e-13	5	0	0	20	2330
PR00371	FPNCR	1.00000000000061	6.14247092485139e-13	5	0	0	20	2330
PR00249	GPCRSECRETIN	1.00000000000061	6.14247092485139e-13	5	0	0	20	2330
PR00111	ABHYDROLASE	1.00000000000061	6.14247092485139e-13	5	0	0	20	2330
PR01609	CD36FAMILY	1.00000000000061	6.14247092485139e-13	5	0	0	20	2330
PR01125	FMOXYGENASE5	1.00000000000061	6.14247092485139e-13	5	0	0	20	2330
PR01130	DERENTRNSPRT	1.00000000000061	6.14247092485139e-13	5	0	0	20	2330
PR01349	WNTPROTEIN	1.00000000000061	6.14247092485139e-13	5	0	0	20	2330
PR00723	SUBTILISIN	1.00000000000061	6.14247092485139e-13	5	0	0	20	2330
PR00620	HISTONEH2A	1.00000000000061	6.14247092485139e-13	5	0	0	20	2330
PR00347	THAUMATIN	1.00000000000061	6.14247092485139e-13	5	0	0	20	2330
PR00661	ERMFAMILY	1.00000000000061	6.14247092485139e-13	5	0	0	20	2330
PR00405	REVINTRACTNG	1.00000000000061	6.14247092485139e-13	5	0	0	20	2330
PR00412	EPOXHYDRLASE	1.00000000000061	6.14247092485139e-13	5	0	0	20	2330
PR00100	AOTCASE	1.00000000000078	7.79756467728099e-13	1	0	0	20	2330
PR01232	NAHCO3TRSPRT	1.00000000000078	7.79756467728099e-13	1	0	0	20	2330
PR01250	RIBOSOMALL34	1.00000000000078	7.79756467728099e-13	1	0	0	20	2330
PR00194	TROPOMYOSIN	1.00000000000078	7.79756467728099e-13	1	0	0	20	2330
PR00456	RIBOSOMALP2	1.00000000000078	7.79756467728099e-13	1	0	0	20	2330
PR01049	PHOSPHBKNASE	1.00000000000078	7.79756467728099e-13	1	0	0	20	2330
PR00545	RETINOIDXR	1.00000000000078	7.79756467728099e-13	1	0	0	20	2330
PR01660	MCMPROTEIN4	1.00000000000078	7.79756467728099e-13	1	0	0	20	2330
PR00741	GLHYDRLASE29	1.00000000000078	7.79756467728099e-13	1	0	0	20	2330
PR00025	ANTENNAPEDIA	1.00000000000078	7.79756467728099e-13	1	0	0	20	2330
PR01588	THIKCHANNEL	1.00000000000078	7.79756467728099e-13	1	0	0	20	2330
PR00086	LLDHDRGNASE	1.00000000000078	7.79756467728099e-13	1	0	0	20	2330
PR02012	RCMTNOP2	1.00000000000078	7.79756467728099e-13	1	0	0	20	2330
PR00767	DBMONOXGNASE	1.00000000000078	7.79756467728099e-13	1	0	0	20	2330
PR00003	4DISULPHCORE	1.00000000000078	7.79756467728099e-13	1	0	0	20	2330
PR00407	EUMOPTERIN	1.00000000000078	7.79756467728099e-13	1	0	0	20	2330
PR00192	FACTINCAPB	1.00000000000078	7.79756467728099e-13	1	0	0	20	2330
PR00738	GLHYDRLASE20	1.00000000000078	7.79756467728099e-13	1	0	0	20	2330
PR00071	HMGCOARDTASE	1.00000000000078	7.79756467728099e-13	1	0	0	20	2330
PR00044	LEUZIPPRMYC	1.00000000000078	7.79756467728099e-13	1	0	0	20	2330
PR00148	ENOLASE	1.00000000000078	7.79756467728099e-13	1	0	0	20	2330
PR00065	TEADOMAIN	1.00000000000078	7.79756467728099e-13	1	0	0	20	2330
PR00351	OM20RECEPTOR	1.00000000000078	7.79756467728099e-13	1	0	0	20	2330
PR00664	OCTOPAMINER	1.00000000000078	7.79756467728099e-13	1	0	0	20	2330
PR00850	GLHYDRLASE59	1.00000000000078	7.79756467728099e-13	1	0	0	20	2330
PR00967	ONCOGENEAML1	1.00000000000078	7.79756467728099e-13	1	0	0	20	2330
PR00972	RIBSOMALS12E	1.00000000000078	7.79756467728099e-13	1	0	0	20	2330
PR00990	RIBOKINASE	1.00000000000078	7.79756467728099e-13	1	0	0	20	2330
PR00465	EP450IV	1.00000000000078	7.79756467728099e-13	1	0	0	20	2330
PR00472	CASNKINASEII	1.00000000000078	7.79756467728099e-13	1	0	0	20	2330
PR00867	DNAPOLG	1.00000000000078	7.79756467728099e-13	1	0	0	20	2330
PR01043	TRNASYNTHGLY	1.00000000000078	7.79756467728099e-13	1	0	0	20	2330
PR01692	LIPOCALINIMR	1.00000000000078	7.79756467728099e-13	1	0	0	20	2330
PR01497	SHALCHANNEL	1.00000000000078	7.79756467728099e-13	1	0	0	20	2330
PR00392	PROFILIN	1.00000000000078	7.79756467728099e-13	1	0	0	20	2330
PR00321	GPROTEING	1.00000000000078	7.79756467728099e-13	1	0	0	20	2330
PR00784	MTUNCOUPLING	1.00000000000078	7.79756467728099e-13	1	0	0	20	2330
PR00960	LMBPPROTEIN	1.00000000000078	7.79756467728099e-13	1	0	0	20	2330
PR00162	RIESKE	1.00000000000078	7.79756467728099e-13	1	0	0	20	2330
PR00720	MAMMALPTPASE	1.00000000000078	7.79756467728099e-13	1	0	0	20	2330
PR01245	RAD1REC1	1.00000000000078	7.79756467728099e-13	1	0	0	20	2330
PR00600	PP2APR55	1.00000000000078	7.79756467728099e-13	1	0	0	20	2330
PR00978	STARPROTEIN	1.00000000000078	7.79756467728099e-13	1	0	0	20	2330
PR00058	RIBOSOMALL5	1.00000000000078	7.79756467728099e-13	1	0	0	20	2330
PR01433	POLYCYSTIN2	1.00000000000078	7.79756467728099e-13	1	0	0	20	2330
PR00276	INSULINFAMLY	1.00000000000078	7.79756467728099e-13	1	0	0	20	2330
PR00085	THFDHDRGNASE	1.00000000000078	7.79756467728099e-13	1	0	0	20	2330
PR01218	PSTLEXTENSIN	1.00000000000078	7.79756467728099e-13	1	0	0	20	2330
PR01047	TRNASYNTHTHR	1.00000000000078	7.79756467728099e-13	1	0	0	20	2330
PR01464	EAGCHANNEL	1.00000000000078	7.79756467728099e-13	1	0	0	20	2330
PR00846	GLHYDRLASE56	1.00000000000078	7.79756467728099e-13	1	0	0	20	2330
PR00719	LMWPTPASE	1.00000000000078	7.79756467728099e-13	1	0	0	20	2330
PR01443	TFIID30KDSUB	1.00000000000078	7.79756467728099e-13	1	0	0	20	2330
PR00043	LEUZIPPRJUN	1.00000000000078	7.79756467728099e-13	1	0	0	20	2330
PR00973	RIBOSOMALS17	1.00000000000078	7.79756467728099e-13	1	0	0	20	2330
PR00143	CITRTSNTHASE	1.00000000000078	7.79756467728099e-13	1	0	0	20	2330
PR00220	SYNAPTOPHYSN	1.00000000000078	7.79756467728099e-13	1	0	0	20	2330
PR01183	RIBORDTASEM1	1.00000000000078	7.79756467728099e-13	1	0	0	20	2330
PR00154	AMPBINDING	1.00000000000078	7.79756467728099e-13	1	0	0	20	2330
PR00785	NCTRNSLOCATR	1.00000000000078	7.79756467728099e-13	1	0	0	20	2330
PR00297	CHAPERONIN10	1.00000000000078	7.79756467728099e-13	1	0	0	20	2330
PR01760	DISHEVELLED	1.00000000000078	7.79756467728099e-13	1	0	0	20	2330
PR01405	TETRPHPHTASE	1.00000000000078	7.79756467728099e-13	1	0	0	20	2330
PR01630	LVDCCALPHA1	1.00000000000078	7.79756467728099e-13	1	0	0	20	2330
PR00882	RIBOSOMALL7A	1.00000000000078	7.79756467728099e-13	1	0	0	20	2330
PR01075	PRESENILNSEL	1.00000000000078	7.79756467728099e-13	1	0	0	20	2330
PR00477	PHGLYCKINASE	1.00000000000078	7.79756467728099e-13	1	0	0	20	2330
PR01000	SREBPS2PTASE	1.00000000000078	7.79756467728099e-13	1	0	0	20	2330
PR00414	PPTHIESTRASE	1.00000000000078	7.79756467728099e-13	1	0	0	20	2330
PR00416	EUTPISMRASEI	1.00000000000078	7.79756467728099e-13	1	0	0	20	2330
PR00082	GLFDHDRGNASE	1.00000000000078	7.79756467728099e-13	1	0	0	20	2330
PR01849	UBIQUITINACT	1.00000000000078	7.79756467728099e-13	1	0	0	20	2330
PR00056	HSFDOMAIN	1.00000000000078	7.79756467728099e-13	1	0	0	20	2330
PR00779	INSP3RECEPTR	1.00000000000078	7.79756467728099e-13	1	0	0	20	2330
PR00492	RHOGDI	1.00000000000078	7.79756467728099e-13	1	0	0	20	2330
PR00443	GPROTEINAS	1.00000000000078	7.79756467728099e-13	1	0	0	20	2330
PR01716	DEATHASSOCP3	1.00000000000078	7.79756467728099e-13	1	0	0	20	2330
PR00191	FACTINCAPA	1.00000000000078	7.79756467728099e-13	1	0	0	20	2330
PR01251	AMPHIPHYSIN	1.00000000000078	7.79756467728099e-13	1	0	0	20	2330
PR00464	EP450II	1.00000000000078	7.79756467728099e-13	1	0	0	20	2330
PR00378	LIIMPHPHTASE	1.00000000000078	7.79756467728099e-13	1	0	0	20	2330
PR01658	MCMPROTEIN2	1.00000000000078	7.79756467728099e-13	1	0	0	20	2330
PR01550	TOP6AFAMILY	1.00000000000078	7.79756467728099e-13	1	0	0	20	2330
PR01838	NCAMFAMILY	1.00000000000078	7.79756467728099e-13	1	0	0	20	2330
PR00603	CYTOCHROMEC1	1.00000000000078	7.79756467728099e-13	1	0	0	20	2330
PR01034	RIBOSOMALS12	1.00000000000078	7.79756467728099e-13	1	0	0	20	2330
PR00079	G6PDHDRGNASE	1.00000000000078	7.79756467728099e-13	1	0	0	20	2330
PR00928	GRAVESDC	1.00000000000078	7.79756467728099e-13	1	0	0	20	2330
PR00302	LUPUSLA	1.00000000000078	7.79756467728099e-13	1	0	0	20	2330
PR00041	LEUZIPPRCREB	1.00000000000078	7.79756467728099e-13	1	0	0	20	2330
PR00663	GALANINR	1.00000000000078	7.79756467728099e-13	1	0	0	20	2330
PR00322	G10	1.00000000000078	7.79756467728099e-13	1	0	0	20	2330
PR01470	ERGCHANNEL	1.00000000000078	7.79756467728099e-13	1	0	0	20	2330
PR00115	F16BPHPHTASE	1.00000000000078	7.79756467728099e-13	1	0	0	20	2330
PR00971	RIBOSOMALS10	1.00000000000078	7.79756467728099e-13	1	0	0	20	2330
PR01164	GAMMATUBULIN	1.00000000000078	7.79756467728099e-13	1	0	0	20	2330
PR00185	EUKARYTPORIN	1.00000000000078	7.79756467728099e-13	1	0	0	20	2330
PR01854	BR22PROTEIN	1.00000000000078	7.79756467728099e-13	1	0	0	20	2330
PR01839	RAD23PROTEIN	1.00000000000078	7.79756467728099e-13	1	0	0	20	2330
PR01246	RAD1REPAIR	1.00000000000078	7.79756467728099e-13	1	0	0	20	2330
PR01368	SYNAPSIN	1.00000000000078	7.79756467728099e-13	1	0	0	20	2330
PR01629	TVDCCALPHA1	1.00000000000078	7.79756467728099e-13	1	0	0	20	2330
PR00104	CGMPKINASE	1.00000000000078	7.79756467728099e-13	1	0	0	20	2330
PR00110	ALPHAAMYLASE	1.00000000000078	7.79756467728099e-13	1	0	0	20	2330
PR00448	NSFATTACHMNT	1.00000000000078	7.79756467728099e-13	1	0	0	20	2330
PR00985	TRNASYNTHLEU	1.00000000000078	7.79756467728099e-13	1	0	0	20	2330
PR00983	TRNASYNTHCYS	1.00000000000078	7.79756467728099e-13	1	0	0	20	2330
PR00623	HISTONEH4	1.00000000000078	7.79756467728099e-13	1	0	0	20	2330
PR00203	AMYLOIDA4	1.00000000000078	7.79756467728099e-13	1	0	0	20	2330
PR00979	TAFAZZIN	1.00000000000078	7.79756467728099e-13	1	0	0	20	2330
PR01659	MCMPROTEIN3	1.00000000000078	7.79756467728099e-13	1	0	0	20	2330
PR01243	NUCDPKINASE	1.00000000000078	7.79756467728099e-13	1	0	0	20	2330
PR00961	HUDSXLRNA	1.00000000000078	7.79756467728099e-13	1	0	0	20	2330
PR02031	CYSSERRICHNP	1.00000000000078	7.79756467728099e-13	1	0	0	20	2330
PR00868	DNAPOLI	1.00000000000078	7.79756467728099e-13	1	0	0	20	2330
PR01640	PROFILINPLNT	1.00000000000078	7.79756467728099e-13	1	0	0	20	2330
PR00473	GALCTOKINASE	1.00000000000078	7.79756467728099e-13	1	0	0	20	2330
PR01586	TWIKCHANNEL	1.00000000000078	7.79756467728099e-13	1	0	0	20	2330
PR00355	ADRENODOXIN	1.00000000000078	7.79756467728099e-13	1	0	0	20	2330
PR01546	YEAST73DUF	1.00000000000078	7.79756467728099e-13	1	0	0	20	2330
PR01989	EUOM20RECPTR	1.00000000000078	7.79756467728099e-13	1	0	0	20	2330
PR00728	SIGNALPTASE	1.00000000000078	7.79756467728099e-13	1	0	0	20	2330
PR02011	RCMTNCL1	1.00000000000078	7.79756467728099e-13	1	0	0	20	2330
PR00373	GLYCHORMONER	1.00000000000078	7.79756467728099e-13	1	0	0	20	2330
PR00217	POSTSYNAPTIC	1.00000000000078	7.79756467728099e-13	1	0	0	20	2330
PR00442	GPROTEINAQ	1.00000000000078	7.79756467728099e-13	1	0	0	20	2330
PR00896	VASOPRESSINR	1.00000000000078	7.79756467728099e-13	1	0	0	20	2330
PR00332	HISTRIAD	1.00000000000078	7.79756467728099e-13	1	0	0	20	2330
PR00127	CLPPROTEASEP	1.00000000000078	7.79756467728099e-13	1	0	0	20	2330
PR01475	PARKIN	1.00000000000078	7.79756467728099e-13	1	0	0	20	2330
PR00132	GLHYDRLASE2	1.00000000000078	7.79756467728099e-13	1	0	0	20	2330
PR01846	TRHRFAMILY	1.00000000000078	7.79756467728099e-13	1	0	0	20	2330
PR00139	ASNGLNASE	1.00000000000078	7.79756467728099e-13	1	0	0	20	2330
PR01868	ABCEFAMILY	1.00000000000078	7.79756467728099e-13	1	0	0	20	2330
PR00125	ATPASEDELTA	1.00000000000078	7.79756467728099e-13	1	0	0	20	2330
PR00309	ARRESTIN	1.00000000000078	7.79756467728099e-13	1	0	0	20	2330
PR01551	SPO11HOMOLOG	1.00000000000078	7.79756467728099e-13	1	0	0	20	2330
PR00108	THYMDSNTHASE	1.00000000000078	7.79756467728099e-13	1	0	0	20	2330
PR00773	GRPEPROTEIN	1.00000000000078	7.79756467728099e-13	1	0	0	20	2330
PR00791	PEPDIPTASEA	1.00000000000078	7.79756467728099e-13	1	0	0	20	2330
PR01101	5HTRECEPTOR	1.00000000000078	7.79756467728099e-13	1	0	0	20	2330
PR01802	SYNEMBRYN	1.00000000000078	7.79756467728099e-13	1	0	0	20	2330
PR00474	GLU5KINASE	1.00000000000078	7.79756467728099e-13	1	0	0	20	2330
PR01663	MCMPROTEIN7	1.00000000000078	7.79756467728099e-13	1	0	0	20	2330
PR00938	BRACHYURY	1.00000000000078	7.79756467728099e-13	1	0	0	20	2330
PR01348	ICLNCHANNEL	1.00000000000078	7.79756467728099e-13	1	0	0	20	2330
PR00339	PCNACYCLIN	1.00000000000078	7.79756467728099e-13	1	0	0	20	2330
PR01653	TCTPROTEIN	1.00000000000078	7.79756467728099e-13	1	0	0	20	2330
PR01661	MCMPROTEIN5	1.00000000000078	7.79756467728099e-13	1	0	0	20	2330
PR00076	6PGDHDRGNASE	1.00000000000078	7.79756467728099e-13	1	0	0	20	2330
PR00072	MALOXRDTASE	1.00000000000078	7.79756467728099e-13	1	0	0	20	2330
PR01770	ERK1ERK2MAPK	1.00000000000078	7.79756467728099e-13	1	0	0	20	2330
PR00098	CPSASE	1.00000000000078	7.79756467728099e-13	1	0	0	20	2330
PR01797	SAPOSIN	1.00000000000078	7.79756467728099e-13	1	0	0	20	2330
PR00440	GPROTEINA12	1.00000000000078	7.79756467728099e-13	1	0	0	20	2330
PR00904	FRATAXIN	1.00000000000078	7.79756467728099e-13	1	0	0	20	2330
PR00975	RIBOSOMALS19	1.00000000000078	7.79756467728099e-13	1	0	0	20	2330
PR01848	U2AUXFACTOR	1.00000000000078	7.79756467728099e-13	1	0	0	20	2330
PR00126	ATPASEGAMMA	1.00000000000078	7.79756467728099e-13	1	0	0	20	2330
PR00662	G6PISOMERASE	1.00000000000078	7.79756467728099e-13	1	0	0	20	2330
PR00932	AMINO1PTASE	1.00000000000078	7.79756467728099e-13	1	0	0	20	2330
PR00298	CHAPERONIN60	1.00000000000078	7.79756467728099e-13	1	0	0	20	2330
PR01088	NAHEXCHNGR6	1.00000000000078	7.79756467728099e-13	1	0	0	20	2330
PR00982	TRNASYNTHLYS	1.00000000000078	7.79756467728099e-13	1	0	0	20	2330
PR00989	ADENOKINASE	1.00000000000078	7.79756467728099e-13	1	0	0	20	2330
PR00740	GLHYDRLASE27	1.00000000000078	7.79756467728099e-13	1	0	0	20	2330
PR01698	CYTOFMRPINTP	1.00000000000078	7.79756467728099e-13	1	0	0	20	2330
PR01738	RNABINDINGM8	1.00000000000078	7.79756467728099e-13	1	0	0	20	2330
PR00336	LYSASSOCTDMP	1.00000000000078	7.79756467728099e-13	1	0	0	20	2330
PR01748	AP2TNSCPFCT	1.00000000000078	7.79756467728099e-13	1	0	0	20	2330
PR00052	FIBRILLARIN	1.00000000000078	7.79756467728099e-13	1	0	0	20	2330
PR01850	GROUCHOFAMLY	1.00000000000078	7.79756467728099e-13	1	0	0	20	2330
PR00124	ATPASEC	1.00000000000078	7.79756467728099e-13	1	0	0	20	2330
PR01662	MCMPROTEIN6	1.00000000000078	7.79756467728099e-13	1	0	0	20	2330
PR01873	CYTCOXIDASE4	1.00000000000078	7.79756467728099e-13	1	0	0	20	2330
PR01365	TELOMERASERT	1.00000000000078	7.79756467728099e-13	1	0	0	20	2330
PR00627	GTPRANTC4	1.00000000000078	7.79756467728099e-13	1	0	0	20	2330
PR00783	MINTRINSICP	1.00000000000087	8.72894131453525e-13	9	0	0	20	2330
PR00326	GTP1OBG	1.00000000000087	8.72894131453525e-13	9	0	0	20	2330
PR00304	TCOMPLEXTCP1	1.00000000000087	8.72894131453525e-13	9	0	0	20	2330
PR01084	NAHEXCHNGR	1.00000000000087	8.72894131453525e-13	9	0	0	20	2330
PR00724	CRBOXYPTASEC	1.00000000000087	8.72894131453525e-13	9	0	0	20	2330
PR00622	HISTONEH3	1.00000000000087	8.72894131453525e-13	9	0	0	20	2330
PR00027	PAIREDBOX	1.00000000000087	8.72894131453525e-13	9	0	0	20	2330
PR00153	CSAPPISMRASE	1.00000000000093	9.32546536445835e-13	18	0	0	20	2330
PR00441	GPROTEINAI	1.00000000000122	1.21960965910007e-12	7	0	0	20	2330
PR00190	ACTIN	1.00000000000122	1.21960965910007e-12	7	0	0	20	2330
PR00138	MATRIXIN	1.00000000000122	1.21960965910007e-12	7	0	0	20	2330
PR00747	GLYHDRLASE47	1.00000000000122	1.21960965910007e-12	7	0	0	20	2330
PR01011	GLUTPROXDASE	1.00000000000122	1.21960965910007e-12	7	0	0	20	2330
PR00722	CHYMOTRYPSIN	1.00000000000122	1.21960965910007e-12	7	0	0	20	2330
PR00370	FMOXYGENASE	1.00000000000122	1.21960965910007e-12	7	0	0	20	2330
PR00452	SH3DOMAIN	1.00000000000123	1.22584151204685e-12	22	0	0	20	2330
PR00318	GPROTEINA	1.00000000000123	1.22584151204685e-12	22	0	0	20	2330
PR00114	STPHPHTASE	1.00000000000123	1.23298346773586e-12	45	0	0	20	2330
PR00380	KINESINHEAVY	1.00000000000125	1.24847520404573e-12	17	0	0	20	2330
PR00937	TBOX	1.00000000000125	1.24847520404573e-12	17	0	0	20	2330
PR00792	PEPSIN	1.00000000000125	1.24847520404573e-12	17	0	0	20	2330
PR00193	MYOSINHEAVY	1.00000000000125	1.24847520404573e-12	17	0	0	20	2330
PR00700	PRTYPHPHTASE	1.00000000000134	1.3360014797712e-12	57	0	0	20	2330
PR00697	TMPROTEINSRA	1.00000000000141	1.40630890501328e-12	29	0	0	20	2330
PR00024	HOMEOBOX	1.00000000000179	1.79256287019957e-12	26	0	0	20	2330
PR00253	GABAARECEPTR	1.00000000000192	1.92308333996666e-12	37	0	0	20	2330
PR00398	STRDHORMONER	1.00000000000244	2.44164342460838e-12	43	0	0	20	2330
PR02008	RCMTFAMILY	1.00000000000273	2.72529777132914e-12	4	0	0	20	2330
PR01231	HCO3TRNSPORT	1.00000000000273	2.72529777132914e-12	4	0	0	20	2330
PR00716	MPIPHPHTASE	1.00000000000273	2.72529777132914e-12	4	0	0	20	2330
PR02095	TRNSPORTRHRG	1.00000000000273	2.72529777132914e-12	4	0	0	20	2330
PR00843	GLHYDRLASE30	1.00000000000273	2.72529777132914e-12	4	0	0	20	2330
PR00621	HISTONEH2B	1.00000000000273	2.72529777132914e-12	4	0	0	20	2330
PR00888	SM22CALPONIN	1.00000000000273	2.72529777132914e-12	4	0	0	20	2330
PR00853	XPGRADSUPER	1.00000000000273	2.72529777132914e-12	4	0	0	20	2330
PR00363	CYTOCHROMEB5	1.00000000000273	2.72529777132914e-12	4	0	0	20	2330
PR00878	CHOLNESTRASE	1.00000000000273	2.72529777132914e-12	4	0	0	20	2330
PR00196	ANNEXIN	1.00000000000273	2.72529777132914e-12	4	0	0	20	2330
PR00300	CLPPROTEASEA	1.00000000000273	2.72529777132914e-12	4	0	0	20	2330
PR00929	ATHOOK	1.00000000000273	2.72529777132914e-12	4	0	0	20	2330
PR00050	COLDSHOCK	1.00000000000273	2.72529777132914e-12	4	0	0	20	2330
PR01042	TRNASYNTHASP	1.00000000000273	2.72529777132914e-12	4	0	0	20	2330
PR00078	G3PDHDRGNASE	1.00000000000273	2.72529777132914e-12	4	0	0	20	2330
PR00314	CLATHRINADPT	1.00000000000273	2.72529777132914e-12	4	0	0	20	2330
PR00109	TYRKINASE	1.00000000000448	4.48243948722145e-12	70	0	0	20	2330
PR00081	GDHRDH	1.00000000000546	5.45875513935754e-12	72	0	0	20	2330
