TermID	Term	Enrichment	logP	Genes in Term	Target Genes in Term	Fraction of Targets in Term	Total Target Genes	Total Genes	Entrez Gene IDs	Gene Symbols
PR00196	ANNEXIN	0.00186062035786915	-6.28684532112827	4	2	0.0476190476190476	42	2330	176446,175714	nex-2,nex-1
PR00888	SM22CALPONIN	0.00186062035786915	-6.28684532112827	4	2	0.0476190476190476	42	2330	172996,171986	cpn-4,cpn-3
PR00299	ACRYSTALLIN	0.00213236698475709	-6.15052265580431	15	3	0.0714285714285714	42	2330	180895,186113,190317	hsp-43,hsp-17,Y55F3BR.6
PR01125	FMOXYGENASE5	0.0030655926761595	-5.78751435923041	5	2	0.0476190476190476	42	2330	176491,178596	fmo-3,fmo-5
PR01078	AMINACHANNEL	0.0057809073115064	-5.15319463430796	21	3	0.0714285714285714	42	2330	182851,181035,182852	delm-2,deg-1,acd-1
PR00370	FMOXYGENASE	0.00629168288440918	-5.06852669486404	7	2	0.0476190476190476	42	2330	176491,178596	fmo-3,fmo-5
PR01095	TASKCHANNEL	0.0105415930232046	-4.55242660656803	9	2	0.0476190476190476	42	2330	177727,173613	twk-8,sup-9
PR01640	PROFILINPLNT	0.0180257510729968	-4.01595392827441	1	1	0.0238095238095238	42	2330	180460	pfn-3
PR00392	PROFILIN	0.0180257510729968	-4.01595392827441	1	1	0.0238095238095238	42	2330	180460	pfn-3
PR01846	TRHRFAMILY	0.0180257510729968	-4.01595392827441	1	1	0.0238095238095238	42	2330	183056	trhr-1
PR00259	TMFOUR	0.0218213206305397	-3.82486777655263	13	2	0.0476190476190476	42	2330	192064,181567	tsp-11,tsp-8
PR01186	INTEGRINB	0.0357341746254708	-3.33164777566744	2	1	0.0238095238095238	42	2330	175504	pat-3
PR00597	GELSOLIN	0.0357341746254708	-3.33164777566744	2	1	0.0238095238095238	42	2330	179328	gsnl-1
PR01185	INTEGRINA	0.0357341746254708	-3.33164777566744	2	1	0.0238095238095238	42	2330	176240	pat-2
PR01703	MNSODISMTASE	0.0357341746254708	-3.33164777566744	2	1	0.0238095238095238	42	2330	181748	sod-3
PR01764	MAPKPHPHTASE	0.0357341746254708	-3.33164777566744	2	1	0.0238095238095238	42	2330	173904	vhp-1
PR00305	1433ZETA	0.0531307230217807	-2.93499993007093	3	1	0.0238095238095238	42	2330	181348	ftt-2
PR00347	THAUMATIN	0.0870095483852385	-2.44173741479535	5	1	0.0238095238095238	42	2330	185060	thn-1
PR00249	GPCRSECRETIN	0.0870095483852385	-2.44173741479535	5	1	0.0238095238095238	42	2330	175942	pdfr-1
PR01011	GLUTPROXDASE	0.11970404516424	-2.12273287280175	7	1	0.0238095238095238	42	2330	182513	gpx-3
PR00385	P450	0.134116898585979	-2.00904348182402	71	3	0.0714285714285714	42	2330	179550,178697,175053	cyp-29A2,cyp-32B1,cyp-37A1
PR00463	EP450I	0.138264641376845	-1.9785857391106	72	3	0.0714285714285714	42	2330	175053,178697,179550	cyp-37A1,cyp-32B1,cyp-29A2
PR01333	2POREKCHANEL	0.180713406997526	-1.71084288935194	43	2	0.0476190476190476	42	2330	173613,177727	sup-9,twk-8
PR00704	CALPAIN	0.211079137405189	-1.55552215703068	13	1	0.0238095238095238	42	2330	175326	clp-4
PR00008	DAGPEDOMAIN	0.211079137405189	-1.55552215703068	13	1	0.0238095238095238	42	2330	187844	R12G8.1
PR00193	MYOSINHEAVY	0.26678029795888	-1.32132981339873	17	1	0.0238095238095238	42	2330	179676	myo-3
PR00838	V5ALLERGEN	0.293172146567363	-1.22699531154717	19	1	0.0238095238095238	42	2330	183343	scl-6
PR00759	BASICPTASE	0.306018001108465	-1.18411135160816	20	1	0.0238095238095238	42	2330	179593	tag-290
PR00452	SH3DOMAIN	0.33102965990695	-1.1055473006499	22	1	0.0238095238095238	42	2330	185685	F42H10.3
PR01262	INNEXIN	0.36690527426717	-1.00265157250708	25	1	0.0238095238095238	42	2330	182801	inx-18
PR00837	V5TPXLIKE	0.36690527426717	-1.00265157250708	25	1	0.0238095238095238	42	2330	183343	scl-6
PR00320	GPROTEINBRPT	0.52873503796169	-0.637267846021184	41	1	0.0238095238095238	42	2330	180631	unc-78
PR00252	NRIONCHANNEL	0.789047234569464	-0.236929093553703	84	1	0.0238095238095238	42	2330	189903	pbo-5
PR00047	STROIDFINGER	0.802563193049649	-0.219944681845002	231	3	0.0714285714285714	42	2330	182602,181551,180265	nhr-155,nhr-3,nhr-79
PR00237	GPCRRHODOPSN	0.933064766958897	-0.0692806625817318	144	1	0.0238095238095238	42	2330	183056	trhr-1
PR01857	ADAMTSFAMILY	0.999999999998457	-1.5427257419405e-12	3	0	0	42	2330
PR01320	KIRCHANNEL	0.999999999998457	-1.5427257419405e-12	3	0	0	42	2330
PR00167	CACHANNEL	0.999999999998457	-1.5427257419405e-12	3	0	0	42	2330
PR00881	L7ARS6FAMILY	0.999999999998457	-1.5427257419405e-12	3	0	0	42	2330
PR00683	SPECTRINPH	0.999999999998457	-1.5427257419405e-12	3	0	0	42	2330
PR00406	CYTB5RDTASE	0.999999999998457	-1.5427257419405e-12	3	0	0	42	2330
PR01315	BATTENIN	0.999999999998457	-1.5427257419405e-12	3	0	0	42	2330
PR00389	PHPHLIPASEA2	0.999999999998457	-1.5427257419405e-12	3	0	0	42	2330
PR00376	IL1BCENZYME	0.999999999998457	-1.5427257419405e-12	3	0	0	42	2330
PR00391	PITRANSFER	0.999999999998457	-1.5427257419405e-12	3	0	0	42	2330
PR02050	B14GALTRFASE	0.999999999998457	-1.5427257419405e-12	3	0	0	42	2330
PR00593	MTABOTROPICR	0.999999999998457	-1.5427257419405e-12	3	0	0	42	2330
PR00243	MUSCARINICR	0.999999999998457	-1.5427257419405e-12	3	0	0	42	2330
PR00106	DNAPOLB	0.999999999998457	-1.5427257419405e-12	3	0	0	42	2330
PR01498	SHAWCHANNEL	0.999999999998457	-1.5427257419405e-12	3	0	0	42	2330
PR00255	NATPEPTIDER	0.999999999998457	-1.5427257419405e-12	3	0	0	42	2330
PR00799	TRANSAMINASE	0.999999999998457	-1.5427257419405e-12	3	0	0	42	2330
PR01097	TRNSRECEPTRP	0.999999999998457	-1.5427257419405e-12	3	0	0	42	2330
PR00067	CATALASE	0.999999999998457	-1.5427257419405e-12	3	0	0	42	2330
PR00028	POUDOMAIN	0.999999999998457	-1.5427257419405e-12	3	0	0	42	2330
PR01259	NACAEXCHNGR	0.999999999998457	-1.5427257419405e-12	3	0	0	42	2330
PR00372	FYWHYDRXLASE	0.999999999998457	-1.5427257419405e-12	3	0	0	42	2330
PR00319	GPROTEINB	0.999999999998457	-1.5427257419405e-12	3	0	0	42	2330
PR01463	EAGCHANLFMLY	0.999999999998457	-1.5427257419405e-12	3	0	0	42	2330
PR01772	JNKMAPKINASE	0.999999999998457	-1.5427257419405e-12	3	0	0	42	2330
PR00707	UBCTHYDRLASE	0.999999999998457	-1.5427257419405e-12	3	0	0	42	2330
PR00489	FRIZZLED	0.999999999998457	-1.5427257419405e-12	3	0	0	42	2330
PR00447	NATRESASSCMP	0.999999999998457	-1.5427257419405e-12	3	0	0	42	2330
PR00413	HADHALOGNASE	0.999999999998457	-1.5427257419405e-12	3	0	0	42	2330
PR00775	HEATSHOCK90	0.999999999998457	-1.5427257419405e-12	3	0	0	42	2330
PR01347	EPHRIN	0.999999999998457	-1.5427257419405e-12	3	0	0	42	2330
PR00369	FLAVODOXIN	0.999999999998457	-1.5427257419405e-12	3	0	0	42	2330
PR00790	PAMONOXGNASE	0.999999999998457	-1.5427257419405e-12	3	0	0	42	2330
PR00195	DYNAMIN	0.999999999998457	-1.5427257419405e-12	3	0	0	42	2330
PR00502	NUDIXFAMILY	0.999999999998457	-1.5427257419405e-12	3	0	0	42	2330
PR00075	FACDDSATRASE	0.999999999998457	-1.5427257419405e-12	3	0	0	42	2330
PR01271	HISDACETLASE	0.999999999998457	-1.5427257419405e-12	3	0	0	42	2330
PR00068	CUZNDISMTASE	0.999999999998457	-1.5427257419405e-12	3	0	0	42	2330
PR00987	TRNASYNTHGLU	0.999999999998457	-1.5427257419405e-12	3	0	0	42	2330
PR01494	KV9CHANNEL	0.999999999998621	-1.37915993167113e-12	6	0	0	42	2330
PR00094	ADENYLTKNASE	0.999999999998621	-1.37915993167113e-12	6	0	0	42	2330
PR00387	PDIESTERASE1	0.999999999998621	-1.37915993167113e-12	6	0	0	42	2330
PR01657	MCMFAMILY	0.999999999998621	-1.37915993167113e-12	6	0	0	42	2330
PR00092	TYROSINASE	0.999999999998621	-1.37915993167113e-12	6	0	0	42	2330
PR00633	RCCNDNSATION	0.999999999998621	-1.37915993167113e-12	6	0	0	42	2330
PR00632	SONICHHOG	0.999999999998621	-1.37915993167113e-12	6	0	0	42	2330
PR01163	BETATUBULIN	0.999999999998621	-1.37915993167113e-12	6	0	0	42	2330
PR00399	SYNAPTOTAGMN	0.999999999998621	-1.37915993167113e-12	6	0	0	42	2330
PR00390	PHPHLIPASEC	0.999999999998621	-1.37915993167113e-12	6	0	0	42	2330
PR00762	CLCHANNEL	0.999999999998621	-1.37915993167113e-12	6	0	0	42	2330
PR00348	UBIQUITIN	0.999999999998621	-1.37915993167113e-12	6	0	0	42	2330
PR00689	ACOABINDINGP	0.999999999998621	-1.37915993167113e-12	6	0	0	42	2330
PR00371	FPNCR	0.999999999999235	-7.65314256211295e-13	5	0	0	42	2330
PR00744	GLHYDRLASE37	0.999999999999235	-7.65314256211295e-13	5	0	0	42	2330
PR01625	GSTRNSFRASEO	0.999999999999235	-7.65314256211295e-13	5	0	0	42	2330
PR00111	ABHYDROLASE	0.999999999999235	-7.65314256211295e-13	5	0	0	42	2330
PR00800	YHDCRBOXLASE	0.999999999999235	-7.65314256211295e-13	5	0	0	42	2330
PR00412	EPOXHYDRLASE	0.999999999999235	-7.65314256211295e-13	5	0	0	42	2330
PR01130	DERENTRNSPRT	0.999999999999235	-7.65314256211295e-13	5	0	0	42	2330
PR01349	WNTPROTEIN	0.999999999999235	-7.65314256211295e-13	5	0	0	42	2330
PR00620	HISTONEH2A	0.999999999999235	-7.65314256211295e-13	5	0	0	42	2330
PR00723	SUBTILISIN	0.999999999999235	-7.65314256211295e-13	5	0	0	42	2330
PR00405	REVINTRACTNG	0.999999999999235	-7.65314256211295e-13	5	0	0	42	2330
PR00661	ERMFAMILY	0.999999999999235	-7.65314256211295e-13	5	0	0	42	2330
PR01609	CD36FAMILY	0.999999999999235	-7.65314256211295e-13	5	0	0	42	2330
PR00248	GPCRMGR	0.999999999999235	-7.65314256211295e-13	5	0	0	42	2330
PR00160	GLUTAREDOXIN	0.999999999999235	-7.65314256211295e-13	5	0	0	42	2330
PR00401	SH2DOMAIN	0.999999999999326	-6.74225967003069e-13	19	0	0	42	2330
PR00625	JDOMAIN	0.99999999999984	-1.59510423132973e-13	25	0	0	42	2330
PR00301	HEATSHOCK70	1.00000000000045	4.47819690087305e-13	11	0	0	42	2330
PR00360	C2DOMAIN	1.00000000000045	4.47819690087305e-13	11	0	0	42	2330
PR01491	KVCHANNEL	1.00000000000045	4.47819690087305e-13	11	0	0	42	2330
PR00205	CADHERIN	1.00000000000045	4.47819690087305e-13	11	0	0	42	2330
PR00297	CHAPERONIN10	1.00000000000051	5.1352325169951e-13	1	0	0	42	2330
PR02012	RCMTNOP2	1.00000000000051	5.1352325169951e-13	1	0	0	42	2330
PR01497	SHALCHANNEL	1.00000000000051	5.1352325169951e-13	1	0	0	42	2330
PR00191	FACTINCAPA	1.00000000000051	5.1352325169951e-13	1	0	0	42	2330
PR01075	PRESENILNSEL	1.00000000000051	5.1352325169951e-13	1	0	0	42	2330
PR00741	GLHYDRLASE29	1.00000000000051	5.1352325169951e-13	1	0	0	42	2330
PR01433	POLYCYSTIN2	1.00000000000051	5.1352325169951e-13	1	0	0	42	2330
PR01218	PSTLEXTENSIN	1.00000000000051	5.1352325169951e-13	1	0	0	42	2330
PR00448	NSFATTACHMNT	1.00000000000051	5.1352325169951e-13	1	0	0	42	2330
PR00321	GPROTEING	1.00000000000051	5.1352325169951e-13	1	0	0	42	2330
PR00104	CGMPKINASE	1.00000000000051	5.1352325169951e-13	1	0	0	42	2330
PR01550	TOP6AFAMILY	1.00000000000051	5.1352325169951e-13	1	0	0	42	2330
PR00041	LEUZIPPRCREB	1.00000000000051	5.1352325169951e-13	1	0	0	42	2330
PR00378	LIIMPHPHTASE	1.00000000000051	5.1352325169951e-13	1	0	0	42	2330
PR00082	GLFDHDRGNASE	1.00000000000051	5.1352325169951e-13	1	0	0	42	2330
PR00373	GLYCHORMONER	1.00000000000051	5.1352325169951e-13	1	0	0	42	2330
PR00442	GPROTEINAQ	1.00000000000051	5.1352325169951e-13	1	0	0	42	2330
PR00545	RETINOIDXR	1.00000000000051	5.1352325169951e-13	1	0	0	42	2330
PR00978	STARPROTEIN	1.00000000000051	5.1352325169951e-13	1	0	0	42	2330
PR01365	TELOMERASERT	1.00000000000051	5.1352325169951e-13	1	0	0	42	2330
PR01660	MCMPROTEIN4	1.00000000000051	5.1352325169951e-13	1	0	0	42	2330
PR01868	ABCEFAMILY	1.00000000000051	5.1352325169951e-13	1	0	0	42	2330
PR00868	DNAPOLI	1.00000000000051	5.1352325169951e-13	1	0	0	42	2330
PR00322	G10	1.00000000000051	5.1352325169951e-13	1	0	0	42	2330
PR00896	VASOPRESSINR	1.00000000000051	5.1352325169951e-13	1	0	0	42	2330
PR00740	GLHYDRLASE27	1.00000000000051	5.1352325169951e-13	1	0	0	42	2330
PR01849	UBIQUITINACT	1.00000000000051	5.1352325169951e-13	1	0	0	42	2330
PR00100	AOTCASE	1.00000000000051	5.1352325169951e-13	1	0	0	42	2330
PR00971	RIBOSOMALS10	1.00000000000051	5.1352325169951e-13	1	0	0	42	2330
PR00056	HSFDOMAIN	1.00000000000051	5.1352325169951e-13	1	0	0	42	2330
PR00098	CPSASE	1.00000000000051	5.1352325169951e-13	1	0	0	42	2330
PR01848	U2AUXFACTOR	1.00000000000051	5.1352325169951e-13	1	0	0	42	2330
PR00867	DNAPOLG	1.00000000000051	5.1352325169951e-13	1	0	0	42	2330
PR00985	TRNASYNTHLEU	1.00000000000051	5.1352325169951e-13	1	0	0	42	2330
PR00309	ARRESTIN	1.00000000000051	5.1352325169951e-13	1	0	0	42	2330
PR01183	RIBORDTASEM1	1.00000000000051	5.1352325169951e-13	1	0	0	42	2330
PR00079	G6PDHDRGNASE	1.00000000000051	5.1352325169951e-13	1	0	0	42	2330
PR00351	OM20RECEPTOR	1.00000000000051	5.1352325169951e-13	1	0	0	42	2330
PR00791	PEPDIPTASEA	1.00000000000051	5.1352325169951e-13	1	0	0	42	2330
PR00143	CITRTSNTHASE	1.00000000000051	5.1352325169951e-13	1	0	0	42	2330
PR00779	INSP3RECEPTR	1.00000000000051	5.1352325169951e-13	1	0	0	42	2330
PR00154	AMPBINDING	1.00000000000051	5.1352325169951e-13	1	0	0	42	2330
PR00194	TROPOMYOSIN	1.00000000000051	5.1352325169951e-13	1	0	0	42	2330
PR01797	SAPOSIN	1.00000000000051	5.1352325169951e-13	1	0	0	42	2330
PR00003	4DISULPHCORE	1.00000000000051	5.1352325169951e-13	1	0	0	42	2330
PR00960	LMBPPROTEIN	1.00000000000051	5.1352325169951e-13	1	0	0	42	2330
PR01101	5HTRECEPTOR	1.00000000000051	5.1352325169951e-13	1	0	0	42	2330
PR00784	MTUNCOUPLING	1.00000000000051	5.1352325169951e-13	1	0	0	42	2330
PR00044	LEUZIPPRMYC	1.00000000000051	5.1352325169951e-13	1	0	0	42	2330
PR00162	RIESKE	1.00000000000051	5.1352325169951e-13	1	0	0	42	2330
PR00416	EUTPISMRASEI	1.00000000000051	5.1352325169951e-13	1	0	0	42	2330
PR00217	POSTSYNAPTIC	1.00000000000051	5.1352325169951e-13	1	0	0	42	2330
PR01854	BR22PROTEIN	1.00000000000051	5.1352325169951e-13	1	0	0	42	2330
PR00126	ATPASEGAMMA	1.00000000000051	5.1352325169951e-13	1	0	0	42	2330
PR00298	CHAPERONIN60	1.00000000000051	5.1352325169951e-13	1	0	0	42	2330
PR00456	RIBOSOMALP2	1.00000000000051	5.1352325169951e-13	1	0	0	42	2330
PR01551	SPO11HOMOLOG	1.00000000000051	5.1352325169951e-13	1	0	0	42	2330
PR01232	NAHCO3TRSPRT	1.00000000000051	5.1352325169951e-13	1	0	0	42	2330
PR01251	AMPHIPHYSIN	1.00000000000051	5.1352325169951e-13	1	0	0	42	2330
PR01838	NCAMFAMILY	1.00000000000051	5.1352325169951e-13	1	0	0	42	2330
PR01658	MCMPROTEIN2	1.00000000000051	5.1352325169951e-13	1	0	0	42	2330
PR01245	RAD1REC1	1.00000000000051	5.1352325169951e-13	1	0	0	42	2330
PR00720	MAMMALPTPASE	1.00000000000051	5.1352325169951e-13	1	0	0	42	2330
PR01043	TRNASYNTHGLY	1.00000000000051	5.1352325169951e-13	1	0	0	42	2330
PR01659	MCMPROTEIN3	1.00000000000051	5.1352325169951e-13	1	0	0	42	2330
PR00065	TEADOMAIN	1.00000000000051	5.1352325169951e-13	1	0	0	42	2330
PR01475	PARKIN	1.00000000000051	5.1352325169951e-13	1	0	0	42	2330
PR01661	MCMPROTEIN5	1.00000000000051	5.1352325169951e-13	1	0	0	42	2330
PR01546	YEAST73DUF	1.00000000000051	5.1352325169951e-13	1	0	0	42	2330
PR00477	PHGLYCKINASE	1.00000000000051	5.1352325169951e-13	1	0	0	42	2330
PR00085	THFDHDRGNASE	1.00000000000051	5.1352325169951e-13	1	0	0	42	2330
PR00440	GPROTEINA12	1.00000000000051	5.1352325169951e-13	1	0	0	42	2330
PR00473	GALCTOKINASE	1.00000000000051	5.1352325169951e-13	1	0	0	42	2330
PR00148	ENOLASE	1.00000000000051	5.1352325169951e-13	1	0	0	42	2330
PR00492	RHOGDI	1.00000000000051	5.1352325169951e-13	1	0	0	42	2330
PR02031	CYSSERRICHNP	1.00000000000051	5.1352325169951e-13	1	0	0	42	2330
PR00623	HISTONEH4	1.00000000000051	5.1352325169951e-13	1	0	0	42	2330
PR00332	HISTRIAD	1.00000000000051	5.1352325169951e-13	1	0	0	42	2330
PR00192	FACTINCAPB	1.00000000000051	5.1352325169951e-13	1	0	0	42	2330
PR01047	TRNASYNTHTHR	1.00000000000051	5.1352325169951e-13	1	0	0	42	2330
PR01738	RNABINDINGM8	1.00000000000051	5.1352325169951e-13	1	0	0	42	2330
PR01760	DISHEVELLED	1.00000000000051	5.1352325169951e-13	1	0	0	42	2330
PR00850	GLHYDRLASE59	1.00000000000051	5.1352325169951e-13	1	0	0	42	2330
PR00973	RIBOSOMALS17	1.00000000000051	5.1352325169951e-13	1	0	0	42	2330
PR00124	ATPASEC	1.00000000000051	5.1352325169951e-13	1	0	0	42	2330
PR00663	GALANINR	1.00000000000051	5.1352325169951e-13	1	0	0	42	2330
PR01164	GAMMATUBULIN	1.00000000000051	5.1352325169951e-13	1	0	0	42	2330
PR01588	THIKCHANNEL	1.00000000000051	5.1352325169951e-13	1	0	0	42	2330
PR01839	RAD23PROTEIN	1.00000000000051	5.1352325169951e-13	1	0	0	42	2330
PR01443	TFIID30KDSUB	1.00000000000051	5.1352325169951e-13	1	0	0	42	2330
PR00110	ALPHAAMYLASE	1.00000000000051	5.1352325169951e-13	1	0	0	42	2330
PR00904	FRATAXIN	1.00000000000051	5.1352325169951e-13	1	0	0	42	2330
PR01464	EAGCHANNEL	1.00000000000051	5.1352325169951e-13	1	0	0	42	2330
PR01629	TVDCCALPHA1	1.00000000000051	5.1352325169951e-13	1	0	0	42	2330
PR01348	ICLNCHANNEL	1.00000000000051	5.1352325169951e-13	1	0	0	42	2330
PR01630	LVDCCALPHA1	1.00000000000051	5.1352325169951e-13	1	0	0	42	2330
PR01088	NAHEXCHNGR6	1.00000000000051	5.1352325169951e-13	1	0	0	42	2330
PR01368	SYNAPSIN	1.00000000000051	5.1352325169951e-13	1	0	0	42	2330
PR00058	RIBOSOMALL5	1.00000000000051	5.1352325169951e-13	1	0	0	42	2330
PR00443	GPROTEINAS	1.00000000000051	5.1352325169951e-13	1	0	0	42	2330
PR00932	AMINO1PTASE	1.00000000000051	5.1352325169951e-13	1	0	0	42	2330
PR01698	CYTOFMRPINTP	1.00000000000051	5.1352325169951e-13	1	0	0	42	2330
PR00600	PP2APR55	1.00000000000051	5.1352325169951e-13	1	0	0	42	2330
PR01243	NUCDPKINASE	1.00000000000051	5.1352325169951e-13	1	0	0	42	2330
PR00846	GLHYDRLASE56	1.00000000000051	5.1352325169951e-13	1	0	0	42	2330
PR00979	TAFAZZIN	1.00000000000051	5.1352325169951e-13	1	0	0	42	2330
PR01405	TETRPHPHTASE	1.00000000000051	5.1352325169951e-13	1	0	0	42	2330
PR00139	ASNGLNASE	1.00000000000051	5.1352325169951e-13	1	0	0	42	2330
PR00938	BRACHYURY	1.00000000000051	5.1352325169951e-13	1	0	0	42	2330
PR01770	ERK1ERK2MAPK	1.00000000000051	5.1352325169951e-13	1	0	0	42	2330
PR01989	EUOM20RECPTR	1.00000000000051	5.1352325169951e-13	1	0	0	42	2330
PR01663	MCMPROTEIN7	1.00000000000051	5.1352325169951e-13	1	0	0	42	2330
PR01716	DEATHASSOCP3	1.00000000000051	5.1352325169951e-13	1	0	0	42	2330
PR01000	SREBPS2PTASE	1.00000000000051	5.1352325169951e-13	1	0	0	42	2330
PR01586	TWIKCHANNEL	1.00000000000051	5.1352325169951e-13	1	0	0	42	2330
PR00086	LLDHDRGNASE	1.00000000000051	5.1352325169951e-13	1	0	0	42	2330
PR00025	ANTENNAPEDIA	1.00000000000051	5.1352325169951e-13	1	0	0	42	2330
PR00203	AMYLOIDA4	1.00000000000051	5.1352325169951e-13	1	0	0	42	2330
PR00407	EUMOPTERIN	1.00000000000051	5.1352325169951e-13	1	0	0	42	2330
PR01802	SYNEMBRYN	1.00000000000051	5.1352325169951e-13	1	0	0	42	2330
PR00220	SYNAPTOPHYSN	1.00000000000051	5.1352325169951e-13	1	0	0	42	2330
PR01692	LIPOCALINIMR	1.00000000000051	5.1352325169951e-13	1	0	0	42	2330
PR01049	PHOSPHBKNASE	1.00000000000051	5.1352325169951e-13	1	0	0	42	2330
PR00336	LYSASSOCTDMP	1.00000000000051	5.1352325169951e-13	1	0	0	42	2330
PR00414	PPTHIESTRASE	1.00000000000051	5.1352325169951e-13	1	0	0	42	2330
PR00125	ATPASEDELTA	1.00000000000051	5.1352325169951e-13	1	0	0	42	2330
PR00785	NCTRNSLOCATR	1.00000000000051	5.1352325169951e-13	1	0	0	42	2330
PR00472	CASNKINASEII	1.00000000000051	5.1352325169951e-13	1	0	0	42	2330
PR00052	FIBRILLARIN	1.00000000000051	5.1352325169951e-13	1	0	0	42	2330
PR00076	6PGDHDRGNASE	1.00000000000051	5.1352325169951e-13	1	0	0	42	2330
PR00127	CLPPROTEASEP	1.00000000000051	5.1352325169951e-13	1	0	0	42	2330
PR00989	ADENOKINASE	1.00000000000051	5.1352325169951e-13	1	0	0	42	2330
PR00664	OCTOPAMINER	1.00000000000051	5.1352325169951e-13	1	0	0	42	2330
PR00464	EP450II	1.00000000000051	5.1352325169951e-13	1	0	0	42	2330
PR01653	TCTPROTEIN	1.00000000000051	5.1352325169951e-13	1	0	0	42	2330
PR00071	HMGCOARDTASE	1.00000000000051	5.1352325169951e-13	1	0	0	42	2330
PR00302	LUPUSLA	1.00000000000051	5.1352325169951e-13	1	0	0	42	2330
PR00767	DBMONOXGNASE	1.00000000000051	5.1352325169951e-13	1	0	0	42	2330
PR00355	ADRENODOXIN	1.00000000000051	5.1352325169951e-13	1	0	0	42	2330
PR00990	RIBOKINASE	1.00000000000051	5.1352325169951e-13	1	0	0	42	2330
PR00185	EUKARYTPORIN	1.00000000000051	5.1352325169951e-13	1	0	0	42	2330
PR00975	RIBOSOMALS19	1.00000000000051	5.1352325169951e-13	1	0	0	42	2330
PR00276	INSULINFAMLY	1.00000000000051	5.1352325169951e-13	1	0	0	42	2330
PR00982	TRNASYNTHLYS	1.00000000000051	5.1352325169951e-13	1	0	0	42	2330
PR01034	RIBOSOMALS12	1.00000000000051	5.1352325169951e-13	1	0	0	42	2330
PR00882	RIBOSOMALL7A	1.00000000000051	5.1352325169951e-13	1	0	0	42	2330
PR01748	AP2TNSCPFCT	1.00000000000051	5.1352325169951e-13	1	0	0	42	2330
PR00773	GRPEPROTEIN	1.00000000000051	5.1352325169951e-13	1	0	0	42	2330
PR00983	TRNASYNTHCYS	1.00000000000051	5.1352325169951e-13	1	0	0	42	2330
PR00603	CYTOCHROMEC1	1.00000000000051	5.1352325169951e-13	1	0	0	42	2330
PR00043	LEUZIPPRJUN	1.00000000000051	5.1352325169951e-13	1	0	0	42	2330
PR00967	ONCOGENEAML1	1.00000000000051	5.1352325169951e-13	1	0	0	42	2330
PR00738	GLHYDRLASE20	1.00000000000051	5.1352325169951e-13	1	0	0	42	2330
PR00961	HUDSXLRNA	1.00000000000051	5.1352325169951e-13	1	0	0	42	2330
PR00465	EP450IV	1.00000000000051	5.1352325169951e-13	1	0	0	42	2330
PR00972	RIBSOMALS12E	1.00000000000051	5.1352325169951e-13	1	0	0	42	2330
PR00474	GLU5KINASE	1.00000000000051	5.1352325169951e-13	1	0	0	42	2330
PR00072	MALOXRDTASE	1.00000000000051	5.1352325169951e-13	1	0	0	42	2330
PR02011	RCMTNCL1	1.00000000000051	5.1352325169951e-13	1	0	0	42	2330
PR00627	GTPRANTC4	1.00000000000051	5.1352325169951e-13	1	0	0	42	2330
PR00728	SIGNALPTASE	1.00000000000051	5.1352325169951e-13	1	0	0	42	2330
PR00108	THYMDSNTHASE	1.00000000000051	5.1352325169951e-13	1	0	0	42	2330
PR00928	GRAVESDC	1.00000000000051	5.1352325169951e-13	1	0	0	42	2330
PR00719	LMWPTPASE	1.00000000000051	5.1352325169951e-13	1	0	0	42	2330
PR00132	GLHYDRLASE2	1.00000000000051	5.1352325169951e-13	1	0	0	42	2330
PR01850	GROUCHOFAMLY	1.00000000000051	5.1352325169951e-13	1	0	0	42	2330
PR00662	G6PISOMERASE	1.00000000000051	5.1352325169951e-13	1	0	0	42	2330
PR01470	ERGCHANNEL	1.00000000000051	5.1352325169951e-13	1	0	0	42	2330
PR00115	F16BPHPHTASE	1.00000000000051	5.1352325169951e-13	1	0	0	42	2330
PR01873	CYTCOXIDASE4	1.00000000000051	5.1352325169951e-13	1	0	0	42	2330
PR01250	RIBOSOMALL34	1.00000000000051	5.1352325169951e-13	1	0	0	42	2330
PR01662	MCMPROTEIN6	1.00000000000051	5.1352325169951e-13	1	0	0	42	2330
PR01246	RAD1REPAIR	1.00000000000051	5.1352325169951e-13	1	0	0	42	2330
PR00339	PCNACYCLIN	1.00000000000051	5.1352325169951e-13	1	0	0	42	2330
PR00153	CSAPPISMRASE	1.00000000000063	6.34144841380531e-13	18	0	0	42	2330
PR00415	ACONITASE	1.0000000000008	7.99303115014971e-13	2	0	0	42	2330
PR00122	VACATPASE	1.0000000000008	7.99303115014971e-13	2	0	0	42	2330
PR00189	TRNSTHYRETIN	1.0000000000008	7.99303115014971e-13	2	0	0	42	2330
PR01773	P38MAPKINASE	1.0000000000008	7.99303115014971e-13	2	0	0	42	2330
PR01038	TRNASYNTHARG	1.0000000000008	7.99303115014971e-13	2	0	0	42	2330
PR00887	SSRCOGNITION	1.0000000000008	7.99303115014971e-13	2	0	0	42	2330
PR00727	LEADERPTASE	1.0000000000008	7.99303115014971e-13	2	0	0	42	2330
PR01050	PYRUVTKNASE	1.0000000000008	7.99303115014971e-13	2	0	0	42	2330
PR00991	6PFRUCTKNASE	1.0000000000008	7.99303115014971e-13	2	0	0	42	2330
PR00679	PROHIBITIN	1.0000000000008	7.99303115014971e-13	2	0	0	42	2330
PR00891	RABGDIREP	1.0000000000008	7.99303115014971e-13	2	0	0	42	2330
PR00476	PHFRCTKINASE	1.0000000000008	7.99303115014971e-13	2	0	0	42	2330
PR01573	SUPERTUBBY	1.0000000000008	7.99303115014971e-13	2	0	0	42	2330
PR00381	KINESINLIGHT	1.0000000000008	7.99303115014971e-13	2	0	0	42	2330
PR00742	GLHYDRLASE35	1.0000000000008	7.99303115014971e-13	2	0	0	42	2330
PR01046	TRNASYNTHPRO	1.0000000000008	7.99303115014971e-13	2	0	0	42	2330
PR01822	CCYSTOKININR	1.0000000000008	7.99303115014971e-13	2	0	0	42	2330
PR01160	GABAARBETA	1.0000000000008	7.99303115014971e-13	2	0	0	42	2330
PR00395	RIBOSOMALS2	1.0000000000008	7.99303115014971e-13	2	0	0	42	2330
PR00986	TRNASYNTHVAL	1.0000000000008	7.99303115014971e-13	2	0	0	42	2330
PR01035	TCRTETA	1.0000000000008	7.99303115014971e-13	2	0	0	42	2330
PR00626	CALRETICULIN	1.0000000000008	7.99303115014971e-13	2	0	0	42	2330
PR00131	GLHYDRLASE1	1.0000000000008	7.99303115014971e-13	2	0	0	42	2330
PR00702	ACRIFLAVINRP	1.0000000000008	7.99303115014971e-13	2	0	0	42	2330
PR00776	HEMOGLOBNASE	1.0000000000008	7.99303115014971e-13	2	0	0	42	2330
PR00481	LAMNOPPTDASE	1.0000000000008	7.99303115014971e-13	2	0	0	42	2330
PR00616	CCAATSUBUNTB	1.0000000000008	7.99303115014971e-13	2	0	0	42	2330
PR00296	CYCLINKINASE	1.0000000000008	7.99303115014971e-13	2	0	0	42	2330
PR01182	ORNDCRBXLASE	1.0000000000008	7.99303115014971e-13	2	0	0	42	2330
PR00077	GPDHDRGNASE	1.0000000000008	7.99303115014971e-13	2	0	0	42	2330
PR00805	ALPHACATENIN	1.0000000000008	7.99303115014971e-13	2	0	0	42	2330
PR00789	OSIALOPTASE	1.0000000000008	7.99303115014971e-13	2	0	0	42	2330
PR01001	FADG3PDH	1.0000000000008	7.99303115014971e-13	2	0	0	42	2330
PR00342	RHESUSRHD	1.0000000000008	7.99303115014971e-13	2	0	0	42	2330
PR00876	MTNEMATODE	1.0000000000008	7.99303115014971e-13	2	0	0	42	2330
PR01039	TRNASYNTHTRP	1.0000000000008	7.99303115014971e-13	2	0	0	42	2330
PR01626	LCACHANNELB	1.0000000000008	7.99303115014971e-13	2	0	0	42	2330
PR00604	CYTCHRMECIAB	1.0000000000008	7.99303115014971e-13	2	0	0	42	2330
PR00714	MAN6PISMRASE	1.0000000000008	7.99303115014971e-13	2	0	0	42	2330
PR00984	TRNASYNTHILE	1.0000000000008	7.99303115014971e-13	2	0	0	42	2330
PR00377	IMPHPHTASES	1.0000000000008	7.99303115014971e-13	2	0	0	42	2330
PR01040	TRNASYNTHTYR	1.0000000000008	7.99303115014971e-13	2	0	0	42	2330
PR01908	ADSPHPHTASE	1.0000000000008	7.99303115014971e-13	2	0	0	42	2330
PR00660	ERLUMENR	1.0000000000008	7.99303115014971e-13	2	0	0	42	2330
PR01041	TRNASYNTHMET	1.0000000000008	7.99303115014971e-13	2	0	0	42	2330
PR00509	PGMPMM	1.0000000000008	7.99303115014971e-13	2	0	0	42	2330
PR00892	RABGDI	1.0000000000008	7.99303115014971e-13	2	0	0	42	2330
PR00149	FUMRATELYASE	1.0000000000008	7.99303115014971e-13	2	0	0	42	2330
PR00404	MADSDOMAIN	1.0000000000008	7.99303115014971e-13	2	0	0	42	2330
PR00962	LETHAL2GIANT	1.0000000000008	7.99303115014971e-13	2	0	0	42	2330
PR00686	TIFACTORIID	1.0000000000008	7.99303115014971e-13	2	0	0	42	2330
PR01452	LNOTCHREPEAT	1.0000000000008	7.99303115014971e-13	2	0	0	42	2330
PR00141	PROTEASOME	1.0000000000008	7.99303115014971e-13	2	0	0	42	2330
PR01268	GSTRNSFRASEP	1.0000000000008	7.99303115014971e-13	2	0	0	42	2330
PR00504	CHROMODOMAIN	1.0000000000008	7.99303115014971e-13	2	0	0	42	2330
PR00653	ACTIVIN2R	1.0000000000008	7.99303115014971e-13	2	0	0	42	2330
PR01072	PRESENILIN	1.0000000000008	7.99303115014971e-13	2	0	0	42	2330
PR00980	TRNASYNTHALA	1.0000000000008	7.99303115014971e-13	2	0	0	42	2330
PR00717	GPCRKINASE	1.0000000000008	7.99303115014971e-13	2	0	0	42	2330
PR00685	TIFACTORIIB	1.0000000000008	7.99303115014971e-13	2	0	0	42	2330
PR00883	NUCLEARHMG	1.0000000000008	7.99303115014971e-13	2	0	0	42	2330
PR00417	PRTPISMRASEI	1.0000000000008	7.99303115014971e-13	2	0	0	42	2330
PR01869	BCATNINFAMLY	1.0000000000008	7.99303115014971e-13	2	0	0	42	2330
PR00120	HATPASE	1.0000000000008	7.99303115014971e-13	2	0	0	42	2330
PR01179	ODADCRBXLASE	1.0000000000008	7.99303115014971e-13	2	0	0	42	2330
PR01459	KCNQCHANNEL	1.0000000000008	7.99303115014971e-13	2	0	0	42	2330
PR00981	TRNASYNTHSER	1.0000000000008	7.99303115014971e-13	2	0	0	42	2330
PR00599	MAPEPTIDASE	1.0000000000008	7.99303115014971e-13	2	0	0	42	2330
PR00380	KINESINHEAVY	1.00000000000088	8.76406112858826e-13	17	0	0	42	2330
PR00792	PEPSIN	1.00000000000088	8.76406112858826e-13	17	0	0	42	2330
PR00937	TBOX	1.00000000000088	8.76406112858826e-13	17	0	0	42	2330
PR00503	BROMODOMAIN	1.00000000000099	9.93053942079556e-13	13	0	0	42	2330
PR00457	ANPEROXIDASE	1.00000000000099	9.93053942079556e-13	13	0	0	42	2330
PR01012	NRPEPTIDEYR	1.00000000000099	9.93053942079556e-13	13	0	0	42	2330
PR00328	SAR1GTPBP	1.00000000000099	9.93053942079556e-13	13	0	0	42	2330
PR00315	ELONGATNFCT	1.00000000000113	1.1286937994637e-12	14	0	0	42	2330
PR00053	FORKHEAD	1.00000000000113	1.1286937994637e-12	14	0	0	42	2330
PR00699	TMPROTEINSRB	1.00000000000113	1.1286937994637e-12	14	0	0	42	2330
PR00031	HTHREPRESSR	1.00000000000132	1.31933235736706e-12	12	0	0	42	2330
PR00765	CRBOXYPTASEA	1.00000000000132	1.31933235736706e-12	12	0	0	42	2330
PR00176	NANEUSMPORT	1.00000000000132	1.31933235736706e-12	12	0	0	42	2330
PR01301	RGSPROTEIN	1.00000000000132	1.31933235736706e-12	12	0	0	42	2330
PR00069	ALDKETRDTASE	1.00000000000132	1.31933235736706e-12	12	0	0	42	2330
PR00705	PAPAIN	1.00000000000184	1.83831073251278e-12	20	0	0	42	2330
PR00254	NICOTINICR	1.00000000000184	1.83831073251278e-12	20	0	0	42	2330
PR00024	HOMEOBOX	1.00000000000186	1.85674536137578e-12	26	0	0	42	2330
PR00756	ALADIPTASE	1.00000000000193	1.92658115154426e-12	10	0	0	42	2330
PR00171	SUGRTRNSPORT	1.00000000000193	1.92658115154426e-12	10	0	0	42	2330
PR00178	FATTYACIDBP	1.00000000000193	1.92658115154426e-12	10	0	0	42	2330
PR01162	ALPHATUBULIN	1.00000000000193	1.92658115154426e-12	10	0	0	42	2330
PR00935	BAND41	1.00000000000198	1.97723474867094e-12	8	0	0	42	2330
PR00219	SYNAPTOBREVN	1.00000000000198	1.97723474867094e-12	8	0	0	42	2330
PR00619	GATAZNFINGER	1.00000000000198	1.97723474867094e-12	8	0	0	42	2330
PR00927	ADPTRNSLCASE	1.00000000000198	1.97723474867094e-12	8	0	0	42	2330
PR00786	NEPRILYSIN	1.00000000000198	1.97723474867094e-12	8	0	0	42	2330
PR00177	NMDARECEPTOR	1.00000000000198	1.97723474867094e-12	8	0	0	42	2330
PR00454	ETSDOMAIN	1.00000000000198	1.97723474867094e-12	8	0	0	42	2330
PR01270	HDASUPER	1.00000000000198	1.97723474867094e-12	8	0	0	42	2330
PR00624	HISTONEH5	1.00000000000198	1.97723474867094e-12	8	0	0	42	2330
PR00721	STOMATIN	1.00000000000198	1.97723474867094e-12	8	0	0	42	2330
PR00190	ACTIN	1.00000000000204	2.04027945479599e-12	7	0	0	42	2330
PR00722	CHYMOTRYPSIN	1.00000000000204	2.04027945479599e-12	7	0	0	42	2330
PR00747	GLYHDRLASE47	1.00000000000204	2.04027945479599e-12	7	0	0	42	2330
PR00138	MATRIXIN	1.00000000000204	2.04027945479599e-12	7	0	0	42	2330
PR00441	GPROTEINAI	1.00000000000204	2.04027945479599e-12	7	0	0	42	2330
PR00318	GPROTEINA	1.00000000000235	2.34851446463258e-12	22	0	0	42	2330
PR00253	GABAARECEPTR	1.00000000000321	3.21326126817499e-12	37	0	0	42	2330
PR00622	HISTONEH3	1.00000000000335	3.35049824685177e-12	9	0	0	42	2330
PR00326	GTP1OBG	1.00000000000335	3.35049824685177e-12	9	0	0	42	2330
PR00027	PAIREDBOX	1.00000000000335	3.35049824685177e-12	9	0	0	42	2330
PR01084	NAHEXCHNGR	1.00000000000335	3.35049824685177e-12	9	0	0	42	2330
PR00783	MINTRINSICP	1.00000000000335	3.35049824685177e-12	9	0	0	42	2330
PR00724	CRBOXYPTASEC	1.00000000000335	3.35049824685177e-12	9	0	0	42	2330
PR00304	TCOMPLEXTCP1	1.00000000000335	3.35049824685177e-12	9	0	0	42	2330
PR00261	LDLRECEPTOR	1.00000000000338	3.3845466426223e-12	15	0	0	42	2330
PR00926	MITOCARRIER	1.00000000000354	3.53613670242317e-12	16	0	0	42	2330
PR01161	TUBULIN	1.00000000000354	3.53613670242317e-12	16	0	0	42	2330
PR01415	ANKYRIN	1.00000000000354	3.53613670242317e-12	16	0	0	42	2330
PR01231	HCO3TRNSPORT	1.00000000000391	3.90502789229606e-12	4	0	0	42	2330
PR00078	G3PDHDRGNASE	1.00000000000391	3.90502789229606e-12	4	0	0	42	2330
PR00300	CLPPROTEASEA	1.00000000000391	3.90502789229606e-12	4	0	0	42	2330
PR00050	COLDSHOCK	1.00000000000391	3.90502789229606e-12	4	0	0	42	2330
PR00853	XPGRADSUPER	1.00000000000391	3.90502789229606e-12	4	0	0	42	2330
PR00843	GLHYDRLASE30	1.00000000000391	3.90502789229606e-12	4	0	0	42	2330
PR01042	TRNASYNTHASP	1.00000000000391	3.90502789229606e-12	4	0	0	42	2330
PR00929	ATHOOK	1.00000000000391	3.90502789229606e-12	4	0	0	42	2330
PR02008	RCMTFAMILY	1.00000000000391	3.90502789229606e-12	4	0	0	42	2330
PR00716	MPIPHPHTASE	1.00000000000391	3.90502789229606e-12	4	0	0	42	2330
PR00621	HISTONEH2B	1.00000000000391	3.90502789229606e-12	4	0	0	42	2330
PR00878	CHOLNESTRASE	1.00000000000391	3.90502789229606e-12	4	0	0	42	2330
PR02095	TRNSPORTRHRG	1.00000000000391	3.90502789229606e-12	4	0	0	42	2330
PR00314	CLATHRINADPT	1.00000000000391	3.90502789229606e-12	4	0	0	42	2330
PR00363	CYTOCHROMEB5	1.00000000000391	3.90502789229606e-12	4	0	0	42	2330
PR00697	TMPROTEINSRA	1.00000000000392	3.92221663686871e-12	29	0	0	42	2330
PR00398	STRDHORMONER	1.00000000000537	5.37459859701185e-12	43	0	0	42	2330
PR00700	PRTYPHPHTASE	1.00000000000566	5.66047206390888e-12	57	0	0	42	2330
PR00480	ASTACIN	1.00000000000585	5.85136179643091e-12	39	0	0	42	2330
PR00698	TMPROTEINSRG	1.00000000000585	5.85136179643091e-12	39	0	0	42	2330
PR00080	SDRFAMILY	1.00000000000629	6.29320296247888e-12	48	0	0	42	2330
PR00114	STPHPHTASE	1.00000000000772	7.71756242330669e-12	45	0	0	42	2330
PR00109	TYRKINASE	1.00000000001173	1.17311726286088e-11	70	0	0	42	2330
PR00081	GDHRDH	1.00000000001197	1.19650085548997e-11	72	0	0	42	2330
