TermID	Term	Enrichment	logP	Genes in Term	Target Genes in Term	Fraction of Targets in Term	Total Target Genes	Total Genes	Entrez Gene IDs	Gene Symbols
SM00896	FDX-ACB	0.00697503671074552	-4.96541768809924	1	1	0.0263157894736842	38	5448	180303	fars-2
SM01383	Ribosomal_L2	0.0139026938804277	-4.27567265327581	2	1	0.0263157894736842	38	5448	180343	rpl-2
SM01382	Ribosomal_L2_C	0.0139026938804277	-4.27567265327581	2	1	0.0263157894736842	38	5448	180343	rpl-2
SM00284	OLF	0.0207832847055806	-3.87360623527446	3	1	0.0263157894736842	38	5448	183582	cof-2
SM00353	HLH	0.0257141991183076	-3.66071194477428	36	2	0.0526315789473684	38	5448	183457,191703	hnd-1,lin-32
SM00727	STI1	0.0276171203678436	-3.58931939538479	4	1	0.0263157894736842	38	5448	176794	hip-1
SM00584	TLDc	0.0276171203678436	-3.58931939538479	4	1	0.0263157894736842	38	5448	175325	Y39A3CL.4
SM01052	CAP_GLY	0.0344045100494206	-3.36956761710863	5	1	0.0263157894736842	38	5448	176401	cyld-1
SM00861	Transket_pyr	0.0344045100494206	-3.36956761710863	5	1	0.0263157894736842	38	5448	177906	tkt-1
SM00091	PAS	0.0411457609439151	-3.19063437189411	6	1	0.0263157894736842	38	5448	179743	cky-1
SM00273	ENTH	0.0411457609439151	-3.19063437189411	6	1	0.0263157894736842	38	5448	171952	unc-11
SM00595	MADF	0.0610957232797458	-2.79531341067589	9	1	0.0263157894736842	38	5448	173019	madf-2
SM00430	HOLI	0.0945243216677342	-2.35889810545163	250	4	0.105263157894737	38	5448	180265,181705,186626,181263	nhr-79,nhr-28,nhr-143,daf-12
SM00399	ZnF_C4	0.0998977187799259	-2.30360842862413	255	4	0.105263157894737	38	5448	181705,181263,186626,180265	nhr-28,daf-12,nhr-143,nhr-79
SM00398	HMG	0.106086822345194	-2.24349744140375	16	1	0.0263157894736842	38	5448	175890	hmg-1.2
SM00336	BBOX	0.136930820374353	-1.98827944146078	21	1	0.0263157894736842	38	5448	173589	ZK1240.1
SM00389	HOX	0.143864590815827	-1.93888276336137	96	2	0.0526315789473684	38	5448	174544,181012	unc-4,ceh-14
SM00382	AAA	0.168319498858588	-1.78189132675075	106	2	0.0526315789473684	38	5448	171694,180691	haf-6,mrp-6
SM00132	LIM	0.189859151200614	-1.66147279119784	30	1	0.0263157894736842	38	5448	181012	ceh-14
SM00356	ZnF_C3H1	0.201184442783147	-1.60353316589742	32	1	0.0263157894736842	38	5448	180479	zfp-3
SM00131	KU	0.217883873622119	-1.52379304792946	35	1	0.0263157894736842	38	5448	176299	ZC84.6
SM00320	WD40	0.221643378125187	-1.50668559360308	127	2	0.0526315789473684	38	5448	172209,173152	tom-1,Y18D10A.9
SM00060	FN3	0.234243198442006	-1.4513953937515	38	1	0.0263157894736842	38	5448	172678	cle-1
SM00289	WR1	0.239621896863621	-1.42869302766942	39	1	0.0263157894736842	38	5448	176299	ZC84.6
SM00355	ZnF_C2H2	0.242379577527631	-1.41725027945994	135	2	0.0526315789473684	38	5448	183848,190578	scrt-1,Y71A12B.8
SM00028	TPR	0.271129957185184	-1.30515702623946	45	1	0.0263157894736842	38	5448	176794	hip-1
SM00054	EFh	0.311169743857381	-1.16741671551314	53	1	0.0263157894736842	38	5448	181399	F17E5.2
SM00256	FBOX	0.336045767806981	-1.09050791458392	171	2	0.0526315789473684	38	5448	180026,183320	fbxa-84,fbxa-176
SM01381	7TM_GPCR_Srsx	0.414722430434629	-0.880145824852448	76	1	0.0263157894736842	38	5448	181716	ser-1
SM00248	ANK	0.418862517482801	-0.870212533469438	77	1	0.0263157894736842	38	5448	190574	trp-4
SM00194	PTPc	0.422974084110939	-0.860444368689965	78	1	0.0263157894736842	38	5448	3565511	Y71G12B.31
SM00404	PTPc_motif	0.462562579671379	-0.770973423785301	88	1	0.0263157894736842	38	5448	3565511	Y71G12B.31
SM00184	RING	0.55031767013271	-0.597259585432467	113	1	0.0263157894736842	38	5448	173589	ZK1240.1
SM00225	BTB	0.590265683324662	-0.52718253272205	126	1	0.0263157894736842	38	5448	191125	ZC239.15
SM01088	Col_cuticle_N	0.669718484524364	-0.400897827245958	156	1	0.0263157894736842	38	5448	186210	col-9
SM00034	CLECT	0.768354772735047	-0.263503708832166	205	1	0.0263157894736842	38	5448	189338	clec-127
SM01065	CBM_2	0.999999999994414	-5.58639389630113e-12	2	0	0	38	5448
SM00436	TOP1Bc	0.999999999994414	-5.58639389630113e-12	2	0	0	38	5448
SM01114	CXC	0.999999999994414	-5.58639389630113e-12	2	0	0	38	5448
SM00573	HSA	0.999999999994414	-5.58639389630113e-12	2	0	0	38	5448
SM00517	PolyA	0.999999999994414	-5.58639389630113e-12	2	0	0	38	5448
SM00722	CASH	0.999999999994414	-5.58639389630113e-12	2	0	0	38	5448
SM01142	DSHCT	0.999999999994414	-5.58639389630113e-12	2	0	0	38	5448
SM01194	eRF1_1	0.999999999994414	-5.58639389630113e-12	2	0	0	38	5448
SM01340	DNA_mis_repair	0.999999999994414	-5.58639389630113e-12	2	0	0	38	5448
SM00836	DALR_1	0.999999999994414	-5.58639389630113e-12	2	0	0	38	5448
SM00311	PWI	0.999999999994414	-5.58639389630113e-12	2	0	0	38	5448
SM01008	Ald_Xan_dh_C	0.999999999994414	-5.58639389630113e-12	2	0	0	38	5448
SM00851	MGS	0.999999999994414	-5.58639389630113e-12	2	0	0	38	5448
SM00608	ACR	0.999999999994414	-5.58639389630113e-12	2	0	0	38	5448
SM00432	MADS	0.999999999994414	-5.58639389630113e-12	2	0	0	38	5448
SM00191	Int_alpha	0.999999999994414	-5.58639389630113e-12	2	0	0	38	5448
SM00695	DUSP	0.999999999994414	-5.58639389630113e-12	2	0	0	38	5448
SM00472	MIR	0.999999999994414	-5.58639389630113e-12	2	0	0	38	5448
SM01062	Ca_chan_IQ	0.999999999994414	-5.58639389630113e-12	2	0	0	38	5448
SM00460	TGc	0.999999999994414	-5.58639389630113e-12	2	0	0	38	5448
SM00947	Pro_CA	0.999999999994414	-5.58639389630113e-12	2	0	0	38	5448
SM00562	NDK	0.999999999994414	-5.58639389630113e-12	2	0	0	38	5448
SM00712	PUR	0.999999999994414	-5.58639389630113e-12	2	0	0	38	5448
SM00757	CRA	0.999999999994414	-5.58639389630113e-12	2	0	0	38	5448
SM00331	PP2C_SIG	0.999999999994414	-5.58639389630113e-12	2	0	0	38	5448
SM01003	AlaDh_PNT_N	0.999999999994414	-5.58639389630113e-12	2	0	0	38	5448
SM00662	RPOLD	0.999999999994414	-5.58639389630113e-12	2	0	0	38	5448
SM01200	FerA	0.999999999994414	-5.58639389630113e-12	2	0	0	38	5448
SM00299	CLH	0.999999999994414	-5.58639389630113e-12	2	0	0	38	5448
SM00736	CADG	0.999999999994414	-5.58639389630113e-12	2	0	0	38	5448
SM00592	BRK	0.999999999994414	-5.58639389630113e-12	2	0	0	38	5448
SM00873	B3_4	0.999999999994414	-5.58639389630113e-12	2	0	0	38	5448
SM00251	SAM_PNT	0.999999999994414	-5.58639389630113e-12	2	0	0	38	5448
SM01399	Sybindin	0.999999999994414	-5.58639389630113e-12	2	0	0	38	5448
SM00323	RasGAP	0.999999999994414	-5.58639389630113e-12	2	0	0	38	5448
SM01166	DUF1899	0.999999999994414	-5.58639389630113e-12	2	0	0	38	5448
SM00363	S4	0.999999999994414	-5.58639389630113e-12	2	0	0	38	5448
SM01132	DIL	0.999999999994414	-5.58639389630113e-12	2	0	0	38	5448
SM00384	AT_hook	0.999999999994414	-5.58639389630113e-12	2	0	0	38	5448
SM01270	Longin	0.999999999994414	-5.58639389630113e-12	2	0	0	38	5448
SM00785	AARP2CN	0.999999999994414	-5.58639389630113e-12	2	0	0	38	5448
SM00277	GRAN	0.999999999994414	-5.58639389630113e-12	2	0	0	38	5448
SM01127	DDHD	0.999999999994414	-5.58639389630113e-12	2	0	0	38	5448
SM01145	DUF1041	0.999999999994414	-5.58639389630113e-12	2	0	0	38	5448
SM00963	SRP54_N	0.999999999994414	-5.58639389630113e-12	2	0	0	38	5448
SM00594	UAS	0.999999999994414	-5.58639389630113e-12	2	0	0	38	5448
SM00307	ILWEQ	0.999999999994414	-5.58639389630113e-12	2	0	0	38	5448
SM00468	PreSET	0.999999999994414	-5.58639389630113e-12	2	0	0	38	5448
SM01370	TAFII55_N	0.999999999994414	-5.58639389630113e-12	2	0	0	38	5448
SM00500	SFM	0.999999999994414	-5.58639389630113e-12	2	0	0	38	5448
SM01246	Josephin	0.999999999994414	-5.58639389630113e-12	2	0	0	38	5448
SM01336	zf-PARP	0.999999999994414	-5.58639389630113e-12	2	0	0	38	5448
SM00992	YccV-like	0.999999999994414	-5.58639389630113e-12	2	0	0	38	5448
SM00467	GS	0.999999999994414	-5.58639389630113e-12	2	0	0	38	5448
SM00907	GDNF	0.999999999994414	-5.58639389630113e-12	2	0	0	38	5448
SM01339	NODP	0.999999999994414	-5.58639389630113e-12	2	0	0	38	5448
SM00043	CY	0.999999999994414	-5.58639389630113e-12	2	0	0	38	5448
SM00661	RPOL9	0.999999999994414	-5.58639389630113e-12	2	0	0	38	5448
SM00253	SOCS	0.999999999994414	-5.58639389630113e-12	2	0	0	38	5448
SM00891	ERCC4	0.999999999994414	-5.58639389630113e-12	2	0	0	38	5448
SM00955	RNB	0.999999999994414	-5.58639389630113e-12	2	0	0	38	5448
SM01269	Lipid_DES	0.999999999994414	-5.58639389630113e-12	2	0	0	38	5448
SM01338	NOD	0.999999999994414	-5.58639389630113e-12	2	0	0	38	5448
SM01141	DRY_EERY	0.999999999994414	-5.58639389630113e-12	2	0	0	38	5448
SM00559	Ku78	0.999999999994414	-5.58639389630113e-12	2	0	0	38	5448
SM00086	PAC	0.999999999994414	-5.58639389630113e-12	2	0	0	38	5448
SM00544	MA3	0.999999999994414	-5.58639389630113e-12	2	0	0	38	5448
SM00561	MBT	0.999999999994414	-5.58639389630113e-12	2	0	0	38	5448
SM00888	EF1_GNE	0.999999999994414	-5.58639389630113e-12	2	0	0	38	5448
SM00751	BSD	0.999999999994414	-5.58639389630113e-12	2	0	0	38	5448
SM00313	PXA	0.999999999994414	-5.58639389630113e-12	2	0	0	38	5448
SM00415	HSF	0.999999999994414	-5.58639389630113e-12	2	0	0	38	5448
SM01415	DUF106	0.999999999994414	-5.58639389630113e-12	2	0	0	38	5448
SM00437	TOP1Ac	0.999999999994414	-5.58639389630113e-12	2	0	0	38	5448
SM00391	MBD	0.999999999994414	-5.58639389630113e-12	2	0	0	38	5448
SM00394	RIIa	0.999999999994414	-5.58639389630113e-12	2	0	0	38	5448
SM00962	SRP54	0.999999999994414	-5.58639389630113e-12	2	0	0	38	5448
SM01201	FerB	0.999999999994414	-5.58639389630113e-12	2	0	0	38	5448
SM00111	C4	0.999999999994414	-5.58639389630113e-12	2	0	0	38	5448
SM00535	RIBOc	0.999999999994414	-5.58639389630113e-12	2	0	0	38	5448
SM01146	DUF1086	0.999999999994414	-5.58639389630113e-12	2	0	0	38	5448
SM00732	YqgFc	0.999999999994414	-5.58639389630113e-12	2	0	0	38	5448
SM00202	SR	0.999999999994414	-5.58639389630113e-12	2	0	0	38	5448
SM01326	PTEN_C2	0.999999999994414	-5.58639389630113e-12	2	0	0	38	5448
SM01010	AMPKBI	0.999999999994414	-5.58639389630113e-12	2	0	0	38	5448
SM00671	SEL1	0.999999999994414	-5.58639389630113e-12	2	0	0	38	5448
SM01182	EF-1_beta_acid	0.999999999994414	-5.58639389630113e-12	2	0	0	38	5448
SM00302	GED	0.999999999994414	-5.58639389630113e-12	2	0	0	38	5448
SM00755	Grip	0.999999999994414	-5.58639389630113e-12	2	0	0	38	5448
SM01002	AlaDh_PNT_C	0.999999999994414	-5.58639389630113e-12	2	0	0	38	5448
SM00101	14_3_3	0.999999999994414	-5.58639389630113e-12	2	0	0	38	5448
SM00153	VHP	0.999999999994414	-5.58639389630113e-12	2	0	0	38	5448
SM00956	RQC	0.999999999994414	-5.58639389630113e-12	2	0	0	38	5448
SM00167	VPS9	0.999999999994414	-5.58639389630113e-12	2	0	0	38	5448
SM01070	CDC37_M	0.999999999994414	-5.58639389630113e-12	2	0	0	38	5448
SM01271	LSM14	0.999999999994414	-5.58639389630113e-12	2	0	0	38	5448
SM01376	eIF-5a	0.999999999994414	-5.58639389630113e-12	2	0	0	38	5448
SM00652	eIF1a	0.999999999994414	-5.58639389630113e-12	2	0	0	38	5448
SM00521	CBF	0.999999999994414	-5.58639389630113e-12	2	0	0	38	5448
SM00580	PUG	0.999999999994414	-5.58639389630113e-12	2	0	0	38	5448
SM00144	PI3K_rbd	0.999999999994414	-5.58639389630113e-12	2	0	0	38	5448
SM00482	POLAc	0.999999999994414	-5.58639389630113e-12	2	0	0	38	5448
SM00442	FGF	0.999999999994414	-5.58639389630113e-12	2	0	0	38	5448
SM00545	JmjN	0.999999999994414	-5.58639389630113e-12	2	0	0	38	5448
SM00978	Tim44	0.999999999994414	-5.58639389630113e-12	2	0	0	38	5448
SM00493	TOPRIM	0.999999999994414	-5.58639389630113e-12	2	0	0	38	5448
SM00576	BTP	0.999999999994414	-5.58639389630113e-12	2	0	0	38	5448
SM00114	CARD	0.999999999994414	-5.58639389630113e-12	2	0	0	38	5448
SM00438	ZnF_NFX	0.999999999994414	-5.58639389630113e-12	2	0	0	38	5448
SM01378	Romo1	0.999999999994414	-5.58639389630113e-12	2	0	0	38	5448
SM00160	RanBD	0.999999999994414	-5.58639389630113e-12	2	0	0	38	5448
SM00881	CoA_binding	0.999999999994414	-5.58639389630113e-12	2	0	0	38	5448
SM00960	Robl_LC7	0.999999999994414	-5.58639389630113e-12	2	0	0	38	5448
SM00259	ZnF_A20	0.999999999994414	-5.58639389630113e-12	2	0	0	38	5448
SM01263	Leuk-A4-hydro_C	0.999999999994414	-5.58639389630113e-12	2	0	0	38	5448
SM01011	AMP_N	0.999999999994414	-5.58639389630113e-12	2	0	0	38	5448
SM00300	ChSh	0.999999999994414	-5.58639389630113e-12	2	0	0	38	5448
SM01407	NAC	0.999999999994414	-5.58639389630113e-12	2	0	0	38	5448
SM01147	DUF1087	0.999999999994414	-5.58639389630113e-12	2	0	0	38	5448
SM00981	THUMP	0.999999999994414	-5.58639389630113e-12	2	0	0	38	5448
SM00004	NL	0.999999999994414	-5.58639389630113e-12	2	0	0	38	5448
SM01362	DUF663	0.999999999994414	-5.58639389630113e-12	2	0	0	38	5448
SM00650	rADc	0.999999999994414	-5.58639389630113e-12	2	0	0	38	5448
SM01283	Costars	0.999999999994414	-5.58639389630113e-12	2	0	0	38	5448
SM00200	SEA	0.999999999994414	-5.58639389630113e-12	2	0	0	38	5448
SM01374	Ribosomal_L14	0.999999999994414	-5.58639389630113e-12	2	0	0	38	5448
SM00018	PD	0.999999999994414	-5.58639389630113e-12	2	0	0	38	5448
SM00731	SprT	0.999999999994414	-5.58639389630113e-12	2	0	0	38	5448
SM00649	RL11	0.999999999994414	-5.58639389630113e-12	2	0	0	38	5448
SM00223	APPLE	0.999999999994414	-5.58639389630113e-12	2	0	0	38	5448
SM00572	DZF	0.999999999994414	-5.58639389630113e-12	2	0	0	38	5448
SM00775	LNS2	0.999999999994414	-5.58639389630113e-12	2	0	0	38	5448
SM00893	ETF	0.999999999994414	-5.58639389630113e-12	2	0	0	38	5448
SM01390	Ribosomal_S4	0.999999999994414	-5.58639389630113e-12	2	0	0	38	5448
SM00214	VWC	0.999999999994414	-5.58639389630113e-12	2	0	0	38	5448
SM00308	LH2	0.999999999994414	-5.58639389630113e-12	2	0	0	38	5448
SM01086	ClpB_D2-small	0.999999999994414	-5.58639389630113e-12	2	0	0	38	5448
SM00065	GAF	0.999999999994414	-5.58639389630113e-12	2	0	0	38	5448
SM01072	CDC48_2	0.999999999994414	-5.58639389630113e-12	2	0	0	38	5448
SM00657	RPOL4c	0.999999999994414	-5.58639389630113e-12	2	0	0	38	5448
SM01084	CKS	0.999999999994414	-5.58639389630113e-12	2	0	0	38	5448
SM00255	TIR	0.999999999994414	-5.58639389630113e-12	2	0	0	38	5448
SM00238	BIR	0.999999999994414	-5.58639389630113e-12	2	0	0	38	5448
SM00513	SAP	0.999999999995639	-4.36114472147903e-12	7	0	0	38	5448
SM00182	CULLIN	0.999999999995639	-4.36114472147903e-12	7	0	0	38	5448
SM00386	HAT	0.999999999995639	-4.36114472147903e-12	7	0	0	38	5448
SM00948	Proteasome_A_N	0.999999999995639	-4.36114472147903e-12	7	0	0	38	5448
SM00523	DWA	0.999999999995639	-4.36114472147903e-12	7	0	0	38	5448
SM00216	VWD	0.999999999995639	-4.36114472147903e-12	7	0	0	38	5448
SM00165	UBA	0.999999999995639	-4.36114472147903e-12	7	0	0	38	5448
SM00498	FH2	0.999999999995639	-4.36114472147903e-12	7	0	0	38	5448
SM00744	RINGv	0.999999999995639	-4.36114472147903e-12	7	0	0	38	5448
SM00664	DoH	0.999999999995639	-4.36114472147903e-12	7	0	0	38	5448
SM00032	CCP	0.999999999995639	-4.36114472147903e-12	7	0	0	38	5448
SM00232	JAB_MPN	0.999999999995639	-4.36114472147903e-12	7	0	0	38	5448
SM00150	SPEC	0.999999999995639	-4.36114472147903e-12	7	0	0	38	5448
SM00396	ZnF_UBR1	0.999999999995639	-4.36114472147903e-12	7	0	0	38	5448
SM00526	H15	0.999999999995639	-4.36114472147903e-12	7	0	0	38	5448
SM00234	START	0.999999999995639	-4.36114472147903e-12	7	0	0	38	5448
SM00055	FCH	0.999999999995639	-4.36114472147903e-12	7	0	0	38	5448
SM00343	ZnF_C2HC	0.999999999997286	-2.71358228251632e-12	11	0	0	38	5448
SM00180	EGF_Lam	0.999999999997286	-2.71358228251632e-12	11	0	0	38	5448
SM00847	HA2	0.999999999997286	-2.71358228251632e-12	11	0	0	38	5448
SM00025	Pumilio	0.999999999997286	-2.71358228251632e-12	11	0	0	38	5448
SM00244	PHB	0.999999999997286	-2.71358228251632e-12	11	0	0	38	5448
SM00647	IBR	0.999999999997286	-2.71358228251632e-12	11	0	0	38	5448
SM00312	PX	0.999999999997286	-2.71358228251632e-12	11	0	0	38	5448
SM00449	SPRY	0.999999999997286	-2.71358228251632e-12	11	0	0	38	5448
SM00112	CA	0.999999999997286	-2.71358228251632e-12	11	0	0	38	5448
SM00831	Cation_ATPase_N	0.999999999997286	-2.71358228251632e-12	11	0	0	38	5448
SM00268	ACTIN	0.999999999997286	-2.71358228251632e-12	11	0	0	38	5448
SM00301	DM	0.999999999997286	-2.71358228251632e-12	11	0	0	38	5448
SM00332	PP2Cc	0.999999999997286	-2.71358228251632e-12	11	0	0	38	5448
SM00204	TGFB	0.999999999997291	-2.70869422692404e-12	5	0	0	38	5448
SM00222	Sec7	0.999999999997291	-2.70869422692404e-12	5	0	0	38	5448
SM00739	KOW	0.999999999997291	-2.70869422692404e-12	5	0	0	38	5448
SM00879	Brix	0.999999999997291	-2.70869422692404e-12	5	0	0	38	5448
SM00097	WNT1	0.999999999997291	-2.70869422692404e-12	5	0	0	38	5448
SM00205	THN	0.999999999997291	-2.70869422692404e-12	5	0	0	38	5448
SM00800	uDENN	0.999999999997291	-2.70869422692404e-12	5	0	0	38	5448
SM00730	PSN	0.999999999997291	-2.70869422692404e-12	5	0	0	38	5448
SM00503	SynN	0.999999999997291	-2.70869422692404e-12	5	0	0	38	5448
SM00186	FBG	0.999999999997291	-2.70869422692404e-12	5	0	0	38	5448
SM01163	DUF1785	0.999999999997291	-2.70869422692404e-12	5	0	0	38	5448
SM00290	ZnF_UBP	0.999999999997291	-2.70869422692404e-12	5	0	0	38	5448
SM00501	BRIGHT	0.999999999997291	-2.70869422692404e-12	5	0	0	38	5448
SM00502	BBC	0.999999999997291	-2.70869422692404e-12	5	0	0	38	5448
SM00120	HX	0.999999999997291	-2.70869422692404e-12	5	0	0	38	5448
SM00582	RPR	0.999999999997291	-2.70869422692404e-12	5	0	0	38	5448
SM00638	LPD_N	0.999999999997291	-2.70869422692404e-12	5	0	0	38	5448
SM00357	CSP	0.999999999997291	-2.70869422692404e-12	5	0	0	38	5448
SM00486	POLBc	0.999999999997291	-2.70869422692404e-12	5	0	0	38	5448
SM00878	Biotin_carb_C	0.999999999997291	-2.70869422692404e-12	5	0	0	38	5448
SM00799	DENN	0.999999999997291	-2.70869422692404e-12	5	0	0	38	5448
SM00721	BAR	0.999999999997291	-2.70869422692404e-12	5	0	0	38	5448
SM00005	DEATH	0.999999999997291	-2.70869422692404e-12	5	0	0	38	5448
SM01169	DUF1943	0.999999999997291	-2.70869422692404e-12	5	0	0	38	5448
SM01230	Gln-synt_C	0.999999999997291	-2.70869422692404e-12	5	0	0	38	5448
SM00036	CNH	0.999999999997291	-2.70869422692404e-12	5	0	0	38	5448
SM00414	H2A	0.999999999997291	-2.70869422692404e-12	5	0	0	38	5448
SM00423	PSI	0.999999999997291	-2.70869422692404e-12	5	0	0	38	5448
SM00801	dDENN	0.999999999997291	-2.70869422692404e-12	5	0	0	38	5448
SM00577	CPDc	0.999999999997291	-2.70869422692404e-12	5	0	0	38	5448
SM00461	WH1	0.999999999997291	-2.70869422692404e-12	5	0	0	38	5448
SM00128	IPPc	0.999999999997291	-2.70869422692404e-12	5	0	0	38	5448
SM00630	Sema	0.999999999997291	-2.70869422692404e-12	5	0	0	38	5448
SM00045	DAGKa	0.999999999997291	-2.70869422692404e-12	5	0	0	38	5448
SM00014	acidPPc	0.999999999997291	-2.70869422692404e-12	5	0	0	38	5448
SM00670	PINc	0.999999999997291	-2.70869422692404e-12	5	0	0	38	5448
SM00136	LamNT	0.999999999997291	-2.70869422692404e-12	5	0	0	38	5448
SM00063	FRI	0.999999999997291	-2.70869422692404e-12	5	0	0	38	5448
SM00710	PbH1	0.999999999997291	-2.70869422692404e-12	5	0	0	38	5448
SM00367	LRR_CC	0.999999999997291	-2.70869422692404e-12	5	0	0	38	5448
SM00968	SMC_hinge	0.999999999997291	-2.70869422692404e-12	5	0	0	38	5448
SM01411	Ephrin_rec_like	0.999999999997291	-2.70869422692404e-12	5	0	0	38	5448
SM00257	LysM	0.999999999997291	-2.70869422692404e-12	5	0	0	38	5448
SM00614	ZnF_BED	0.999999999997291	-2.70869422692404e-12	5	0	0	38	5448
SM00233	PH	0.999999999997388	-2.61194309508454e-12	66	0	0	38	5448
SM00636	Glyco_18	0.99999999999769	-2.30999656956403e-12	31	0	0	38	5448
SM00109	C1	0.99999999999769	-2.30999656956403e-12	31	0	0	38	5448
SM00864	Tubulin	0.999999999997878	-2.12167553763708e-12	16	0	0	38	5448
SM00462	PTB	0.999999999997878	-2.12167553763708e-12	16	0	0	38	5448
SM00064	FYVE	0.999999999997878	-2.12167553763708e-12	16	0	0	38	5448
SM00717	SANT	0.999999999997878	-2.12167553763708e-12	16	0	0	38	5448
SM00934	OMPdecase	0.999999999998263	-1.73723795765524e-12	1	0	0	38	5448
SM01272	LsmAD	0.999999999998263	-1.73723795765524e-12	1	0	0	38	5448
SM00946	ProRS-C_1	0.999999999998263	-1.73723795765524e-12	1	0	0	38	5448
SM01254	KLRAQ	0.999999999998263	-1.73723795765524e-12	1	0	0	38	5448
SM00892	Endonuclease_NS	0.999999999998263	-1.73723795765524e-12	1	0	0	38	5448
SM00859	Semialdhyde_dh	0.999999999998263	-1.73723795765524e-12	1	0	0	38	5448
SM01183	EF1G	0.999999999998263	-1.73723795765524e-12	1	0	0	38	5448
SM00643	C345C	0.999999999998263	-1.73723795765524e-12	1	0	0	38	5448
SM00932	Nfu_N	0.999999999998263	-1.73723795765524e-12	1	0	0	38	5448
SM00654	eIF6	0.999999999998263	-1.73723795765524e-12	1	0	0	38	5448
SM01293	DUF3402	0.999999999998263	-1.73723795765524e-12	1	0	0	38	5448
SM00143	PI3K_p85B	0.999999999998263	-1.73723795765524e-12	1	0	0	38	5448
SM01092	CO_deh_flav_C	0.999999999998263	-1.73723795765524e-12	1	0	0	38	5448
SM00808	FABD	0.999999999998263	-1.73723795765524e-12	1	0	0	38	5448
SM00250	PLEC	0.999999999998263	-1.73723795765524e-12	1	0	0	38	5448
SM00187	INB	0.999999999998263	-1.73723795765524e-12	1	0	0	38	5448
SM01069	CDC37_C	0.999999999998263	-1.73723795765524e-12	1	0	0	38	5448
SM00761	HDAC_interact	0.999999999998263	-1.73723795765524e-12	1	0	0	38	5448
SM01285	FACT-Spt16_Nlob	0.999999999998263	-1.73723795765524e-12	1	0	0	38	5448
SM00929	NADH-G_4Fe-4S_3	0.999999999998263	-1.73723795765524e-12	1	0	0	38	5448
SM00505	Knot1	0.999999999998263	-1.73723795765524e-12	1	0	0	38	5448
SM01360	A2M	0.999999999998263	-1.73723795765524e-12	1	0	0	38	5448
SM00208	TNFR	0.999999999998263	-1.73723795765524e-12	1	0	0	38	5448
SM00692	DM3	0.999999999998263	-1.73723795765524e-12	1	0	0	38	5448
SM01144	DTW	0.999999999998263	-1.73723795765524e-12	1	0	0	38	5448
SM01033	BING4CT	0.999999999998263	-1.73723795765524e-12	1	0	0	38	5448
SM00826	PKS_DH	0.999999999998263	-1.73723795765524e-12	1	0	0	38	5448
SM00711	TDU	0.999999999998263	-1.73723795765524e-12	1	0	0	38	5448
SM01128	DDRGK	0.999999999998263	-1.73723795765524e-12	1	0	0	38	5448
SM00530	HTH_XRE	0.999999999998263	-1.73723795765524e-12	1	0	0	38	5448
SM01220	FSA_C	0.999999999998263	-1.73723795765524e-12	1	0	0	38	5448
SM01044	Btz	0.999999999998263	-1.73723795765524e-12	1	0	0	38	5448
SM00951	QLQ	0.999999999998263	-1.73723795765524e-12	1	0	0	38	5448
SM01249	KASH	0.999999999998263	-1.73723795765524e-12	1	0	0	38	5448
SM01396	BC10	0.999999999998263	-1.73723795765524e-12	1	0	0	38	5448
SM00536	AXH	0.999999999998263	-1.73723795765524e-12	1	0	0	38	5448
SM00265	BH4	0.999999999998263	-1.73723795765524e-12	1	0	0	38	5448
SM01074	Cdc6_C	0.999999999998263	-1.73723795765524e-12	1	0	0	38	5448
SM01031	BHD_2	0.999999999998263	-1.73723795765524e-12	1	0	0	38	5448
SM01387	Ribosomal_S15	0.999999999998263	-1.73723795765524e-12	1	0	0	38	5448
SM01120	Dak2	0.999999999998263	-1.73723795765524e-12	1	0	0	38	5448
SM00709	Zpr1	0.999999999998263	-1.73723795765524e-12	1	0	0	38	5448
SM01071	CDC37_N	0.999999999998263	-1.73723795765524e-12	1	0	0	38	5448
SM00078	IlGF	0.999999999998263	-1.73723795765524e-12	1	0	0	38	5448
SM01413	Ribosomal_S19e	0.999999999998263	-1.73723795765524e-12	1	0	0	38	5448
SM00698	MORN	0.999999999998263	-1.73723795765524e-12	1	0	0	38	5448
SM00996	AdoHcyase	0.999999999998263	-1.73723795765524e-12	1	0	0	38	5448
SM01359	A2M_N_2	0.999999999998263	-1.73723795765524e-12	1	0	0	38	5448
SM01398	Cornichon	0.999999999998263	-1.73723795765524e-12	1	0	0	38	5448
SM00788	Adenylsucc_synt	0.999999999998263	-1.73723795765524e-12	1	0	0	38	5448
SM00997	AdoHcyase_NAD	0.999999999998263	-1.73723795765524e-12	1	0	0	38	5448
SM01393	Ribosomal_L32e	0.999999999998263	-1.73723795765524e-12	1	0	0	38	5448
SM01035	BOP1NT	0.999999999998263	-1.73723795765524e-12	1	0	0	38	5448
SM01153	DUF1693	0.999999999998263	-1.73723795765524e-12	1	0	0	38	5448
SM00095	TR_THY	0.999999999998263	-1.73723795765524e-12	1	0	0	38	5448
SM01124	DBR1	0.999999999998263	-1.73723795765524e-12	1	0	0	38	5448
SM01291	N-SET	0.999999999998263	-1.73723795765524e-12	1	0	0	38	5448
SM00811	Alpha_kinase	0.999999999998263	-1.73723795765524e-12	1	0	0	38	5448
SM01278	MAPKK1_Int	0.999999999998263	-1.73723795765524e-12	1	0	0	38	5448
SM01355	AP3B1_C	0.999999999998263	-1.73723795765524e-12	1	0	0	38	5448
SM01267	LAG1_DNAbind	0.999999999998263	-1.73723795765524e-12	1	0	0	38	5448
SM01173	DUF4187	0.999999999998263	-1.73723795765524e-12	1	0	0	38	5448
SM00426	TEA	0.999999999998263	-1.73723795765524e-12	1	0	0	38	5448
SM01192	Enolase_C	0.999999999998263	-1.73723795765524e-12	1	0	0	38	5448
SM01368	RB_A	0.999999999998263	-1.73723795765524e-12	1	0	0	38	5448
SM00506	A1pp	0.999999999998263	-1.73723795765524e-12	1	0	0	38	5448
SM01241	Integrin_b_cyt	0.999999999998263	-1.73723795765524e-12	1	0	0	38	5448
SM01186	eIF3_N	0.999999999998263	-1.73723795765524e-12	1	0	0	38	5448
SM01250	KAT11	0.999999999998263	-1.73723795765524e-12	1	0	0	38	5448
SM00615	EPH_lbd	0.999999999998263	-1.73723795765524e-12	1	0	0	38	5448
SM01206	Fibrillarin	0.999999999998263	-1.73723795765524e-12	1	0	0	38	5448
SM01281	Med12	0.999999999998263	-1.73723795765524e-12	1	0	0	38	5448
SM00990	VRR_NUC	0.999999999998263	-1.73723795765524e-12	1	0	0	38	5448
SM00737	ML	0.999999999998263	-1.73723795765524e-12	1	0	0	38	5448
SM01076	CG-1	0.999999999998263	-1.73723795765524e-12	1	0	0	38	5448
SM01000	Aha1_N	0.999999999998263	-1.73723795765524e-12	1	0	0	38	5448
SM01350	6PGD	0.999999999998263	-1.73723795765524e-12	1	0	0	38	5448
SM01180	DWNN	0.999999999998263	-1.73723795765524e-12	1	0	0	38	5448
SM01198	FBA	0.999999999998263	-1.73723795765524e-12	1	0	0	38	5448
SM00417	H4	0.999999999998263	-1.73723795765524e-12	1	0	0	38	5448
SM00515	eIF5C	0.999999999998263	-1.73723795765524e-12	1	0	0	38	5448
SM00883	Cpn10	0.999999999998263	-1.73723795765524e-12	1	0	0	38	5448
SM00310	PTBI	0.999999999998263	-1.73723795765524e-12	1	0	0	38	5448
SM01313	Sec3-PIP2_bind	0.999999999998263	-1.73723795765524e-12	1	0	0	38	5448
SM01039	BRICHOS	0.999999999998263	-1.73723795765524e-12	1	0	0	38	5448
SM01371	TFIIA	0.999999999998263	-1.73723795765524e-12	1	0	0	38	5448
SM01361	A2M_recep	0.999999999998263	-1.73723795765524e-12	1	0	0	38	5448
SM01367	DUF3452	0.999999999998263	-1.73723795765524e-12	1	0	0	38	5448
SM00995	AD	0.999999999998263	-1.73723795765524e-12	1	0	0	38	5448
SM00870	Asparaginase	0.999999999998263	-1.73723795765524e-12	1	0	0	38	5448
SM00798	AICARFT_IMPCHas	0.999999999998263	-1.73723795765524e-12	1	0	0	38	5448
SM00919	Malic_M	0.999999999998263	-1.73723795765524e-12	1	0	0	38	5448
SM01179	DUF862	0.999999999998263	-1.73723795765524e-12	1	0	0	38	5448
SM01028	Beta-TrCP_D	0.999999999998263	-1.73723795765524e-12	1	0	0	38	5448
SM00542	FYRC	0.999999999998263	-1.73723795765524e-12	1	0	0	38	5448
SM00874	B5	0.999999999998263	-1.73723795765524e-12	1	0	0	38	5448
SM00567	EZ_HEAT	0.999999999998263	-1.73723795765524e-12	1	0	0	38	5448
SM01380	Ribosomal_L31e	0.999999999998263	-1.73723795765524e-12	1	0	0	38	5448
SM00742	Hr1	0.999999999998263	-1.73723795765524e-12	1	0	0	38	5448
SM00734	ZnF_Rad18	0.999999999998263	-1.73723795765524e-12	1	0	0	38	5448
SM00554	FAS1	0.999999999998263	-1.73723795765524e-12	1	0	0	38	5448
SM00937	PCRF	0.999999999998263	-1.73723795765524e-12	1	0	0	38	5448
SM00321	WSC	0.999999999998263	-1.73723795765524e-12	1	0	0	38	5448
SM01133	DeoC	0.999999999998263	-1.73723795765524e-12	1	0	0	38	5448
SM01083	Cir_N	0.999999999998263	-1.73723795765524e-12	1	0	0	38	5448
SM00750	KIND	0.999999999998263	-1.73723795765524e-12	1	0	0	38	5448
SM01051	CAMSAP_CKK	0.999999999998263	-1.73723795765524e-12	1	0	0	38	5448
SM00635	BID_2	0.999999999998263	-1.73723795765524e-12	1	0	0	38	5448
SM01020	B2-adapt-app_C	0.999999999998263	-1.73723795765524e-12	1	0	0	38	5448
SM00510	TFS2M	0.999999999998263	-1.73723795765524e-12	1	0	0	38	5448
SM01001	AIRC	0.999999999998263	-1.73723795765524e-12	1	0	0	38	5448
SM01405	Ribosomal_S6e	0.999999999998263	-1.73723795765524e-12	1	0	0	38	5448
SM00985	UBA_e1_C	0.999999999998263	-1.73723795765524e-12	1	0	0	38	5448
SM00967	SpoU_sub_bind	0.999999999998263	-1.73723795765524e-12	1	0	0	38	5448
SM01087	COG6	0.999999999998263	-1.73723795765524e-12	1	0	0	38	5448
SM00707	RPEL	0.999999999998263	-1.73723795765524e-12	1	0	0	38	5448
SM01024	BCS1_N	0.999999999998263	-1.73723795765524e-12	1	0	0	38	5448
SM01013	APC2	0.999999999998263	-1.73723795765524e-12	1	0	0	38	5448
SM00676	DM10	0.999999999998263	-1.73723795765524e-12	1	0	0	38	5448
SM00006	A4_EXTRA	0.999999999998263	-1.73723795765524e-12	1	0	0	38	5448
SM01118	CYTH	0.999999999998263	-1.73723795765524e-12	1	0	0	38	5448
SM00099	btg1	0.999999999998263	-1.73723795765524e-12	1	0	0	38	5448
SM01032	BHD_3	0.999999999998263	-1.73723795765524e-12	1	0	0	38	5448
SM01137	DMAP_binding	0.999999999998263	-1.73723795765524e-12	1	0	0	38	5448
SM01138	DP	0.999999999998263	-1.73723795765524e-12	1	0	0	38	5448
SM00121	IB	0.999999999998263	-1.73723795765524e-12	1	0	0	38	5448
SM01286	SPT16	0.999999999998263	-1.73723795765524e-12	1	0	0	38	5448
SM01265	Mab-21	0.999999999998263	-1.73723795765524e-12	1	0	0	38	5448
SM00541	FYRN	0.999999999998263	-1.73723795765524e-12	1	0	0	38	5448
SM00318	SNc	0.999999999998263	-1.73723795765524e-12	1	0	0	38	5448
SM00904	Flavokinase	0.999999999998263	-1.73723795765524e-12	1	0	0	38	5448
SM00928	NADH_4Fe-4S	0.999999999998263	-1.73723795765524e-12	1	0	0	38	5448
SM01122	DBC1	0.999999999998263	-1.73723795765524e-12	1	0	0	38	5448
SM01104	CTD	0.999999999998263	-1.73723795765524e-12	1	0	0	38	5448
SM01214	Fmp27_GFWDK	0.999999999998263	-1.73723795765524e-12	1	0	0	38	5448
SM01075	CDT1	0.999999999998263	-1.73723795765524e-12	1	0	0	38	5448
SM01308	RICTOR_N	0.999999999998263	-1.73723795765524e-12	1	0	0	38	5448
SM01253	Kin17_mid	0.999999999998263	-1.73723795765524e-12	1	0	0	38	5448
SM00803	TAF	0.999999999998263	-1.73723795765524e-12	1	0	0	38	5448
SM01347	Mre11_DNA_bind	0.999999999998263	-1.73723795765524e-12	1	0	0	38	5448
SM00465	GIYc	0.999999999998263	-1.73723795765524e-12	1	0	0	38	5448
SM00762	Cog4	0.999999999998263	-1.73723795765524e-12	1	0	0	38	5448
SM01233	HABP4_PAI-RBP1	0.999999999998263	-1.73723795765524e-12	1	0	0	38	5448
SM01152	DUF167	0.999999999998263	-1.73723795765524e-12	1	0	0	38	5448
SM01268	BTD	0.999999999998263	-1.73723795765524e-12	1	0	0	38	5448
SM01310	RICTOR_V	0.999999999998263	-1.73723795765524e-12	1	0	0	38	5448
SM01386	Ribosomal_S13_N	0.999999999998263	-1.73723795765524e-12	1	0	0	38	5448
SM01311	RPOL_N	0.999999999998263	-1.73723795765524e-12	1	0	0	38	5448
SM01165	DUF1866	0.999999999998263	-1.73723795765524e-12	1	0	0	38	5448
SM01397	Ribosomal_S3Ae	0.999999999998263	-1.73723795765524e-12	1	0	0	38	5448
SM01036	BP28CT	0.999999999998263	-1.73723795765524e-12	1	0	0	38	5448
SM01136	DKCLD	0.999999999998263	-1.73723795765524e-12	1	0	0	38	5448
SM00983	TPK_B1_binding	0.999999999998263	-1.73723795765524e-12	1	0	0	38	5448
SM00293	PWWP	0.999999999998263	-1.73723795765524e-12	1	0	0	38	5448
SM01346	DUF3385	0.999999999998263	-1.73723795765524e-12	1	0	0	38	5448
SM00685	DM14	0.999999999998263	-1.73723795765524e-12	1	0	0	38	5448
SM01314	SnAC	0.999999999998263	-1.73723795765524e-12	1	0	0	38	5448
SM00882	CoA_trans	0.999999999998263	-1.73723795765524e-12	1	0	0	38	5448
SM00459	Sorb	0.999999999998263	-1.73723795765524e-12	1	0	0	38	5448
SM01389	Spt4	0.999999999998263	-1.73723795765524e-12	1	0	0	38	5448
SM00986	UDG	0.999999999998263	-1.73723795765524e-12	1	0	0	38	5448
SM01018	B12-binding_2	0.999999999998263	-1.73723795765524e-12	1	0	0	38	5448
SM00828	PKS_MT	0.999999999998263	-1.73723795765524e-12	1	0	0	38	5448
SM00659	RPOLCX	0.999999999998263	-1.73723795765524e-12	1	0	0	38	5448
SM00853	MutL_C	0.999999999998263	-1.73723795765524e-12	1	0	0	38	5448
SM01030	BHD_1	0.999999999998263	-1.73723795765524e-12	1	0	0	38	5448
SM01377	Ribosomal_L40e	0.999999999998263	-1.73723795765524e-12	1	0	0	38	5448
SM01181	E2_bind	0.999999999998263	-1.73723795765524e-12	1	0	0	38	5448
SM01385	DSS1_SEM1	0.999999999998263	-1.73723795765524e-12	1	0	0	38	5448
SM01077	Cg6151-P	0.999999999998263	-1.73723795765524e-12	1	0	0	38	5448
SM01098	CPSF73-100_C	0.999999999998263	-1.73723795765524e-12	1	0	0	38	5448
SM00509	TFS2N	0.999999999998263	-1.73723795765524e-12	1	0	0	38	5448
SM01296	N2227	0.999999999998263	-1.73723795765524e-12	1	0	0	38	5448
SM00684	DM15	0.999999999998263	-1.73723795765524e-12	1	0	0	38	5448
SM01307	RICTOR_M	0.999999999998263	-1.73723795765524e-12	1	0	0	38	5448
SM00683	DM16	0.999999999998263	-1.73723795765524e-12	1	0	0	38	5448
SM01102	CRM1_C	0.999999999998263	-1.73723795765524e-12	1	0	0	38	5448
SM01176	DUF4208	0.999999999998263	-1.73723795765524e-12	1	0	0	38	5448
SM01274	malic	0.999999999998263	-1.73723795765524e-12	1	0	0	38	5448
SM01416	Ribosomal_L19e	0.999999999998263	-1.73723795765524e-12	1	0	0	38	5448
SM00719	Plus3	0.999999999998263	-1.73723795765524e-12	1	0	0	38	5448
SM01097	CPSase_sm_chain	0.999999999998263	-1.73723795765524e-12	1	0	0	38	5448
SM01159	DUF1744	0.999999999998263	-1.73723795765524e-12	1	0	0	38	5448
SM01085	CK_II_beta	0.999999999998263	-1.73723795765524e-12	1	0	0	38	5448
SM00531	TFIIE	0.999999999998263	-1.73723795765524e-12	1	0	0	38	5448
SM01284	ECSIT_Cterm	0.999999999998263	-1.73723795765524e-12	1	0	0	38	5448
SM00278	HhH1	0.999999999998263	-1.73723795765524e-12	1	0	0	38	5448
SM01115	cwf21	0.999999999998263	-1.73723795765524e-12	1	0	0	38	5448
SM00206	NTR	0.999999999998263	-1.73723795765524e-12	1	0	0	38	5448
SM00553	SEP	0.999999999998263	-1.73723795765524e-12	1	0	0	38	5448
SM01199	FDF	0.999999999998263	-1.73723795765524e-12	1	0	0	38	5448
SM00469	WIF	0.999999999998263	-1.73723795765524e-12	1	0	0	38	5448
SM00804	TAP_C	0.999999999998263	-1.73723795765524e-12	1	0	0	38	5448
SM01100	CRAL_TRIO_N	0.999999999998263	-1.73723795765524e-12	1	0	0	38	5448
SM00658	RPOL8c	0.999999999998263	-1.73723795765524e-12	1	0	0	38	5448
SM01280	Mcm10	0.999999999998263	-1.73723795765524e-12	1	0	0	38	5448
SM01210	GARS_C	0.999999999998263	-1.73723795765524e-12	1	0	0	38	5448
SM00984	UDPG_MGDP_dh_C	0.999999999998263	-1.73723795765524e-12	1	0	0	38	5448
SM01402	Ribosomal_S27	0.999999999998263	-1.73723795765524e-12	1	0	0	38	5448
SM01016	Arg_tRNA_synt_N	0.999999999998263	-1.73723795765524e-12	1	0	0	38	5448
SM00518	AP2Ec	0.999999999998263	-1.73723795765524e-12	1	0	0	38	5448
SM01135	DIRP	0.999999999998263	-1.73723795765524e-12	1	0	0	38	5448
SM00478	ENDO3c	0.999999999998263	-1.73723795765524e-12	1	0	0	38	5448
SM01125	DCP2	0.999999999998263	-1.73723795765524e-12	1	0	0	38	5448
SM00706	TECPR	0.999999999998263	-1.73723795765524e-12	1	0	0	38	5448
SM00777	Mad3_BUB1_I	0.999999999998263	-1.73723795765524e-12	1	0	0	38	5448
SM01335	PADR1	0.999999999998263	-1.73723795765524e-12	1	0	0	38	5448
SM00062	PBPb	0.999999999998263	-1.73723795765524e-12	1	0	0	38	5448
SM00548	IRO	0.999999999998263	-1.73723795765524e-12	1	0	0	38	5448
SM01302	Raptor_N	0.999999999998263	-1.73723795765524e-12	1	0	0	38	5448
SM01219	Frataxin_Cyay	0.999999999998263	-1.73723795765524e-12	1	0	0	38	5448
SM01168	DUF1907	0.999999999998263	-1.73723795765524e-12	1	0	0	38	5448
SM00588	NEUZ	0.999999999998263	-1.73723795765524e-12	1	0	0	38	5448
SM01156	DUF1716	0.999999999998263	-1.73723795765524e-12	1	0	0	38	5448
SM00538	POP4	0.999999999998263	-1.73723795765524e-12	1	0	0	38	5448
SM00455	RBD	0.999999999998263	-1.73723795765524e-12	1	0	0	38	5448
SM00653	eIF2B_5	0.999999999998263	-1.73723795765524e-12	1	0	0	38	5448
SM00632	Aamy_C	0.999999999998263	-1.73723795765524e-12	1	0	0	38	5448
SM00549	TAFH	0.999999999998263	-1.73723795765524e-12	1	0	0	38	5448
SM00998	ADSL_C	0.999999999998263	-1.73723795765524e-12	1	0	0	38	5448
SM01047	C1_4	0.999999999998263	-1.73723795765524e-12	1	0	0	38	5448
SM00555	GIT	0.999999999998263	-1.73723795765524e-12	1	0	0	38	5448
SM01242	Integrin_B_tail	0.999999999998263	-1.73723795765524e-12	1	0	0	38	5448
SM00812	Alpha_L_fucos	0.999999999998263	-1.73723795765524e-12	1	0	0	38	5448
SM00738	NGN	0.999999999998263	-1.73723795765524e-12	1	0	0	38	5448
SM01273	Mago-bind	0.999999999998263	-1.73723795765524e-12	1	0	0	38	5448
SM01193	Enolase_N	0.999999999998263	-1.73723795765524e-12	1	0	0	38	5448
SM00477	NUC	0.999999999998263	-1.73723795765524e-12	1	0	0	38	5448
SM00226	LMWPc	0.999999999998263	-1.73723795765524e-12	1	0	0	38	5448
SM00733	Mterf	0.999999999998263	-1.73723795765524e-12	1	0	0	38	5448
SM01408	ING	0.999999999998263	-1.73723795765524e-12	1	0	0	38	5448
SM00152	THY	0.999999999998263	-1.73723795765524e-12	1	0	0	38	5448
SM01023	BAF	0.999999999998263	-1.73723795765524e-12	1	0	0	38	5448
SM00227	NEBU	0.999999999998263	-1.73723795765524e-12	1	0	0	38	5448
SM01123	DBP10CT	0.999999999998263	-1.73723795765524e-12	1	0	0	38	5448
SM01096	CPSase_L_D3	0.999999999998263	-1.73723795765524e-12	1	0	0	38	5448
SM00435	TOPEUc	0.999999999998263	-1.73723795765524e-12	1	0	0	38	5448
SM00839	ELFV_dehydrog	0.999999999998263	-1.73723795765524e-12	1	0	0	38	5448
SM00993	YL1_C	0.999999999998263	-1.73723795765524e-12	1	0	0	38	5448
SM01384	Ribosomal_L15e	0.999999999998263	-1.73723795765524e-12	1	0	0	38	5448
SM01292	N1221	0.999999999998263	-1.73723795765524e-12	1	0	0	38	5448
SM00746	TRASH	0.999999999998263	-1.73723795765524e-12	1	0	0	38	5448
SM00682	G2F	0.999999999998263	-1.73723795765524e-12	1	0	0	38	5448
SM01395	Tbf5	0.999999999998263	-1.73723795765524e-12	1	0	0	38	5448
SM01328	zf-3CxxC	0.999999999998263	-1.73723795765524e-12	1	0	0	38	5448
SM00061	MATH	0.999999999998582	-1.41831592399616e-12	75	0	0	38	5448
SM00666	PB1	0.999999999998649	-1.35098477064675e-12	4	0	0	38	5448
SM00335	ANX	0.999999999998649	-1.35098477064675e-12	4	0	0	38	5448
SM00050	DISIN	0.999999999998649	-1.35098477064675e-12	4	0	0	38	5448
SM00568	GRAM	0.999999999998649	-1.35098477064675e-12	4	0	0	38	5448
SM01195	FA	0.999999999998649	-1.35098477064675e-12	4	0	0	38	5448
SM00546	CUE	0.999999999998649	-1.35098477064675e-12	4	0	0	38	5448
SM00387	HATPase_c	0.999999999998649	-1.35098477064675e-12	4	0	0	38	5448
SM00102	ADF	0.999999999998649	-1.35098477064675e-12	4	0	0	38	5448
SM00485	XPGN	0.999999999998649	-1.35098477064675e-12	4	0	0	38	5448
SM01372	E2F_TDP	0.999999999998649	-1.35098477064675e-12	4	0	0	38	5448
SM00115	CASc	0.999999999998649	-1.35098477064675e-12	4	0	0	38	5448
SM00390	GoLoco	0.999999999998649	-1.35098477064675e-12	4	0	0	38	5448
SM00745	MIT	0.999999999998649	-1.35098477064675e-12	4	0	0	38	5448
SM00444	GYF	0.999999999998649	-1.35098477064675e-12	4	0	0	38	5448
SM00446	LRRcap	0.999999999998649	-1.35098477064675e-12	4	0	0	38	5448
SM00224	GGL	0.999999999998649	-1.35098477064675e-12	4	0	0	38	5448
SM00258	SAND	0.999999999998649	-1.35098477064675e-12	4	0	0	38	5448
SM01026	Beach	0.999999999998649	-1.35098477064675e-12	4	0	0	38	5448
SM00427	H2B	0.999999999998649	-1.35098477064675e-12	4	0	0	38	5448
SM00533	MUTSd	0.999999999998649	-1.35098477064675e-12	4	0	0	38	5448
SM01343	FATC	0.999999999998649	-1.35098477064675e-12	4	0	0	38	5448
SM00679	CTNS	0.999999999998649	-1.35098477064675e-12	4	0	0	38	5448
SM00440	ZnF_C2C2	0.999999999998649	-1.35098477064675e-12	4	0	0	38	5448
SM00678	WWE	0.999999999998649	-1.35098477064675e-12	4	0	0	38	5448
SM00288	VHS	0.999999999998649	-1.35098477064675e-12	4	0	0	38	5448
SM00429	IPT	0.999999999998649	-1.35098477064675e-12	4	0	0	38	5448
SM00474	35EXOc	0.999999999998649	-1.35098477064675e-12	4	0	0	38	5448
SM00889	EFG_IV	0.999999999998649	-1.35098477064675e-12	4	0	0	38	5448
SM00246	WH2	0.999999999998649	-1.35098477064675e-12	4	0	0	38	5448
SM00439	BAH	0.999999999998649	-1.35098477064675e-12	4	0	0	38	5448
SM00013	LRRNT	0.999999999998649	-1.35098477064675e-12	4	0	0	38	5448
SM00534	MUTSac	0.999999999998649	-1.35098477064675e-12	4	0	0	38	5448
SM00557	IG_FLMN	0.999999999998649	-1.35098477064675e-12	4	0	0	38	5448
SM01053	CaMBD	0.999999999998649	-1.35098477064675e-12	4	0	0	38	5448
SM00604	MD	0.999999999998649	-1.35098477064675e-12	4	0	0	38	5448
SM01027	Beta-Casp	0.999999999998649	-1.35098477064675e-12	4	0	0	38	5448
SM00217	WAP	0.999999999998649	-1.35098477064675e-12	4	0	0	38	5448
SM00281	LamB	0.999999999998649	-1.35098477064675e-12	4	0	0	38	5448
SM00913	IBN_N	0.999999999998649	-1.35098477064675e-12	4	0	0	38	5448
SM00674	CENPB	0.999999999998649	-1.35098477064675e-12	4	0	0	38	5448
SM00484	XPGI	0.999999999998649	-1.35098477064675e-12	4	0	0	38	5448
SM00846	Gp_dh_N	0.999999999998649	-1.35098477064675e-12	4	0	0	38	5448
SM01388	Mob1_phocein	0.999999999998649	-1.35098477064675e-12	4	0	0	38	5448
SM00642	Aamy	0.999999999998649	-1.35098477064675e-12	4	0	0	38	5448
SM00463	SMR	0.999999999998649	-1.35098477064675e-12	4	0	0	38	5448
SM00279	HhH2	0.999999999998649	-1.35098477064675e-12	4	0	0	38	5448
SM00145	PI3Ka	0.999999999998649	-1.35098477064675e-12	4	0	0	38	5448
SM01330	Frizzled	0.999999999998649	-1.35098477064675e-12	4	0	0	38	5448
SM00406	IGv	0.999999999998649	-1.35098477064675e-12	4	0	0	38	5448
SM00027	EH	0.999999999998649	-1.35098477064675e-12	4	0	0	38	5448
SM00231	FA58C	0.999999999998753	-1.24725289065681e-12	3	0	0	38	5448
SM00130	KR	0.999999999998753	-1.24725289065681e-12	3	0	0	38	5448
SM00270	ChtBD1	0.999999999998753	-1.24725289065681e-12	3	0	0	38	5448
SM00359	PUA	0.999999999998753	-1.24725289065681e-12	3	0	0	38	5448
SM01161	DUF1767	0.999999999998753	-1.24725289065681e-12	3	0	0	38	5448
SM00262	GEL	0.999999999998753	-1.24725289065681e-12	3	0	0	38	5448
SM01007	Aldolase_II	0.999999999998753	-1.24725289065681e-12	3	0	0	38	5448
SM00504	Ubox	0.999999999998753	-1.24725289065681e-12	3	0	0	38	5448
SM00931	NOSIC	0.999999999998753	-1.24725289065681e-12	3	0	0	38	5448
SM00980	THAP	0.999999999998753	-1.24725289065681e-12	3	0	0	38	5448
SM00151	SWIB	0.999999999998753	-1.24725289065681e-12	3	0	0	38	5448
SM00570	AWS	0.999999999998753	-1.24725289065681e-12	3	0	0	38	5448
SM00280	KAZAL	0.999999999998753	-1.24725289065681e-12	3	0	0	38	5448
SM00041	CT	0.999999999998753	-1.24725289065681e-12	3	0	0	38	5448
SM00142	PI3K_C2	0.999999999998753	-1.24725289065681e-12	3	0	0	38	5448
SM00863	tRNA_SAD	0.999999999998753	-1.24725289065681e-12	3	0	0	38	5448
SM00330	PIPKc	0.999999999998753	-1.24725289065681e-12	3	0	0	38	5448
SM01337	APC10	0.999999999998753	-1.24725289065681e-12	3	0	0	38	5448
SM00352	POU	0.999999999998753	-1.24725289065681e-12	3	0	0	38	5448
SM01178	DUF4217	0.999999999998753	-1.24725289065681e-12	3	0	0	38	5448
SM01287	Rtt106	0.999999999998753	-1.24725289065681e-12	3	0	0	38	5448
SM01060	Catalase	0.999999999998753	-1.24725289065681e-12	3	0	0	38	5448
SM00852	MoCF_biosynth	0.999999999998753	-1.24725289065681e-12	3	0	0	38	5448
SM00021	DAX	0.999999999998753	-1.24725289065681e-12	3	0	0	38	5448
SM00715	LA	0.999999999998753	-1.24725289065681e-12	3	0	0	38	5448
SM00464	LON	0.999999999998753	-1.24725289065681e-12	3	0	0	38	5448
SM00564	PQQ	0.999999999998753	-1.24725289065681e-12	3	0	0	38	5448
SM01073	CDC48_N	0.999999999998753	-1.24725289065681e-12	3	0	0	38	5448
SM01218	FoP_duplication	0.999999999998753	-1.24725289065681e-12	3	0	0	38	5448
SM00090	RIO	0.999999999998753	-1.24725289065681e-12	3	0	0	38	5448
SM00085	PA2c	0.999999999998753	-1.24725289065681e-12	3	0	0	38	5448
SM00166	UBX	0.999999999998753	-1.24725289065681e-12	3	0	0	38	5448
SM00218	ZU5	0.999999999998753	-1.24725289065681e-12	3	0	0	38	5448
SM01403	Ribosomal_S10	0.999999999998753	-1.24725289065681e-12	3	0	0	38	5448
SM00341	HRDC	0.999999999998753	-1.24725289065681e-12	3	0	0	38	5448
SM01041	BRO1	0.999999999998753	-1.24725289065681e-12	3	0	0	38	5448
SM00569	L27	0.999999999998753	-1.24725289065681e-12	3	0	0	38	5448
SM00735	ZM	0.999999999998753	-1.24725289065681e-12	3	0	0	38	5448
SM00571	DDT	0.999999999998753	-1.24725289065681e-12	3	0	0	38	5448
SM00552	ADEAMc	0.999999999998753	-1.24725289065681e-12	3	0	0	38	5448
SM00773	WGR	0.999999999998753	-1.24725289065681e-12	3	0	0	38	5448
SM01015	Arfaptin	0.999999999998753	-1.24725289065681e-12	3	0	0	38	5448
SM00053	DYNc	0.999999999998753	-1.24725289065681e-12	3	0	0	38	5448
SM00916	L51_S25_CI-B8	0.999999999998753	-1.24725289065681e-12	3	0	0	38	5448
SM00991	WHEP-TRS	0.999999999998753	-1.24725289065681e-12	3	0	0	38	5448
SM00261	FU	0.999999999998753	-1.24725289065681e-12	3	0	0	38	5448
SM00809	Alpha_adaptinC2	0.999999999998753	-1.24725289065681e-12	3	0	0	38	5448
SM00823	PKS_PP	0.999999999998753	-1.24725289065681e-12	3	0	0	38	5448
SM00648	SWAP	0.999999999998753	-1.24725289065681e-12	3	0	0	38	5448
SM00581	PSP	0.999999999998753	-1.24725289065681e-12	3	0	0	38	5448
SM00540	LEM	0.999999999998753	-1.24725289065681e-12	3	0	0	38	5448
SM00827	PKS_AT	0.999999999998753	-1.24725289065681e-12	3	0	0	38	5448
SM00686	DM13	0.999999999998753	-1.24725289065681e-12	3	0	0	38	5448
SM00237	Calx_beta	0.999999999998753	-1.24725289065681e-12	3	0	0	38	5448
SM01175	DUF4206	0.999999999998753	-1.24725289065681e-12	3	0	0	38	5448
SM00433	TOP2c	0.999999999998753	-1.24725289065681e-12	3	0	0	38	5448
SM00392	PROF	0.999999999998753	-1.24725289065681e-12	3	0	0	38	5448
SM00673	CARP	0.999999999998753	-1.24725289065681e-12	3	0	0	38	5448
SM00264	BAG	0.999999999998753	-1.24725289065681e-12	3	0	0	38	5448
SM00872	Alpha-mann_mid	0.999999999998753	-1.24725289065681e-12	3	0	0	38	5448
SM00726	UIM	0.999999999998753	-1.24725289065681e-12	3	0	0	38	5448
SM00488	DEXDc2	0.999999999998753	-1.24725289065681e-12	3	0	0	38	5448
SM00434	TOP4c	0.999999999998753	-1.24725289065681e-12	3	0	0	38	5448
SM00134	LU	0.999999999998753	-1.24725289065681e-12	3	0	0	38	5448
SM00704	ZnF_CDGSH	0.999999999998753	-1.24725289065681e-12	3	0	0	38	5448
SM00154	ZnF_AN1	0.999999999998753	-1.24725289065681e-12	3	0	0	38	5448
SM00694	DysFC	0.999999999998753	-1.24725289065681e-12	3	0	0	38	5448
SM00825	PKS_KS	0.999999999998753	-1.24725289065681e-12	3	0	0	38	5448
SM00663	RPOLA_N	0.999999999998753	-1.24725289065681e-12	3	0	0	38	5448
SM00441	FF	0.999999999998753	-1.24725289065681e-12	3	0	0	38	5448
SM00491	HELICc2	0.999999999998753	-1.24725289065681e-12	3	0	0	38	5448
SM01139	Drf_FH3	0.999999999998753	-1.24725289065681e-12	3	0	0	38	5448
SM00969	SOCS_box	0.999999999998753	-1.24725289065681e-12	3	0	0	38	5448
SM00693	DysFN	0.999999999998753	-1.24725289065681e-12	3	0	0	38	5448
SM00137	MAM	0.999999999998753	-1.24725289065681e-12	3	0	0	38	5448
SM00973	Sec63	0.999999999998753	-1.24725289065681e-12	3	0	0	38	5448
SM00139	MyTH4	0.999999999998753	-1.24725289065681e-12	3	0	0	38	5448
SM00393	R3H	0.999999999998753	-1.24725289065681e-12	3	0	0	38	5448
SM01140	Drf_GBD	0.999999999998753	-1.24725289065681e-12	3	0	0	38	5448
SM00723	AMOP	0.999999999998753	-1.24725289065681e-12	3	0	0	38	5448
SM00243	GAS2	0.999999999998753	-1.24725289065681e-12	3	0	0	38	5448
SM00072	GuKc	0.999999999998925	-1.07519347499131e-12	9	0	0	38	5448
SM00451	ZnF_U1	0.999999999998925	-1.07519347499131e-12	9	0	0	38	5448
SM01189	ELM2	0.999999999998925	-1.07519347499131e-12	9	0	0	38	5448
SM00015	IQ	0.999999999998925	-1.07519347499131e-12	9	0	0	38	5448
SM00314	RA	0.999999999998925	-1.07519347499131e-12	9	0	0	38	5448
SM01117	Cyt-b5	0.999999999998925	-1.07519347499131e-12	9	0	0	38	5448
SM00049	DEP	0.999999999998925	-1.07519347499131e-12	9	0	0	38	5448
SM00494	ChtBD2	0.999999999998925	-1.07519347499131e-12	9	0	0	38	5448
SM00328	BPI1	0.999999999998925	-1.07519347499131e-12	9	0	0	38	5448
SM00702	P4Hc	0.999999999998925	-1.07519347499131e-12	9	0	0	38	5448
SM00848	Inhibitor_I29	0.999999999998925	-1.07519347499131e-12	9	0	0	38	5448
SM00428	H3	0.999999999998925	-1.07519347499131e-12	9	0	0	38	5448
SM00079	PBPe	0.999999999998925	-1.07519347499131e-12	9	0	0	38	5448
SM00918	Lig_chan-Glu_bd	0.999999999998925	-1.07519347499131e-12	9	0	0	38	5448
SM00116	CBS	0.999999999998925	-1.07519347499131e-12	9	0	0	38	5448
SM00119	HECTc	0.999999999998925	-1.07519347499131e-12	9	0	0	38	5448
SM00471	HDc	0.999999999998925	-1.07519347499131e-12	9	0	0	38	5448
SM00724	TLC	0.999999999998925	-1.07519347499131e-12	9	0	0	38	5448
SM00230	CysPc	0.999999999999336	-6.6386937139435e-13	12	0	0	38	5448
SM00558	JmjC	0.999999999999336	-6.6386937139435e-13	12	0	0	38	5448
SM00829	PKS_ER	0.999999999999336	-6.6386937139435e-13	12	0	0	38	5448
SM00849	Lactamase_B	0.999999999999336	-6.6386937139435e-13	12	0	0	38	5448
SM00198	SCP	0.9999999999997	-2.99783422170517e-13	32	0	0	38	5448
SM00271	DnaJ	0.9999999999997	-2.99783422170517e-13	32	0	0	38	5448
SM00249	PHD	0.999999999999774	-2.25828963767516e-13	35	0	0	38	5448
SM00235	ZnMc	0.99999999999992	-8.03397553052297e-14	46	0	0	38	5448
SM00033	CH	1.0000000000003	2.9905326372741e-13	24	0	0	38	5448
SM00587	CHK	1.0000000000003	2.9905326372741e-13	24	0	0	38	5448
SM00326	SH3	1.00000000000124	1.24039222378851e-12	57	0	0	38	5448
SM00524	DWB	1.00000000000168	1.68405909896299e-12	8	0	0	38	5448
SM01190	EMP24_GP25L	1.00000000000168	1.68405909896299e-12	8	0	0	38	5448
SM00413	ETS	1.00000000000168	1.68405909896299e-12	8	0	0	38	5448
SM01349	TOG	1.00000000000168	1.68405909896299e-12	8	0	0	38	5448
SM00285	PBD	1.00000000000168	1.68405909896299e-12	8	0	0	38	5448
SM00458	RICIN	1.00000000000168	1.68405909896299e-12	8	0	0	38	5448
SM00147	RasGEF	1.00000000000168	1.68405909896299e-12	8	0	0	38	5448
SM00333	TUDOR	1.00000000000168	1.68405909896299e-12	8	0	0	38	5448
SM00358	DSRM	1.00000000000168	1.68405909896299e-12	8	0	0	38	5448
SM00082	LRRCT	1.00000000000168	1.68405909896299e-12	8	0	0	38	5448
SM00547	ZnF_RBZ	1.00000000000168	1.68405909896299e-12	8	0	0	38	5448
SM00667	LisH	1.00000000000168	1.68405909896299e-12	8	0	0	38	5448
SM00274	FOLN	1.00000000000168	1.68405909896299e-12	8	0	0	38	5448
SM00651	Sm	1.00000000000212	2.12466136187191e-12	17	0	0	38	5448
SM00454	SAM	1.00000000000212	2.12466136187191e-12	17	0	0	38	5448
SM00338	BRLZ	1.00000000000212	2.12466136187191e-12	17	0	0	38	5448
SM01048	C6	1.00000000000212	2.12466136187191e-12	17	0	0	38	5448
SM00192	LDLa	1.00000000000233	2.32756175428617e-12	23	0	0	38	5448
SM00324	RhoGAP	1.00000000000233	2.32756175428617e-12	23	0	0	38	5448
SM00741	SapB	1.00000000000233	2.32756175428617e-12	23	0	0	38	5448
SM00252	SH2	1.00000000000267	2.66648661074921e-12	53	0	0	38	5448
SM00487	DEXDc	1.00000000000298	2.97817880290305e-12	79	0	0	38	5448
SM00315	RGS	1.00000000000323	3.22903250206631e-12	18	0	0	38	5448
SM00242	MYSc	1.00000000000323	3.22903250206631e-12	18	0	0	38	5448
SM00339	FH	1.00000000000323	3.22903250206631e-12	18	0	0	38	5448
SM00949	PAZ	1.00000000000323	3.22903250206631e-12	18	0	0	38	5448
SM00385	CYCLIN	1.00000000000323	3.22903250206631e-12	18	0	0	38	5448
SM00295	B41	1.00000000000323	3.22903250206631e-12	18	0	0	38	5448
SM01017	Arrestin_C	1.00000000000325	3.25207897985725e-12	25	0	0	38	5448
SM00276	GLECT	1.00000000000325	3.25207897985725e-12	25	0	0	38	5448
SM00908	Gal-bind_lectin	1.00000000000325	3.25207897985725e-12	25	0	0	38	5448
SM00213	UBQ	1.00000000000325	3.25207897985725e-12	25	0	0	38	5448
SM00645	Pept_C1	1.00000000000342	3.41900910071319e-12	29	0	0	38	5448
SM00950	Piwi	1.00000000000404	4.0431704954667e-12	21	0	0	38	5448
SM00473	PAN_AP	1.00000000000404	4.0431704954667e-12	21	0	0	38	5448
SM00425	TBOX	1.00000000000404	4.0431704954667e-12	21	0	0	38	5448
SM00605	CW	1.00000000000407	4.07394110909864e-12	50	0	0	38	5448
SM00408	IGc2	1.00000000000407	4.07394110909864e-12	50	0	0	38	5448
SM00042	CUB	1.00000000000407	4.07394110909864e-12	50	0	0	38	5448
SM00351	PAX	1.00000000000521	5.210112446662e-12	10	0	0	38	5448
SM00020	Tryp_SPc	1.00000000000521	5.210112446662e-12	10	0	0	38	5448
SM01196	FERM_C	1.00000000000521	5.210112446662e-12	10	0	0	38	5448
SM00329	BPI2	1.00000000000521	5.210112446662e-12	10	0	0	38	5448
SM00051	DSL	1.00000000000521	5.210112446662e-12	10	0	0	38	5448
SM00185	ARM	1.00000000000521	5.210112446662e-12	10	0	0	38	5448
SM01391	Filament	1.00000000000521	5.210112446662e-12	10	0	0	38	5448
SM00291	ZnF_ZZ	1.00000000000521	5.210112446662e-12	10	0	0	38	5448
SM00479	EXOIII	1.00000000000521	5.210112446662e-12	10	0	0	38	5448
SM00240	FHA	1.00000000000521	5.210112446662e-12	10	0	0	38	5448
SM00146	PI3Kc	1.00000000000521	5.210112446662e-12	10	0	0	38	5448
SM00305	HintC	1.00000000000521	5.210112446662e-12	10	0	0	38	5448
SM00612	Kelch	1.00000000000521	5.210112446662e-12	10	0	0	38	5448
SM00306	HintN	1.00000000000521	5.210112446662e-12	10	0	0	38	5448
SM00209	TSP1	1.00000000000536	5.35588400356068e-12	28	0	0	38	5448
SM00409	IG	1.0000000000057	5.69997768652729e-12	51	0	0	38	5448
SM00219	TyrKc	1.0000000000058	5.795417089893e-12	67	0	0	38	5448
SM00322	KH	1.0000000000064	6.3999485646872e-12	27	0	0	38	5448
SM00490	HELICc	1.00000000000758	7.57613629955662e-12	78	0	0	38	5448
SM00865	Tubulin_C	1.0000000000076	7.604567749851e-12	15	0	0	38	5448
SM00563	PlsC	1.0000000000076	7.604567749851e-12	15	0	0	38	5448
SM00703	NRF	1.0000000000076	7.604567749851e-12	15	0	0	38	5448
SM00297	BROMO	1.0000000000076	7.604567749851e-12	15	0	0	38	5448
SM00179	EGF_CA	1.00000000000791	7.90885040739735e-12	41	0	0	38	5448
SM00239	C2	1.00000000000791	7.90885040739735e-12	41	0	0	38	5448
SM00369	LRR_TYP	1.00000000000805	8.05214841771809e-12	38	0	0	38	5448
SM00241	ZP	1.00000000000805	8.05214841771809e-12	38	0	0	38	5448
SM00327	VWA	1.00000000000811	8.108216503102e-12	43	0	0	38	5448
SM00361	RRM_1	1.00000000000937	9.36865756056326e-12	13	0	0	38	5448
SM00450	RHOD	1.00000000000937	9.36865756056326e-12	13	0	0	38	5448
SM00714	LITAF	1.00000000000937	9.36865756056326e-12	13	0	0	38	5448
SM00613	PAW	1.00000000000937	9.36865756056326e-12	13	0	0	38	5448
SM00631	Zn_pept	1.00000000000937	9.36865756056326e-12	13	0	0	38	5448
SM00401	ZnF_GATA	1.00000000000937	9.36865756056326e-12	13	0	0	38	5448
SM00088	PINT	1.00000000000937	9.36865756056326e-12	13	0	0	38	5448
SM00875	BACK	1.00000000000937	9.36865756056326e-12	13	0	0	38	5448
SM00512	Skp1	1.00000000001048	1.04827295006852e-11	22	0	0	38	5448
SM00275	G_alpha	1.00000000001048	1.04827295006852e-11	22	0	0	38	5448
SM00456	WW	1.00000000001061	1.06121887311819e-11	19	0	0	38	5448
SM00164	TBC	1.00000000001061	1.06121887311819e-11	19	0	0	38	5448
SM00129	KISc	1.00000000001061	1.06121887311819e-11	19	0	0	38	5448
SM00292	BRCT	1.00000000001061	1.06121887311819e-11	19	0	0	38	5448
SM00325	RhoGEF	1.00000000001061	1.06121887311819e-11	19	0	0	38	5448
SM00298	CHROMO	1.00000000001088	1.0880510971042e-11	20	0	0	38	5448
SM00133	S_TK_X	1.00000000001088	1.0880510971042e-11	20	0	0	38	5448
SM00156	PP2Ac	1.00000000001116	1.11646478446722e-11	45	0	0	38	5448
SM00551	ZnF_TAZ	1.00000000001152	1.15202056120541e-11	6	0	0	38	5448
SM00884	Cullin_Nedd8	1.00000000001152	1.15202056120541e-11	6	0	0	38	5448
SM00350	MCM	1.00000000001152	1.15202056120541e-11	6	0	0	38	5448
SM00135	LY	1.00000000001152	1.15202056120541e-11	6	0	0	38	5448
SM01375	Dynein_light	1.00000000001152	1.15202056120541e-11	6	0	0	38	5448
SM00665	B561	1.00000000001152	1.15202056120541e-11	6	0	0	38	5448
SM00093	SERPIN	1.00000000001152	1.15202056120541e-11	6	0	0	38	5448
SM00537	DCX	1.00000000001152	1.15202056120541e-11	6	0	0	38	5448
SM00316	S1	1.00000000001152	1.15202056120541e-11	6	0	0	38	5448
SM00838	EFG_C	1.00000000001152	1.15202056120541e-11	6	0	0	38	5448
SM01057	Carb_anhydrase	1.00000000001152	1.15202056120541e-11	6	0	0	38	5448
SM00855	PGAM	1.00000000001152	1.15202056120541e-11	6	0	0	38	5448
SM00591	RWD	1.00000000001152	1.15202056120541e-11	6	0	0	38	5448
SM00008	HormR	1.00000000001152	1.15202056120541e-11	6	0	0	38	5448
SM00155	PLDc	1.00000000001152	1.15202056120541e-11	6	0	0	38	5448
SM01332	Cyclin_C	1.00000000001152	1.15202056120541e-11	6	0	0	38	5448
SM00105	ArfGap	1.00000000001152	1.15202056120541e-11	6	0	0	38	5448
SM00729	Elp3	1.00000000001152	1.15202056120541e-11	6	0	0	38	5448
SM00303	GPS	1.00000000001152	1.15202056120541e-11	6	0	0	38	5448
SM00149	PLCYc	1.00000000001152	1.15202056120541e-11	6	0	0	38	5448
SM01329	Iso_dh	1.00000000001152	1.15202056120541e-11	6	0	0	38	5448
SM00543	MIF4G	1.00000000001152	1.15202056120541e-11	6	0	0	38	5448
SM01109	CUT	1.00000000001152	1.15202056120541e-11	6	0	0	38	5448
SM00720	calpain_III	1.00000000001152	1.15202056120541e-11	6	0	0	38	5448
SM00046	DAGKc	1.00000000001152	1.15202056120541e-11	6	0	0	38	5448
SM00668	CTLH	1.00000000001152	1.15202056120541e-11	6	0	0	38	5448
SM00593	RUN	1.00000000001152	1.15202056120541e-11	6	0	0	38	5448
SM00229	RasGEFN	1.00000000001152	1.15202056120541e-11	6	0	0	38	5448
SM00508	PostSET	1.00000000001152	1.15202056120541e-11	6	0	0	38	5448
SM00211	TY	1.00000000001152	1.15202056120541e-11	6	0	0	38	5448
SM00148	PLCXc	1.00000000001152	1.15202056120541e-11	6	0	0	38	5448
SM00539	NIDO	1.00000000001152	1.15202056120541e-11	6	0	0	38	5448
SM00360	RRM	1.00000000001153	1.15275519416254e-11	100	0	0	38	5448
SM00044	CYCc	1.00000000001262	1.26243154801774e-11	37	0	0	38	5448
SM00583	SPK	1.00000000001262	1.26243154801774e-11	37	0	0	38	5448
SM00254	ShKT	1.00000000001304	1.30420825716454e-11	103	0	0	38	5448
SM00282	LamG	1.00000000001355	1.35487142369764e-11	14	0	0	38	5448
SM00100	cNMP	1.00000000001355	1.35487142369764e-11	14	0	0	38	5448
SM00443	G_patch	1.00000000001355	1.35487142369764e-11	14	0	0	38	5448
SM00195	DSPc	1.00000000001355	1.35487142369764e-11	14	0	0	38	5448
SM00516	SEC14	1.00000000001355	1.35487142369764e-11	14	0	0	38	5448
SM00397	t_SNARE	1.00000000001355	1.35487142369764e-11	14	0	0	38	5448
SM00181	EGF	1.00000000001465	1.46508804524767e-11	73	0	0	38	5448
SM00228	PDZ	1.00000000001573	1.57276790169534e-11	54	0	0	38	5448
SM00453	WSN	1.00000000001667	1.66656364917215e-11	39	0	0	38	5448
SM00317	SET	1.00000000001763	1.762593086184e-11	30	0	0	38	5448
SM00220	S_TKc	1.00000000001791	1.79067114572197e-11	277	0	0	38	5448
