TermID	Term	Enrichment	logP	Genes in Term	Target Genes in Term	Fraction of Targets in Term	Total Target Genes	Total Genes	Entrez Gene IDs	Gene Symbols
PR00990	RIBOKINASE	0.00729613733906918	-4.9204102025017	1	1	0.0588235294117647	17	2330	174781	F07A11.5
PR01179	ODADCRBXLASE	0.014542150934909	-4.23070388556807	2	1	0.0588235294117647	17	2330	179079	odc-1
PR00626	CALRETICULIN	0.014542150934909	-4.23070388556807	2	1	0.0588235294117647	17	2330	176390	cnx-1
PR01182	ORNDCRBXLASE	0.014542150934909	-4.23070388556807	2	1	0.0588235294117647	17	2330	179079	odc-1
PR00775	HEATSHOCK90	0.0217383637504343	-3.82867666459103	3	1	0.0588235294117647	17	2330	178014	enpl-1
PR00050	COLDSHOCK	0.0288850968043896	-3.5444294983822	4	1	0.0588235294117647	17	2330	174690	cey-1
PR00363	CYTOCHROMEB5	0.0288850968043896	-3.5444294983822	4	1	0.0588235294117647	17	2330	181510	cytb-5.1
PR00190	ACTIN	0.0500315986709287	-2.99510049974652	7	1	0.0588235294117647	17	2330	180767	act-4
PR00624	HISTONEH5	0.0569835843887372	-2.86499204580564	8	1	0.0588235294117647	17	2330	181545	his-24
PR00178	FATTYACIDBP	0.0707441551125146	-2.64868535912213	10	1	0.0588235294117647	17	2330	180616	lbp-1
PR00081	GDHRDH	0.0950240711935563	-2.35362503849233	72	2	0.117647058823529	17	2330	175737,184743	dhs-9,F20G2.2
PR00315	ELONGATNFCT	0.0977002969811484	-2.32585068021286	14	1	0.0588235294117647	17	2330	181044	eef-1A.2
PR00380	KINESINHEAVY	0.117432562113625	-2.14189104962273	17	1	0.0588235294117647	17	2330	176179	unc-116
PR00937	TBOX	0.117432562113625	-2.14189104962273	17	1	0.0588235294117647	17	2330	182861	tbx-38
PR00625	JDOMAIN	0.168085111404972	-1.7832848123594	25	1	0.0588235294117647	17	2330	3564910	dnj-13
PR00320	GPROTEINBRPT	0.261294058990402	-1.34210884306919	41	1	0.0588235294117647	17	2330	171860	copa-1
PR00080	SDRFAMILY	0.298900813632499	-1.20764348760663	48	1	0.0588235294117647	17	2330	184743	F20G2.2
PR00047	STROIDFINGER	0.831594192221223	-0.18441070688363	231	1	0.0588235294117647	17	2330	178685	nhr-86
PR00360	C2DOMAIN	0.999999999998076	-1.92394302983864e-12	11	0	0	17	2330
PR00205	CADHERIN	0.999999999998076	-1.92394302983864e-12	11	0	0	17	2330
PR01491	KVCHANNEL	0.999999999998076	-1.92394302983864e-12	11	0	0	17	2330
PR00301	HEATSHOCK70	0.999999999998076	-1.92394302983864e-12	11	0	0	17	2330
PR00838	V5ALLERGEN	0.999999999998986	-1.01366402693861e-12	19	0	0	17	2330
PR00401	SH2DOMAIN	0.999999999998986	-1.01366402693861e-12	19	0	0	17	2330
PR01130	DERENTRNSPRT	0.999999999999189	-8.10686586534898e-13	5	0	0	17	2330
PR00723	SUBTILISIN	0.999999999999189	-8.10686586534898e-13	5	0	0	17	2330
PR00371	FPNCR	0.999999999999189	-8.10686586534898e-13	5	0	0	17	2330
PR01349	WNTPROTEIN	0.999999999999189	-8.10686586534898e-13	5	0	0	17	2330
PR00347	THAUMATIN	0.999999999999189	-8.10686586534898e-13	5	0	0	17	2330
PR00160	GLUTAREDOXIN	0.999999999999189	-8.10686586534898e-13	5	0	0	17	2330
PR01125	FMOXYGENASE5	0.999999999999189	-8.10686586534898e-13	5	0	0	17	2330
PR00249	GPCRSECRETIN	0.999999999999189	-8.10686586534898e-13	5	0	0	17	2330
PR00620	HISTONEH2A	0.999999999999189	-8.10686586534898e-13	5	0	0	17	2330
PR00744	GLHYDRLASE37	0.999999999999189	-8.10686586534898e-13	5	0	0	17	2330
PR00800	YHDCRBOXLASE	0.999999999999189	-8.10686586534898e-13	5	0	0	17	2330
PR00412	EPOXHYDRLASE	0.999999999999189	-8.10686586534898e-13	5	0	0	17	2330
PR00661	ERMFAMILY	0.999999999999189	-8.10686586534898e-13	5	0	0	17	2330
PR00111	ABHYDROLASE	0.999999999999189	-8.10686586534898e-13	5	0	0	17	2330
PR00405	REVINTRACTNG	0.999999999999189	-8.10686586534898e-13	5	0	0	17	2330
PR01625	GSTRNSFRASEO	0.999999999999189	-8.10686586534898e-13	5	0	0	17	2330
PR00248	GPCRMGR	0.999999999999189	-8.10686586534898e-13	5	0	0	17	2330
PR01609	CD36FAMILY	0.999999999999189	-8.10686586534898e-13	5	0	0	17	2330
PR01657	MCMFAMILY	0.999999999999284	-7.16082145476733e-13	6	0	0	17	2330
PR00390	PHPHLIPASEC	0.999999999999284	-7.16082145476733e-13	6	0	0	17	2330
PR00092	TYROSINASE	0.999999999999284	-7.16082145476733e-13	6	0	0	17	2330
PR00094	ADENYLTKNASE	0.999999999999284	-7.16082145476733e-13	6	0	0	17	2330
PR00762	CLCHANNEL	0.999999999999284	-7.16082145476733e-13	6	0	0	17	2330
PR01494	KV9CHANNEL	0.999999999999284	-7.16082145476733e-13	6	0	0	17	2330
PR00399	SYNAPTOTAGMN	0.999999999999284	-7.16082145476733e-13	6	0	0	17	2330
PR00633	RCCNDNSATION	0.999999999999284	-7.16082145476733e-13	6	0	0	17	2330
PR00387	PDIESTERASE1	0.999999999999284	-7.16082145476733e-13	6	0	0	17	2330
PR00348	UBIQUITIN	0.999999999999284	-7.16082145476733e-13	6	0	0	17	2330
PR00689	ACOABINDINGP	0.999999999999284	-7.16082145476733e-13	6	0	0	17	2330
PR01163	BETATUBULIN	0.999999999999284	-7.16082145476733e-13	6	0	0	17	2330
PR00632	SONICHHOG	0.999999999999284	-7.16082145476733e-13	6	0	0	17	2330
PR00837	V5TPXLIKE	0.999999999999761	-2.39505807458745e-13	25	0	0	17	2330
PR01262	INNEXIN	0.999999999999761	-2.39505807458745e-13	25	0	0	17	2330
PR00896	VASOPRESSINR	0.999999999999862	-1.38031946983475e-13	1	0	0	17	2330
PR00132	GLHYDRLASE2	0.999999999999862	-1.38031946983475e-13	1	0	0	17	2330
PR00971	RIBOSOMALS10	0.999999999999862	-1.38031946983475e-13	1	0	0	17	2330
PR00982	TRNASYNTHLYS	0.999999999999862	-1.38031946983475e-13	1	0	0	17	2330
PR00932	AMINO1PTASE	0.999999999999862	-1.38031946983475e-13	1	0	0	17	2330
PR00332	HISTRIAD	0.999999999999862	-1.38031946983475e-13	1	0	0	17	2330
PR01692	LIPOCALINIMR	0.999999999999862	-1.38031946983475e-13	1	0	0	17	2330
PR00967	ONCOGENEAML1	0.999999999999862	-1.38031946983475e-13	1	0	0	17	2330
PR01630	LVDCCALPHA1	0.999999999999862	-1.38031946983475e-13	1	0	0	17	2330
PR00627	GTPRANTC4	0.999999999999862	-1.38031946983475e-13	1	0	0	17	2330
PR00779	INSP3RECEPTR	0.999999999999862	-1.38031946983475e-13	1	0	0	17	2330
PR01640	PROFILINPLNT	0.999999999999862	-1.38031946983475e-13	1	0	0	17	2330
PR00740	GLHYDRLASE27	0.999999999999862	-1.38031946983475e-13	1	0	0	17	2330
PR00983	TRNASYNTHCYS	0.999999999999862	-1.38031946983475e-13	1	0	0	17	2330
PR01760	DISHEVELLED	0.999999999999862	-1.38031946983475e-13	1	0	0	17	2330
PR00194	TROPOMYOSIN	0.999999999999862	-1.38031946983475e-13	1	0	0	17	2330
PR00663	GALANINR	0.999999999999862	-1.38031946983475e-13	1	0	0	17	2330
PR00443	GPROTEINAS	0.999999999999862	-1.38031946983475e-13	1	0	0	17	2330
PR01658	MCMPROTEIN2	0.999999999999862	-1.38031946983475e-13	1	0	0	17	2330
PR00773	GRPEPROTEIN	0.999999999999862	-1.38031946983475e-13	1	0	0	17	2330
PR00492	RHOGDI	0.999999999999862	-1.38031946983475e-13	1	0	0	17	2330
PR00098	CPSASE	0.999999999999862	-1.38031946983475e-13	1	0	0	17	2330
PR00464	EP450II	0.999999999999862	-1.38031946983475e-13	1	0	0	17	2330
PR00440	GPROTEINA12	0.999999999999862	-1.38031946983475e-13	1	0	0	17	2330
PR00868	DNAPOLI	0.999999999999862	-1.38031946983475e-13	1	0	0	17	2330
PR01183	RIBORDTASEM1	0.999999999999862	-1.38031946983475e-13	1	0	0	17	2330
PR01433	POLYCYSTIN2	0.999999999999862	-1.38031946983475e-13	1	0	0	17	2330
PR01470	ERGCHANNEL	0.999999999999862	-1.38031946983475e-13	1	0	0	17	2330
PR00979	TAFAZZIN	0.999999999999862	-1.38031946983475e-13	1	0	0	17	2330
PR01245	RAD1REC1	0.999999999999862	-1.38031946983475e-13	1	0	0	17	2330
PR01849	UBIQUITINACT	0.999999999999862	-1.38031946983475e-13	1	0	0	17	2330
PR01586	TWIKCHANNEL	0.999999999999862	-1.38031946983475e-13	1	0	0	17	2330
PR01243	NUCDPKINASE	0.999999999999862	-1.38031946983475e-13	1	0	0	17	2330
PR00392	PROFILIN	0.999999999999862	-1.38031946983475e-13	1	0	0	17	2330
PR00162	RIESKE	0.999999999999862	-1.38031946983475e-13	1	0	0	17	2330
PR00407	EUMOPTERIN	0.999999999999862	-1.38031946983475e-13	1	0	0	17	2330
PR00056	HSFDOMAIN	0.999999999999862	-1.38031946983475e-13	1	0	0	17	2330
PR00148	ENOLASE	0.999999999999862	-1.38031946983475e-13	1	0	0	17	2330
PR01802	SYNEMBRYN	0.999999999999862	-1.38031946983475e-13	1	0	0	17	2330
PR00882	RIBOSOMALL7A	0.999999999999862	-1.38031946983475e-13	1	0	0	17	2330
PR00474	GLU5KINASE	0.999999999999862	-1.38031946983475e-13	1	0	0	17	2330
PR00124	ATPASEC	0.999999999999862	-1.38031946983475e-13	1	0	0	17	2330
PR01629	TVDCCALPHA1	0.999999999999862	-1.38031946983475e-13	1	0	0	17	2330
PR01838	NCAMFAMILY	0.999999999999862	-1.38031946983475e-13	1	0	0	17	2330
PR01000	SREBPS2PTASE	0.999999999999862	-1.38031946983475e-13	1	0	0	17	2330
PR01232	NAHCO3TRSPRT	0.999999999999862	-1.38031946983475e-13	1	0	0	17	2330
PR01088	NAHEXCHNGR6	0.999999999999862	-1.38031946983475e-13	1	0	0	17	2330
PR00025	ANTENNAPEDIA	0.999999999999862	-1.38031946983475e-13	1	0	0	17	2330
PR01218	PSTLEXTENSIN	0.999999999999862	-1.38031946983475e-13	1	0	0	17	2330
PR00791	PEPDIPTASEA	0.999999999999862	-1.38031946983475e-13	1	0	0	17	2330
PR00465	EP450IV	0.999999999999862	-1.38031946983475e-13	1	0	0	17	2330
PR00442	GPROTEINAQ	0.999999999999862	-1.38031946983475e-13	1	0	0	17	2330
PR00072	MALOXRDTASE	0.999999999999862	-1.38031946983475e-13	1	0	0	17	2330
PR00104	CGMPKINASE	0.999999999999862	-1.38031946983475e-13	1	0	0	17	2330
PR00473	GALCTOKINASE	0.999999999999862	-1.38031946983475e-13	1	0	0	17	2330
PR00355	ADRENODOXIN	0.999999999999862	-1.38031946983475e-13	1	0	0	17	2330
PR00414	PPTHIESTRASE	0.999999999999862	-1.38031946983475e-13	1	0	0	17	2330
PR01246	RAD1REPAIR	0.999999999999862	-1.38031946983475e-13	1	0	0	17	2330
PR01770	ERK1ERK2MAPK	0.999999999999862	-1.38031946983475e-13	1	0	0	17	2330
PR00785	NCTRNSLOCATR	0.999999999999862	-1.38031946983475e-13	1	0	0	17	2330
PR00143	CITRTSNTHASE	0.999999999999862	-1.38031946983475e-13	1	0	0	17	2330
PR00185	EUKARYTPORIN	0.999999999999862	-1.38031946983475e-13	1	0	0	17	2330
PR00192	FACTINCAPB	0.999999999999862	-1.38031946983475e-13	1	0	0	17	2330
PR00115	F16BPHPHTASE	0.999999999999862	-1.38031946983475e-13	1	0	0	17	2330
PR00052	FIBRILLARIN	0.999999999999862	-1.38031946983475e-13	1	0	0	17	2330
PR00961	HUDSXLRNA	0.999999999999862	-1.38031946983475e-13	1	0	0	17	2330
PR01797	SAPOSIN	0.999999999999862	-1.38031946983475e-13	1	0	0	17	2330
PR00126	ATPASEGAMMA	0.999999999999862	-1.38031946983475e-13	1	0	0	17	2330
PR00220	SYNAPTOPHYSN	0.999999999999862	-1.38031946983475e-13	1	0	0	17	2330
PR01716	DEATHASSOCP3	0.999999999999862	-1.38031946983475e-13	1	0	0	17	2330
PR00603	CYTOCHROMEC1	0.999999999999862	-1.38031946983475e-13	1	0	0	17	2330
PR00989	ADENOKINASE	0.999999999999862	-1.38031946983475e-13	1	0	0	17	2330
PR00139	ASNGLNASE	0.999999999999862	-1.38031946983475e-13	1	0	0	17	2330
PR00767	DBMONOXGNASE	0.999999999999862	-1.38031946983475e-13	1	0	0	17	2330
PR01550	TOP6AFAMILY	0.999999999999862	-1.38031946983475e-13	1	0	0	17	2330
PR01443	TFIID30KDSUB	0.999999999999862	-1.38031946983475e-13	1	0	0	17	2330
PR00600	PP2APR55	0.999999999999862	-1.38031946983475e-13	1	0	0	17	2330
PR00086	LLDHDRGNASE	0.999999999999862	-1.38031946983475e-13	1	0	0	17	2330
PR01049	PHOSPHBKNASE	0.999999999999862	-1.38031946983475e-13	1	0	0	17	2330
PR01848	U2AUXFACTOR	0.999999999999862	-1.38031946983475e-13	1	0	0	17	2330
PR00378	LIIMPHPHTASE	0.999999999999862	-1.38031946983475e-13	1	0	0	17	2330
PR00850	GLHYDRLASE59	0.999999999999862	-1.38031946983475e-13	1	0	0	17	2330
PR00321	GPROTEING	0.999999999999862	-1.38031946983475e-13	1	0	0	17	2330
PR01075	PRESENILNSEL	0.999999999999862	-1.38031946983475e-13	1	0	0	17	2330
PR01043	TRNASYNTHGLY	0.999999999999862	-1.38031946983475e-13	1	0	0	17	2330
PR00973	RIBOSOMALS17	0.999999999999862	-1.38031946983475e-13	1	0	0	17	2330
PR00191	FACTINCAPA	0.999999999999862	-1.38031946983475e-13	1	0	0	17	2330
PR02012	RCMTNOP2	0.999999999999862	-1.38031946983475e-13	1	0	0	17	2330
PR02011	RCMTNCL1	0.999999999999862	-1.38031946983475e-13	1	0	0	17	2330
PR01850	GROUCHOFAMLY	0.999999999999862	-1.38031946983475e-13	1	0	0	17	2330
PR01738	RNABINDINGM8	0.999999999999862	-1.38031946983475e-13	1	0	0	17	2330
PR01405	TETRPHPHTASE	0.999999999999862	-1.38031946983475e-13	1	0	0	17	2330
PR00351	OM20RECEPTOR	0.999999999999862	-1.38031946983475e-13	1	0	0	17	2330
PR00846	GLHYDRLASE56	0.999999999999862	-1.38031946983475e-13	1	0	0	17	2330
PR00100	AOTCASE	0.999999999999862	-1.38031946983475e-13	1	0	0	17	2330
PR01698	CYTOFMRPINTP	0.999999999999862	-1.38031946983475e-13	1	0	0	17	2330
PR00623	HISTONEH4	0.999999999999862	-1.38031946983475e-13	1	0	0	17	2330
PR00373	GLYCHORMONER	0.999999999999862	-1.38031946983475e-13	1	0	0	17	2330
PR02031	CYSSERRICHNP	0.999999999999862	-1.38031946983475e-13	1	0	0	17	2330
PR00276	INSULINFAMLY	0.999999999999862	-1.38031946983475e-13	1	0	0	17	2330
PR00978	STARPROTEIN	0.999999999999862	-1.38031946983475e-13	1	0	0	17	2330
PR01251	AMPHIPHYSIN	0.999999999999862	-1.38031946983475e-13	1	0	0	17	2330
PR00741	GLHYDRLASE29	0.999999999999862	-1.38031946983475e-13	1	0	0	17	2330
PR00127	CLPPROTEASEP	0.999999999999862	-1.38031946983475e-13	1	0	0	17	2330
PR01661	MCMPROTEIN5	0.999999999999862	-1.38031946983475e-13	1	0	0	17	2330
PR01660	MCMPROTEIN4	0.999999999999862	-1.38031946983475e-13	1	0	0	17	2330
PR00076	6PGDHDRGNASE	0.999999999999862	-1.38031946983475e-13	1	0	0	17	2330
PR00784	MTUNCOUPLING	0.999999999999862	-1.38031946983475e-13	1	0	0	17	2330
PR00728	SIGNALPTASE	0.999999999999862	-1.38031946983475e-13	1	0	0	17	2330
PR01250	RIBOSOMALL34	0.999999999999862	-1.38031946983475e-13	1	0	0	17	2330
PR00662	G6PISOMERASE	0.999999999999862	-1.38031946983475e-13	1	0	0	17	2330
PR00456	RIBOSOMALP2	0.999999999999862	-1.38031946983475e-13	1	0	0	17	2330
PR01663	MCMPROTEIN7	0.999999999999862	-1.38031946983475e-13	1	0	0	17	2330
PR00041	LEUZIPPRCREB	0.999999999999862	-1.38031946983475e-13	1	0	0	17	2330
PR00154	AMPBINDING	0.999999999999862	-1.38031946983475e-13	1	0	0	17	2330
PR01653	TCTPROTEIN	0.999999999999862	-1.38031946983475e-13	1	0	0	17	2330
PR01748	AP2TNSCPFCT	0.999999999999862	-1.38031946983475e-13	1	0	0	17	2330
PR00309	ARRESTIN	0.999999999999862	-1.38031946983475e-13	1	0	0	17	2330
PR00082	GLFDHDRGNASE	0.999999999999862	-1.38031946983475e-13	1	0	0	17	2330
PR00416	EUTPISMRASEI	0.999999999999862	-1.38031946983475e-13	1	0	0	17	2330
PR01348	ICLNCHANNEL	0.999999999999862	-1.38031946983475e-13	1	0	0	17	2330
PR01497	SHALCHANNEL	0.999999999999862	-1.38031946983475e-13	1	0	0	17	2330
PR00545	RETINOIDXR	0.999999999999862	-1.38031946983475e-13	1	0	0	17	2330
PR00298	CHAPERONIN60	0.999999999999862	-1.38031946983475e-13	1	0	0	17	2330
PR00477	PHGLYCKINASE	0.999999999999862	-1.38031946983475e-13	1	0	0	17	2330
PR01873	CYTCOXIDASE4	0.999999999999862	-1.38031946983475e-13	1	0	0	17	2330
PR01868	ABCEFAMILY	0.999999999999862	-1.38031946983475e-13	1	0	0	17	2330
PR01659	MCMPROTEIN3	0.999999999999862	-1.38031946983475e-13	1	0	0	17	2330
PR00065	TEADOMAIN	0.999999999999862	-1.38031946983475e-13	1	0	0	17	2330
PR00720	MAMMALPTPASE	0.999999999999862	-1.38031946983475e-13	1	0	0	17	2330
PR01475	PARKIN	0.999999999999862	-1.38031946983475e-13	1	0	0	17	2330
PR00110	ALPHAAMYLASE	0.999999999999862	-1.38031946983475e-13	1	0	0	17	2330
PR00043	LEUZIPPRJUN	0.999999999999862	-1.38031946983475e-13	1	0	0	17	2330
PR00108	THYMDSNTHASE	0.999999999999862	-1.38031946983475e-13	1	0	0	17	2330
PR00664	OCTOPAMINER	0.999999999999862	-1.38031946983475e-13	1	0	0	17	2330
PR00058	RIBOSOMALL5	0.999999999999862	-1.38031946983475e-13	1	0	0	17	2330
PR01989	EUOM20RECPTR	0.999999999999862	-1.38031946983475e-13	1	0	0	17	2330
PR00938	BRACHYURY	0.999999999999862	-1.38031946983475e-13	1	0	0	17	2330
PR00960	LMBPPROTEIN	0.999999999999862	-1.38031946983475e-13	1	0	0	17	2330
PR01047	TRNASYNTHTHR	0.999999999999862	-1.38031946983475e-13	1	0	0	17	2330
PR01839	RAD23PROTEIN	0.999999999999862	-1.38031946983475e-13	1	0	0	17	2330
PR01588	THIKCHANNEL	0.999999999999862	-1.38031946983475e-13	1	0	0	17	2330
PR00217	POSTSYNAPTIC	0.999999999999862	-1.38031946983475e-13	1	0	0	17	2330
PR00985	TRNASYNTHLEU	0.999999999999862	-1.38031946983475e-13	1	0	0	17	2330
PR00339	PCNACYCLIN	0.999999999999862	-1.38031946983475e-13	1	0	0	17	2330
PR01101	5HTRECEPTOR	0.999999999999862	-1.38031946983475e-13	1	0	0	17	2330
PR00719	LMWPTPASE	0.999999999999862	-1.38031946983475e-13	1	0	0	17	2330
PR00044	LEUZIPPRMYC	0.999999999999862	-1.38031946983475e-13	1	0	0	17	2330
PR01368	SYNAPSIN	0.999999999999862	-1.38031946983475e-13	1	0	0	17	2330
PR00448	NSFATTACHMNT	0.999999999999862	-1.38031946983475e-13	1	0	0	17	2330
PR01846	TRHRFAMILY	0.999999999999862	-1.38031946983475e-13	1	0	0	17	2330
PR00203	AMYLOIDA4	0.999999999999862	-1.38031946983475e-13	1	0	0	17	2330
PR01164	GAMMATUBULIN	0.999999999999862	-1.38031946983475e-13	1	0	0	17	2330
PR00322	G10	0.999999999999862	-1.38031946983475e-13	1	0	0	17	2330
PR01546	YEAST73DUF	0.999999999999862	-1.38031946983475e-13	1	0	0	17	2330
PR00928	GRAVESDC	0.999999999999862	-1.38031946983475e-13	1	0	0	17	2330
PR00302	LUPUSLA	0.999999999999862	-1.38031946983475e-13	1	0	0	17	2330
PR00071	HMGCOARDTASE	0.999999999999862	-1.38031946983475e-13	1	0	0	17	2330
PR00972	RIBSOMALS12E	0.999999999999862	-1.38031946983475e-13	1	0	0	17	2330
PR00867	DNAPOLG	0.999999999999862	-1.38031946983475e-13	1	0	0	17	2330
PR00125	ATPASEDELTA	0.999999999999862	-1.38031946983475e-13	1	0	0	17	2330
PR00079	G6PDHDRGNASE	0.999999999999862	-1.38031946983475e-13	1	0	0	17	2330
PR00336	LYSASSOCTDMP	0.999999999999862	-1.38031946983475e-13	1	0	0	17	2330
PR01464	EAGCHANNEL	0.999999999999862	-1.38031946983475e-13	1	0	0	17	2330
PR01551	SPO11HOMOLOG	0.999999999999862	-1.38031946983475e-13	1	0	0	17	2330
PR01854	BR22PROTEIN	0.999999999999862	-1.38031946983475e-13	1	0	0	17	2330
PR00297	CHAPERONIN10	0.999999999999862	-1.38031946983475e-13	1	0	0	17	2330
PR00003	4DISULPHCORE	0.999999999999862	-1.38031946983475e-13	1	0	0	17	2330
PR01034	RIBOSOMALS12	0.999999999999862	-1.38031946983475e-13	1	0	0	17	2330
PR01662	MCMPROTEIN6	0.999999999999862	-1.38031946983475e-13	1	0	0	17	2330
PR00904	FRATAXIN	0.999999999999862	-1.38031946983475e-13	1	0	0	17	2330
PR00085	THFDHDRGNASE	0.999999999999862	-1.38031946983475e-13	1	0	0	17	2330
PR00975	RIBOSOMALS19	0.999999999999862	-1.38031946983475e-13	1	0	0	17	2330
PR00472	CASNKINASEII	0.999999999999862	-1.38031946983475e-13	1	0	0	17	2330
PR00738	GLHYDRLASE20	0.999999999999862	-1.38031946983475e-13	1	0	0	17	2330
PR01365	TELOMERASERT	0.999999999999862	-1.38031946983475e-13	1	0	0	17	2330
PR01333	2POREKCHANEL	0.999999999999974	-2.6097730161237e-14	43	0	0	17	2330
PR00398	STRDHORMONER	0.999999999999974	-2.6097730161237e-14	43	0	0	17	2330
PR01078	AMINACHANNEL	1.00000000000001	8.15730988482702e-15	21	0	0	17	2330
PR00489	FRIZZLED	1.0000000000002	2.01800883350947e-13	3	0	0	17	2330
PR01498	SHAWCHANNEL	1.0000000000002	2.01800883350947e-13	3	0	0	17	2330
PR00369	FLAVODOXIN	1.0000000000002	2.01800883350947e-13	3	0	0	17	2330
PR00389	PHPHLIPASEA2	1.0000000000002	2.01800883350947e-13	3	0	0	17	2330
PR00790	PAMONOXGNASE	1.0000000000002	2.01800883350947e-13	3	0	0	17	2330
PR00987	TRNASYNTHGLU	1.0000000000002	2.01800883350947e-13	3	0	0	17	2330
PR00881	L7ARS6FAMILY	1.0000000000002	2.01800883350947e-13	3	0	0	17	2330
PR00406	CYTB5RDTASE	1.0000000000002	2.01800883350947e-13	3	0	0	17	2330
PR02050	B14GALTRFASE	1.0000000000002	2.01800883350947e-13	3	0	0	17	2330
PR01320	KIRCHANNEL	1.0000000000002	2.01800883350947e-13	3	0	0	17	2330
PR01097	TRNSRECEPTRP	1.0000000000002	2.01800883350947e-13	3	0	0	17	2330
PR00683	SPECTRINPH	1.0000000000002	2.01800883350947e-13	3	0	0	17	2330
PR00799	TRANSAMINASE	1.0000000000002	2.01800883350947e-13	3	0	0	17	2330
PR00305	1433ZETA	1.0000000000002	2.01800883350947e-13	3	0	0	17	2330
PR00376	IL1BCENZYME	1.0000000000002	2.01800883350947e-13	3	0	0	17	2330
PR00707	UBCTHYDRLASE	1.0000000000002	2.01800883350947e-13	3	0	0	17	2330
PR00255	NATPEPTIDER	1.0000000000002	2.01800883350947e-13	3	0	0	17	2330
PR00067	CATALASE	1.0000000000002	2.01800883350947e-13	3	0	0	17	2330
PR00243	MUSCARINICR	1.0000000000002	2.01800883350947e-13	3	0	0	17	2330
PR00075	FACDDSATRASE	1.0000000000002	2.01800883350947e-13	3	0	0	17	2330
PR01772	JNKMAPKINASE	1.0000000000002	2.01800883350947e-13	3	0	0	17	2330
PR00502	NUDIXFAMILY	1.0000000000002	2.01800883350947e-13	3	0	0	17	2330
PR01463	EAGCHANLFMLY	1.0000000000002	2.01800883350947e-13	3	0	0	17	2330
PR00372	FYWHYDRXLASE	1.0000000000002	2.01800883350947e-13	3	0	0	17	2330
PR00028	POUDOMAIN	1.0000000000002	2.01800883350947e-13	3	0	0	17	2330
PR00391	PITRANSFER	1.0000000000002	2.01800883350947e-13	3	0	0	17	2330
PR01315	BATTENIN	1.0000000000002	2.01800883350947e-13	3	0	0	17	2330
PR00195	DYNAMIN	1.0000000000002	2.01800883350947e-13	3	0	0	17	2330
PR00068	CUZNDISMTASE	1.0000000000002	2.01800883350947e-13	3	0	0	17	2330
PR01347	EPHRIN	1.0000000000002	2.01800883350947e-13	3	0	0	17	2330
PR01271	HISDACETLASE	1.0000000000002	2.01800883350947e-13	3	0	0	17	2330
PR00413	HADHALOGNASE	1.0000000000002	2.01800883350947e-13	3	0	0	17	2330
PR01857	ADAMTSFAMILY	1.0000000000002	2.01800883350947e-13	3	0	0	17	2330
PR00447	NATRESASSCMP	1.0000000000002	2.01800883350947e-13	3	0	0	17	2330
PR00593	MTABOTROPICR	1.0000000000002	2.01800883350947e-13	3	0	0	17	2330
PR01259	NACAEXCHNGR	1.0000000000002	2.01800883350947e-13	3	0	0	17	2330
PR00167	CACHANNEL	1.0000000000002	2.01800883350947e-13	3	0	0	17	2330
PR00319	GPROTEINB	1.0000000000002	2.01800883350947e-13	3	0	0	17	2330
PR00106	DNAPOLB	1.0000000000002	2.01800883350947e-13	3	0	0	17	2330
PR00008	DAGPEDOMAIN	1.00000000000024	2.39955673012528e-13	13	0	0	17	2330
PR00259	TMFOUR	1.00000000000024	2.39955673012528e-13	13	0	0	17	2330
PR00503	BROMODOMAIN	1.00000000000024	2.39955673012528e-13	13	0	0	17	2330
PR00457	ANPEROXIDASE	1.00000000000024	2.39955673012528e-13	13	0	0	17	2330
PR00704	CALPAIN	1.00000000000024	2.39955673012528e-13	13	0	0	17	2330
PR01012	NRPEPTIDEYR	1.00000000000024	2.39955673012528e-13	13	0	0	17	2330
PR00328	SAR1GTPBP	1.00000000000024	2.39955673012528e-13	13	0	0	17	2330
PR00318	GPROTEINA	1.00000000000029	2.91726117997546e-13	22	0	0	17	2330
PR00452	SH3DOMAIN	1.00000000000029	2.91726117997546e-13	22	0	0	17	2330
PR00252	NRIONCHANNEL	1.00000000000047	4.65771518868294e-13	84	0	0	17	2330
PR01161	TUBULIN	1.00000000000053	5.32643342879995e-13	16	0	0	17	2330
PR01415	ANKYRIN	1.00000000000053	5.32643342879995e-13	16	0	0	17	2330
PR00926	MITOCARRIER	1.00000000000053	5.32643342879995e-13	16	0	0	17	2330
PR01301	RGSPROTEIN	1.00000000000067	6.73526285043739e-13	12	0	0	17	2330
PR00031	HTHREPRESSR	1.00000000000067	6.73526285043739e-13	12	0	0	17	2330
PR00176	NANEUSMPORT	1.00000000000067	6.73526285043739e-13	12	0	0	17	2330
PR00765	CRBOXYPTASEA	1.00000000000067	6.73526285043739e-13	12	0	0	17	2330
PR00069	ALDKETRDTASE	1.00000000000067	6.73526285043739e-13	12	0	0	17	2330
PR00153	CSAPPISMRASE	1.00000000000073	7.26859218886508e-13	18	0	0	17	2330
PR00193	MYOSINHEAVY	1.00000000000083	8.28804483476405e-13	17	0	0	17	2330
PR00792	PEPSIN	1.00000000000083	8.28804483476405e-13	17	0	0	17	2330
PR01162	ALPHATUBULIN	1.00000000000099	9.86928331908909e-13	10	0	0	17	2330
PR00756	ALADIPTASE	1.00000000000099	9.86928331908909e-13	10	0	0	17	2330
PR00171	SUGRTRNSPORT	1.00000000000099	9.86928331908909e-13	10	0	0	17	2330
PR00254	NICOTINICR	1.00000000000117	1.1713613245277e-12	20	0	0	17	2330
PR00705	PAPAIN	1.00000000000117	1.1713613245277e-12	20	0	0	17	2330
PR00759	BASICPTASE	1.00000000000117	1.1713613245277e-12	20	0	0	17	2330
PR00261	LDLRECEPTOR	1.00000000000123	1.23462739104783e-12	15	0	0	17	2330
PR00299	ACRYSTALLIN	1.00000000000123	1.23462739104783e-12	15	0	0	17	2330
PR00253	GABAARECEPTR	1.0000000000013	1.30395592801095e-12	37	0	0	17	2330
PR00053	FORKHEAD	1.00000000000151	1.51482471127298e-12	14	0	0	17	2330
PR00699	TMPROTEINSRB	1.00000000000151	1.51482471127298e-12	14	0	0	17	2330
PR00024	HOMEOBOX	1.00000000000172	1.71695960544776e-12	26	0	0	17	2330
PR01038	TRNASYNTHARG	1.00000000000214	2.1359278888221e-12	2	0	0	17	2330
PR00381	KINESINLIGHT	1.00000000000214	2.1359278888221e-12	2	0	0	17	2330
PR00122	VACATPASE	1.00000000000214	2.1359278888221e-12	2	0	0	17	2330
PR00296	CYCLINKINASE	1.00000000000214	2.1359278888221e-12	2	0	0	17	2330
PR00685	TIFACTORIIB	1.00000000000214	2.1359278888221e-12	2	0	0	17	2330
PR01869	BCATNINFAMLY	1.00000000000214	2.1359278888221e-12	2	0	0	17	2330
PR00504	CHROMODOMAIN	1.00000000000214	2.1359278888221e-12	2	0	0	17	2330
PR01185	INTEGRINA	1.00000000000214	2.1359278888221e-12	2	0	0	17	2330
PR00984	TRNASYNTHILE	1.00000000000214	2.1359278888221e-12	2	0	0	17	2330
PR00476	PHFRCTKINASE	1.00000000000214	2.1359278888221e-12	2	0	0	17	2330
PR00717	GPCRKINASE	1.00000000000214	2.1359278888221e-12	2	0	0	17	2330
PR00120	HATPASE	1.00000000000214	2.1359278888221e-12	2	0	0	17	2330
PR01001	FADG3PDH	1.00000000000214	2.1359278888221e-12	2	0	0	17	2330
PR00686	TIFACTORIID	1.00000000000214	2.1359278888221e-12	2	0	0	17	2330
PR00776	HEMOGLOBNASE	1.00000000000214	2.1359278888221e-12	2	0	0	17	2330
PR00395	RIBOSOMALS2	1.00000000000214	2.1359278888221e-12	2	0	0	17	2330
PR01041	TRNASYNTHMET	1.00000000000214	2.1359278888221e-12	2	0	0	17	2330
PR00404	MADSDOMAIN	1.00000000000214	2.1359278888221e-12	2	0	0	17	2330
PR01822	CCYSTOKININR	1.00000000000214	2.1359278888221e-12	2	0	0	17	2330
PR00892	RABGDI	1.00000000000214	2.1359278888221e-12	2	0	0	17	2330
PR00616	CCAATSUBUNTB	1.00000000000214	2.1359278888221e-12	2	0	0	17	2330
PR00660	ERLUMENR	1.00000000000214	2.1359278888221e-12	2	0	0	17	2330
PR00991	6PFRUCTKNASE	1.00000000000214	2.1359278888221e-12	2	0	0	17	2330
PR01908	ADSPHPHTASE	1.00000000000214	2.1359278888221e-12	2	0	0	17	2330
PR01764	MAPKPHPHTASE	1.00000000000214	2.1359278888221e-12	2	0	0	17	2330
PR00986	TRNASYNTHVAL	1.00000000000214	2.1359278888221e-12	2	0	0	17	2330
PR01459	KCNQCHANNEL	1.00000000000214	2.1359278888221e-12	2	0	0	17	2330
PR01035	TCRTETA	1.00000000000214	2.1359278888221e-12	2	0	0	17	2330
PR00141	PROTEASOME	1.00000000000214	2.1359278888221e-12	2	0	0	17	2330
PR01046	TRNASYNTHPRO	1.00000000000214	2.1359278888221e-12	2	0	0	17	2330
PR01703	MNSODISMTASE	1.00000000000214	2.1359278888221e-12	2	0	0	17	2330
PR00742	GLHYDRLASE35	1.00000000000214	2.1359278888221e-12	2	0	0	17	2330
PR00887	SSRCOGNITION	1.00000000000214	2.1359278888221e-12	2	0	0	17	2330
PR00342	RHESUSRHD	1.00000000000214	2.1359278888221e-12	2	0	0	17	2330
PR00883	NUCLEARHMG	1.00000000000214	2.1359278888221e-12	2	0	0	17	2330
PR01160	GABAARBETA	1.00000000000214	2.1359278888221e-12	2	0	0	17	2330
PR00714	MAN6PISMRASE	1.00000000000214	2.1359278888221e-12	2	0	0	17	2330
PR00604	CYTCHRMECIAB	1.00000000000214	2.1359278888221e-12	2	0	0	17	2330
PR00653	ACTIVIN2R	1.00000000000214	2.1359278888221e-12	2	0	0	17	2330
PR00417	PRTPISMRASEI	1.00000000000214	2.1359278888221e-12	2	0	0	17	2330
PR00789	OSIALOPTASE	1.00000000000214	2.1359278888221e-12	2	0	0	17	2330
PR01626	LCACHANNELB	1.00000000000214	2.1359278888221e-12	2	0	0	17	2330
PR00981	TRNASYNTHSER	1.00000000000214	2.1359278888221e-12	2	0	0	17	2330
PR01452	LNOTCHREPEAT	1.00000000000214	2.1359278888221e-12	2	0	0	17	2330
PR00509	PGMPMM	1.00000000000214	2.1359278888221e-12	2	0	0	17	2330
PR01773	P38MAPKINASE	1.00000000000214	2.1359278888221e-12	2	0	0	17	2330
PR01186	INTEGRINB	1.00000000000214	2.1359278888221e-12	2	0	0	17	2330
PR00481	LAMNOPPTDASE	1.00000000000214	2.1359278888221e-12	2	0	0	17	2330
PR01573	SUPERTUBBY	1.00000000000214	2.1359278888221e-12	2	0	0	17	2330
PR00377	IMPHPHTASES	1.00000000000214	2.1359278888221e-12	2	0	0	17	2330
PR00805	ALPHACATENIN	1.00000000000214	2.1359278888221e-12	2	0	0	17	2330
PR00727	LEADERPTASE	1.00000000000214	2.1359278888221e-12	2	0	0	17	2330
PR00131	GLHYDRLASE1	1.00000000000214	2.1359278888221e-12	2	0	0	17	2330
PR00415	ACONITASE	1.00000000000214	2.1359278888221e-12	2	0	0	17	2330
PR01072	PRESENILIN	1.00000000000214	2.1359278888221e-12	2	0	0	17	2330
PR01268	GSTRNSFRASEP	1.00000000000214	2.1359278888221e-12	2	0	0	17	2330
PR01039	TRNASYNTHTRP	1.00000000000214	2.1359278888221e-12	2	0	0	17	2330
PR00980	TRNASYNTHALA	1.00000000000214	2.1359278888221e-12	2	0	0	17	2330
PR00597	GELSOLIN	1.00000000000214	2.1359278888221e-12	2	0	0	17	2330
PR00189	TRNSTHYRETIN	1.00000000000214	2.1359278888221e-12	2	0	0	17	2330
PR00702	ACRIFLAVINRP	1.00000000000214	2.1359278888221e-12	2	0	0	17	2330
PR00876	MTNEMATODE	1.00000000000214	2.1359278888221e-12	2	0	0	17	2330
PR01040	TRNASYNTHTYR	1.00000000000214	2.1359278888221e-12	2	0	0	17	2330
PR00891	RABGDIREP	1.00000000000214	2.1359278888221e-12	2	0	0	17	2330
PR00077	GPDHDRGNASE	1.00000000000214	2.1359278888221e-12	2	0	0	17	2330
PR01050	PYRUVTKNASE	1.00000000000214	2.1359278888221e-12	2	0	0	17	2330
PR00679	PROHIBITIN	1.00000000000214	2.1359278888221e-12	2	0	0	17	2330
PR00599	MAPEPTIDASE	1.00000000000214	2.1359278888221e-12	2	0	0	17	2330
PR00149	FUMRATELYASE	1.00000000000214	2.1359278888221e-12	2	0	0	17	2330
PR00962	LETHAL2GIANT	1.00000000000214	2.1359278888221e-12	2	0	0	17	2330
PR00304	TCOMPLEXTCP1	1.00000000000238	2.37690108877893e-12	9	0	0	17	2330
PR01084	NAHEXCHNGR	1.00000000000238	2.37690108877893e-12	9	0	0	17	2330
PR00326	GTP1OBG	1.00000000000238	2.37690108877893e-12	9	0	0	17	2330
PR01095	TASKCHANNEL	1.00000000000238	2.37690108877893e-12	9	0	0	17	2330
PR00622	HISTONEH3	1.00000000000238	2.37690108877893e-12	9	0	0	17	2330
PR00724	CRBOXYPTASEC	1.00000000000238	2.37690108877893e-12	9	0	0	17	2330
PR00027	PAIREDBOX	1.00000000000238	2.37690108877893e-12	9	0	0	17	2330
PR00783	MINTRINSICP	1.00000000000238	2.37690108877893e-12	9	0	0	17	2330
PR00454	ETSDOMAIN	1.00000000000242	2.41895804145802e-12	8	0	0	17	2330
PR00619	GATAZNFINGER	1.00000000000242	2.41895804145802e-12	8	0	0	17	2330
PR01270	HDASUPER	1.00000000000242	2.41895804145802e-12	8	0	0	17	2330
PR00177	NMDARECEPTOR	1.00000000000242	2.41895804145802e-12	8	0	0	17	2330
PR00927	ADPTRNSLCASE	1.00000000000242	2.41895804145802e-12	8	0	0	17	2330
PR00935	BAND41	1.00000000000242	2.41895804145802e-12	8	0	0	17	2330
PR00219	SYNAPTOBREVN	1.00000000000242	2.41895804145802e-12	8	0	0	17	2330
PR00786	NEPRILYSIN	1.00000000000242	2.41895804145802e-12	8	0	0	17	2330
PR00721	STOMATIN	1.00000000000242	2.41895804145802e-12	8	0	0	17	2330
PR00385	P450	1.00000000000248	2.48006848742141e-12	71	0	0	17	2330
PR00370	FMOXYGENASE	1.00000000000253	2.5253056949914e-12	7	0	0	17	2330
PR01011	GLUTPROXDASE	1.00000000000253	2.5253056949914e-12	7	0	0	17	2330
PR00441	GPROTEINAI	1.00000000000253	2.5253056949914e-12	7	0	0	17	2330
PR00747	GLYHDRLASE47	1.00000000000253	2.5253056949914e-12	7	0	0	17	2330
PR00138	MATRIXIN	1.00000000000253	2.5253056949914e-12	7	0	0	17	2330
PR00722	CHYMOTRYPSIN	1.00000000000253	2.5253056949914e-12	7	0	0	17	2330
PR00700	PRTYPHPHTASE	1.00000000000286	2.85939253660693e-12	57	0	0	17	2330
PR00697	TMPROTEINSRA	1.00000000000286	2.86181854639613e-12	29	0	0	17	2330
PR00114	STPHPHTASE	1.00000000000359	3.58995738387559e-12	45	0	0	17	2330
PR00716	MPIPHPHTASE	1.00000000000408	4.0805144093349e-12	4	0	0	17	2330
PR00621	HISTONEH2B	1.00000000000408	4.0805144093349e-12	4	0	0	17	2330
PR00888	SM22CALPONIN	1.00000000000408	4.0805144093349e-12	4	0	0	17	2330
PR00314	CLATHRINADPT	1.00000000000408	4.0805144093349e-12	4	0	0	17	2330
PR02008	RCMTFAMILY	1.00000000000408	4.0805144093349e-12	4	0	0	17	2330
PR00878	CHOLNESTRASE	1.00000000000408	4.0805144093349e-12	4	0	0	17	2330
PR01042	TRNASYNTHASP	1.00000000000408	4.0805144093349e-12	4	0	0	17	2330
PR00929	ATHOOK	1.00000000000408	4.0805144093349e-12	4	0	0	17	2330
PR01231	HCO3TRNSPORT	1.00000000000408	4.0805144093349e-12	4	0	0	17	2330
PR00196	ANNEXIN	1.00000000000408	4.0805144093349e-12	4	0	0	17	2330
PR02095	TRNSPORTRHRG	1.00000000000408	4.0805144093349e-12	4	0	0	17	2330
PR00853	XPGRADSUPER	1.00000000000408	4.0805144093349e-12	4	0	0	17	2330
PR00300	CLPPROTEASEA	1.00000000000408	4.0805144093349e-12	4	0	0	17	2330
PR00078	G3PDHDRGNASE	1.00000000000408	4.0805144093349e-12	4	0	0	17	2330
PR00843	GLHYDRLASE30	1.00000000000408	4.0805144093349e-12	4	0	0	17	2330
PR00698	TMPROTEINSRG	1.00000000000435	4.35470007734622e-12	39	0	0	17	2330
PR00480	ASTACIN	1.00000000000435	4.35470007734622e-12	39	0	0	17	2330
PR00463	EP450I	1.00000000000518	5.18321364156748e-12	72	0	0	17	2330
PR00109	TYRKINASE	1.00000000000552	5.52500076652469e-12	70	0	0	17	2330
PR00237	GPCRRHODOPSN	1.00000000000838	8.3829034613841e-12	144	0	0	17	2330
