TermID	Term	Enrichment	logP	Genes in Term	Target Genes in Term	Fraction of Targets in Term	Total Target Genes	Total Genes	Entrez Gene IDs	Gene Symbols
PR00047	STROIDFINGER	0.00901299427330256	-4.70908793479001	231	10	0.227272727272727	44	2330	180609,184562,191727,178568,191500,180106,188209,189971,187567,187662	fax-1,nhr-179,nhr-78,nhr-98,nhr-247,nhr-54,nhr-272,nhr-238,nhr-205,nhr-208
PR00237	GPCRRHODOPSN	0.0165293130923415	-4.1026199232249	144	7	0.159090909090909	44	2330	175322,173398,181927,182942,188491,184036,190453	ser-4,nmur-2,B0334.6,frpr-3,aex-2,E04D5.2,srsx-25
PR01101	5HTRECEPTOR	0.0188841201717102	-3.96943391263956	1	1	0.0227272727272727	44	2330	175322	ser-4
PR00850	GLHYDRLASE59	0.0188841201717102	-3.96943391263956	1	1	0.0227272727272727	44	2330	183002	C29E4.10
PR00252	NRIONCHANNEL	0.019421327321531	-3.941383470281	84	5	0.113636363636364	44	2330	183758,178554,191597,184621,181009	acc-2,lgc-26,acr-9,lgc-6,lgc-11
PR01459	KCNQCHANNEL	0.0374195854834328	-3.28556103560447	2	1	0.0227272727272727	44	2330	180933	kqt-1
PR00447	NATRESASSCMP	0.0556126861018815	-2.88934393645177	3	1	0.0227272727272727	44	2330	177044	smf-3
PR00080	SDRFAMILY	0.0602746193463488	-2.80884417021732	48	3	0.0681818181818182	44	2330	187961,185096,179578	T01G6.1,F28H7.2,dhs-19
PR01130	DERENTRNSPRT	0.090996401680799	-2.39693531521633	5	1	0.0227272727272727	44	2330	181648	ent-2
PR00412	EPOXHYDRLASE	0.090996401680799	-2.39693531521633	5	1	0.0227272727272727	44	2330	179036	W01A11.1
PR01011	GLUTPROXDASE	0.125083405751399	-2.07877451817829	7	1	0.0227272727272727	44	2330	190801	gpx-4
PR00190	ACTIN	0.125083405751399	-2.07877451817829	7	1	0.0227272727272727	44	2330	179440	arx-2
PR00138	MATRIXIN	0.125083405751399	-2.07877451817829	7	1	0.0227272727272727	44	2330	186805	zmp-5
PR00385	P450	0.148369544953459	-1.9080491919955	71	3	0.0681818181818182	44	2330	183248,179550,3565571	cyp-25A4,cyp-29A2,cyp-33C3
PR00463	EP450I	0.152870303973085	-1.87816540352946	72	3	0.0681818181818182	44	2330	183248,179550,3565571	cyp-25A4,cyp-29A2,cyp-33C3
PR00081	GDHRDH	0.152870303973085	-1.87816540352946	72	3	0.0681818181818182	44	2330	187961,179578,185096	T01G6.1,dhs-19,F28H7.2
PR00783	MINTRINSICP	0.157920153616992	-1.84566573054546	9	1	0.0227272727272727	44	2330	183121	aqp-6
PR01333	2POREKCHANEL	0.194156227705089	-1.63909214654791	43	2	0.0454545454545455	44	2330	3565024,179088	twk-43,twk-11
PR00398	STRDHORMONER	0.194156227705089	-1.63909214654791	43	2	0.0454545454545455	44	2330	180609,191500	fax-1,nhr-247
PR00176	NANEUSMPORT	0.204928678121517	-1.58509327198137	12	1	0.0227272727272727	44	2330	176304	dat-1
PR00053	FORKHEAD	0.234832492802392	-1.44888281558381	14	1	0.0227272727272727	44	2330	172331	let-381
PR00254	NICOTINICR	0.318100155964854	-1.14538898992582	20	1	0.0227272727272727	44	2330	191597	acr-9
PR01262	INNEXIN	0.380667792776263	-0.965828219182285	25	1	0.0227272727272727	44	2330	182801	inx-18
PR00697	TMPROTEINSRA	0.426649529091088	-0.851792377736029	29	1	0.0227272727272727	44	2330	191782	sra-11
PR00253	GABAARECEPTR	0.508824784683295	-0.67565155610784	37	1	0.0227272727272727	44	2330	183758	acc-2
PR00480	ASTACIN	0.527498122525351	-0.639609972831898	39	1	0.0227272727272727	44	2330	185492	nas-13
PR00167	CACHANNEL	0.999999999997557	-2.44305953929041e-12	3	0	0	44	2330
PR00305	1433ZETA	0.999999999997557	-2.44305953929041e-12	3	0	0	44	2330
PR00413	HADHALOGNASE	0.999999999997557	-2.44305953929041e-12	3	0	0	44	2330
PR00068	CUZNDISMTASE	0.999999999997557	-2.44305953929041e-12	3	0	0	44	2330
PR00075	FACDDSATRASE	0.999999999997557	-2.44305953929041e-12	3	0	0	44	2330
PR00028	POUDOMAIN	0.999999999997557	-2.44305953929041e-12	3	0	0	44	2330
PR00790	PAMONOXGNASE	0.999999999997557	-2.44305953929041e-12	3	0	0	44	2330
PR00987	TRNASYNTHGLU	0.999999999997557	-2.44305953929041e-12	3	0	0	44	2330
PR01772	JNKMAPKINASE	0.999999999997557	-2.44305953929041e-12	3	0	0	44	2330
PR00106	DNAPOLB	0.999999999997557	-2.44305953929041e-12	3	0	0	44	2330
PR00376	IL1BCENZYME	0.999999999997557	-2.44305953929041e-12	3	0	0	44	2330
PR00707	UBCTHYDRLASE	0.999999999997557	-2.44305953929041e-12	3	0	0	44	2330
PR01347	EPHRIN	0.999999999997557	-2.44305953929041e-12	3	0	0	44	2330
PR00243	MUSCARINICR	0.999999999997557	-2.44305953929041e-12	3	0	0	44	2330
PR00067	CATALASE	0.999999999997557	-2.44305953929041e-12	3	0	0	44	2330
PR01857	ADAMTSFAMILY	0.999999999997557	-2.44305953929041e-12	3	0	0	44	2330
PR01498	SHAWCHANNEL	0.999999999997557	-2.44305953929041e-12	3	0	0	44	2330
PR00406	CYTB5RDTASE	0.999999999997557	-2.44305953929041e-12	3	0	0	44	2330
PR01259	NACAEXCHNGR	0.999999999997557	-2.44305953929041e-12	3	0	0	44	2330
PR01315	BATTENIN	0.999999999997557	-2.44305953929041e-12	3	0	0	44	2330
PR00502	NUDIXFAMILY	0.999999999997557	-2.44305953929041e-12	3	0	0	44	2330
PR00369	FLAVODOXIN	0.999999999997557	-2.44305953929041e-12	3	0	0	44	2330
PR01320	KIRCHANNEL	0.999999999997557	-2.44305953929041e-12	3	0	0	44	2330
PR00391	PITRANSFER	0.999999999997557	-2.44305953929041e-12	3	0	0	44	2330
PR00593	MTABOTROPICR	0.999999999997557	-2.44305953929041e-12	3	0	0	44	2330
PR00489	FRIZZLED	0.999999999997557	-2.44305953929041e-12	3	0	0	44	2330
PR00775	HEATSHOCK90	0.999999999997557	-2.44305953929041e-12	3	0	0	44	2330
PR00389	PHPHLIPASEA2	0.999999999997557	-2.44305953929041e-12	3	0	0	44	2330
PR00255	NATPEPTIDER	0.999999999997557	-2.44305953929041e-12	3	0	0	44	2330
PR00372	FYWHYDRXLASE	0.999999999997557	-2.44305953929041e-12	3	0	0	44	2330
PR00683	SPECTRINPH	0.999999999997557	-2.44305953929041e-12	3	0	0	44	2330
PR01463	EAGCHANLFMLY	0.999999999997557	-2.44305953929041e-12	3	0	0	44	2330
PR01271	HISDACETLASE	0.999999999997557	-2.44305953929041e-12	3	0	0	44	2330
PR01097	TRNSRECEPTRP	0.999999999997557	-2.44305953929041e-12	3	0	0	44	2330
PR02050	B14GALTRFASE	0.999999999997557	-2.44305953929041e-12	3	0	0	44	2330
PR00319	GPROTEINB	0.999999999997557	-2.44305953929041e-12	3	0	0	44	2330
PR00799	TRANSAMINASE	0.999999999997557	-2.44305953929041e-12	3	0	0	44	2330
PR00195	DYNAMIN	0.999999999997557	-2.44305953929041e-12	3	0	0	44	2330
PR00881	L7ARS6FAMILY	0.999999999997557	-2.44305953929041e-12	3	0	0	44	2330
PR01491	KVCHANNEL	0.999999999997703	-2.29655656683569e-12	11	0	0	44	2330
PR00205	CADHERIN	0.999999999997703	-2.29655656683569e-12	11	0	0	44	2330
PR00301	HEATSHOCK70	0.999999999997703	-2.29655656683569e-12	11	0	0	44	2330
PR00360	C2DOMAIN	0.999999999997703	-2.29655656683569e-12	11	0	0	44	2330
PR01415	ANKYRIN	0.999999999998667	-1.33277875510268e-12	16	0	0	44	2330
PR01161	TUBULIN	0.999999999998667	-1.33277875510268e-12	16	0	0	44	2330
PR00926	MITOCARRIER	0.999999999998667	-1.33277875510268e-12	16	0	0	44	2330
PR00904	FRATAXIN	0.999999999998674	-1.32569996647014e-12	1	0	0	44	2330
PR01405	TETRPHPHTASE	0.999999999998674	-1.32569996647014e-12	1	0	0	44	2330
PR01251	AMPHIPHYSIN	0.999999999998674	-1.32569996647014e-12	1	0	0	44	2330
PR00192	FACTINCAPB	0.999999999998674	-1.32569996647014e-12	1	0	0	44	2330
PR01658	MCMPROTEIN2	0.999999999998674	-1.32569996647014e-12	1	0	0	44	2330
PR01164	GAMMATUBULIN	0.999999999998674	-1.32569996647014e-12	1	0	0	44	2330
PR00663	GALANINR	0.999999999998674	-1.32569996647014e-12	1	0	0	44	2330
PR00052	FIBRILLARIN	0.999999999998674	-1.32569996647014e-12	1	0	0	44	2330
PR00979	TAFAZZIN	0.999999999998674	-1.32569996647014e-12	1	0	0	44	2330
PR00126	ATPASEGAMMA	0.999999999998674	-1.32569996647014e-12	1	0	0	44	2330
PR00868	DNAPOLI	0.999999999998674	-1.32569996647014e-12	1	0	0	44	2330
PR00975	RIBOSOMALS19	0.999999999998674	-1.32569996647014e-12	1	0	0	44	2330
PR01475	PARKIN	0.999999999998674	-1.32569996647014e-12	1	0	0	44	2330
PR00989	ADENOKINASE	0.999999999998674	-1.32569996647014e-12	1	0	0	44	2330
PR01838	NCAMFAMILY	0.999999999998674	-1.32569996647014e-12	1	0	0	44	2330
PR01034	RIBOSOMALS12	0.999999999998674	-1.32569996647014e-12	1	0	0	44	2330
PR00972	RIBSOMALS12E	0.999999999998674	-1.32569996647014e-12	1	0	0	44	2330
PR01348	ICLNCHANNEL	0.999999999998674	-1.32569996647014e-12	1	0	0	44	2330
PR01088	NAHEXCHNGR6	0.999999999998674	-1.32569996647014e-12	1	0	0	44	2330
PR01443	TFIID30KDSUB	0.999999999998674	-1.32569996647014e-12	1	0	0	44	2330
PR00473	GALCTOKINASE	0.999999999998674	-1.32569996647014e-12	1	0	0	44	2330
PR01839	RAD23PROTEIN	0.999999999998674	-1.32569996647014e-12	1	0	0	44	2330
PR00041	LEUZIPPRCREB	0.999999999998674	-1.32569996647014e-12	1	0	0	44	2330
PR01846	TRHRFAMILY	0.999999999998674	-1.32569996647014e-12	1	0	0	44	2330
PR00773	GRPEPROTEIN	0.999999999998674	-1.32569996647014e-12	1	0	0	44	2330
PR01797	SAPOSIN	0.999999999998674	-1.32569996647014e-12	1	0	0	44	2330
PR00025	ANTENNAPEDIA	0.999999999998674	-1.32569996647014e-12	1	0	0	44	2330
PR00297	CHAPERONIN10	0.999999999998674	-1.32569996647014e-12	1	0	0	44	2330
PR00065	TEADOMAIN	0.999999999998674	-1.32569996647014e-12	1	0	0	44	2330
PR00791	PEPDIPTASEA	0.999999999998674	-1.32569996647014e-12	1	0	0	44	2330
PR00148	ENOLASE	0.999999999998674	-1.32569996647014e-12	1	0	0	44	2330
PR00309	ARRESTIN	0.999999999998674	-1.32569996647014e-12	1	0	0	44	2330
PR00928	GRAVESDC	0.999999999998674	-1.32569996647014e-12	1	0	0	44	2330
PR00985	TRNASYNTHLEU	0.999999999998674	-1.32569996647014e-12	1	0	0	44	2330
PR01850	GROUCHOFAMLY	0.999999999998674	-1.32569996647014e-12	1	0	0	44	2330
PR01659	MCMPROTEIN3	0.999999999998674	-1.32569996647014e-12	1	0	0	44	2330
PR00056	HSFDOMAIN	0.999999999998674	-1.32569996647014e-12	1	0	0	44	2330
PR01546	YEAST73DUF	0.999999999998674	-1.32569996647014e-12	1	0	0	44	2330
PR00079	G6PDHDRGNASE	0.999999999998674	-1.32569996647014e-12	1	0	0	44	2330
PR00442	GPROTEINAQ	0.999999999998674	-1.32569996647014e-12	1	0	0	44	2330
PR00932	AMINO1PTASE	0.999999999998674	-1.32569996647014e-12	1	0	0	44	2330
PR00440	GPROTEINA12	0.999999999998674	-1.32569996647014e-12	1	0	0	44	2330
PR00124	ATPASEC	0.999999999998674	-1.32569996647014e-12	1	0	0	44	2330
PR00351	OM20RECEPTOR	0.999999999998674	-1.32569996647014e-12	1	0	0	44	2330
PR00332	HISTRIAD	0.999999999998674	-1.32569996647014e-12	1	0	0	44	2330
PR00085	THFDHDRGNASE	0.999999999998674	-1.32569996647014e-12	1	0	0	44	2330
PR01047	TRNASYNTHTHR	0.999999999998674	-1.32569996647014e-12	1	0	0	44	2330
PR00336	LYSASSOCTDMP	0.999999999998674	-1.32569996647014e-12	1	0	0	44	2330
PR01218	PSTLEXTENSIN	0.999999999998674	-1.32569996647014e-12	1	0	0	44	2330
PR00058	RIBOSOMALL5	0.999999999998674	-1.32569996647014e-12	1	0	0	44	2330
PR01692	LIPOCALINIMR	0.999999999998674	-1.32569996647014e-12	1	0	0	44	2330
PR01250	RIBOSOMALL34	0.999999999998674	-1.32569996647014e-12	1	0	0	44	2330
PR00784	MTUNCOUPLING	0.999999999998674	-1.32569996647014e-12	1	0	0	44	2330
PR01660	MCMPROTEIN4	0.999999999998674	-1.32569996647014e-12	1	0	0	44	2330
PR00741	GLHYDRLASE29	0.999999999998674	-1.32569996647014e-12	1	0	0	44	2330
PR00043	LEUZIPPRJUN	0.999999999998674	-1.32569996647014e-12	1	0	0	44	2330
PR00098	CPSASE	0.999999999998674	-1.32569996647014e-12	1	0	0	44	2330
PR00978	STARPROTEIN	0.999999999998674	-1.32569996647014e-12	1	0	0	44	2330
PR01497	SHALCHANNEL	0.999999999998674	-1.32569996647014e-12	1	0	0	44	2330
PR00203	AMYLOIDA4	0.999999999998674	-1.32569996647014e-12	1	0	0	44	2330
PR00785	NCTRNSLOCATR	0.999999999998674	-1.32569996647014e-12	1	0	0	44	2330
PR00982	TRNASYNTHLYS	0.999999999998674	-1.32569996647014e-12	1	0	0	44	2330
PR01183	RIBORDTASEM1	0.999999999998674	-1.32569996647014e-12	1	0	0	44	2330
PR00104	CGMPKINASE	0.999999999998674	-1.32569996647014e-12	1	0	0	44	2330
PR00967	ONCOGENEAML1	0.999999999998674	-1.32569996647014e-12	1	0	0	44	2330
PR01470	ERGCHANNEL	0.999999999998674	-1.32569996647014e-12	1	0	0	44	2330
PR00339	PCNACYCLIN	0.999999999998674	-1.32569996647014e-12	1	0	0	44	2330
PR00185	EUKARYTPORIN	0.999999999998674	-1.32569996647014e-12	1	0	0	44	2330
PR00086	LLDHDRGNASE	0.999999999998674	-1.32569996647014e-12	1	0	0	44	2330
PR00973	RIBOSOMALS17	0.999999999998674	-1.32569996647014e-12	1	0	0	44	2330
PR00298	CHAPERONIN60	0.999999999998674	-1.32569996647014e-12	1	0	0	44	2330
PR01854	BR22PROTEIN	0.999999999998674	-1.32569996647014e-12	1	0	0	44	2330
PR02012	RCMTNOP2	0.999999999998674	-1.32569996647014e-12	1	0	0	44	2330
PR01232	NAHCO3TRSPRT	0.999999999998674	-1.32569996647014e-12	1	0	0	44	2330
PR00492	RHOGDI	0.999999999998674	-1.32569996647014e-12	1	0	0	44	2330
PR01663	MCMPROTEIN7	0.999999999998674	-1.32569996647014e-12	1	0	0	44	2330
PR00720	MAMMALPTPASE	0.999999999998674	-1.32569996647014e-12	1	0	0	44	2330
PR01873	CYTCOXIDASE4	0.999999999998674	-1.32569996647014e-12	1	0	0	44	2330
PR01365	TELOMERASERT	0.999999999998674	-1.32569996647014e-12	1	0	0	44	2330
PR01588	THIKCHANNEL	0.999999999998674	-1.32569996647014e-12	1	0	0	44	2330
PR00662	G6PISOMERASE	0.999999999998674	-1.32569996647014e-12	1	0	0	44	2330
PR00623	HISTONEH4	0.999999999998674	-1.32569996647014e-12	1	0	0	44	2330
PR00220	SYNAPTOPHYSN	0.999999999998674	-1.32569996647014e-12	1	0	0	44	2330
PR00076	6PGDHDRGNASE	0.999999999998674	-1.32569996647014e-12	1	0	0	44	2330
PR00082	GLFDHDRGNASE	0.999999999998674	-1.32569996647014e-12	1	0	0	44	2330
PR01849	UBIQUITINACT	0.999999999998674	-1.32569996647014e-12	1	0	0	44	2330
PR00600	PP2APR55	0.999999999998674	-1.32569996647014e-12	1	0	0	44	2330
PR00110	ALPHAAMYLASE	0.999999999998674	-1.32569996647014e-12	1	0	0	44	2330
PR01760	DISHEVELLED	0.999999999998674	-1.32569996647014e-12	1	0	0	44	2330
PR01000	SREBPS2PTASE	0.999999999998674	-1.32569996647014e-12	1	0	0	44	2330
PR00392	PROFILIN	0.999999999998674	-1.32569996647014e-12	1	0	0	44	2330
PR00443	GPROTEINAS	0.999999999998674	-1.32569996647014e-12	1	0	0	44	2330
PR01716	DEATHASSOCP3	0.999999999998674	-1.32569996647014e-12	1	0	0	44	2330
PR00477	PHGLYCKINASE	0.999999999998674	-1.32569996647014e-12	1	0	0	44	2330
PR00378	LIIMPHPHTASE	0.999999999998674	-1.32569996647014e-12	1	0	0	44	2330
PR00896	VASOPRESSINR	0.999999999998674	-1.32569996647014e-12	1	0	0	44	2330
PR00108	THYMDSNTHASE	0.999999999998674	-1.32569996647014e-12	1	0	0	44	2330
PR00143	CITRTSNTHASE	0.999999999998674	-1.32569996647014e-12	1	0	0	44	2330
PR00044	LEUZIPPRMYC	0.999999999998674	-1.32569996647014e-12	1	0	0	44	2330
PR00162	RIESKE	0.999999999998674	-1.32569996647014e-12	1	0	0	44	2330
PR01551	SPO11HOMOLOG	0.999999999998674	-1.32569996647014e-12	1	0	0	44	2330
PR00474	GLU5KINASE	0.999999999998674	-1.32569996647014e-12	1	0	0	44	2330
PR00465	EP450IV	0.999999999998674	-1.32569996647014e-12	1	0	0	44	2330
PR00115	F16BPHPHTASE	0.999999999998674	-1.32569996647014e-12	1	0	0	44	2330
PR00407	EUMOPTERIN	0.999999999998674	-1.32569996647014e-12	1	0	0	44	2330
PR00321	GPROTEING	0.999999999998674	-1.32569996647014e-12	1	0	0	44	2330
PR02031	CYSSERRICHNP	0.999999999998674	-1.32569996647014e-12	1	0	0	44	2330
PR01049	PHOSPHBKNASE	0.999999999998674	-1.32569996647014e-12	1	0	0	44	2330
PR01043	TRNASYNTHGLY	0.999999999998674	-1.32569996647014e-12	1	0	0	44	2330
PR01653	TCTPROTEIN	0.999999999998674	-1.32569996647014e-12	1	0	0	44	2330
PR00448	NSFATTACHMNT	0.999999999998674	-1.32569996647014e-12	1	0	0	44	2330
PR00132	GLHYDRLASE2	0.999999999998674	-1.32569996647014e-12	1	0	0	44	2330
PR00217	POSTSYNAPTIC	0.999999999998674	-1.32569996647014e-12	1	0	0	44	2330
PR00194	TROPOMYOSIN	0.999999999998674	-1.32569996647014e-12	1	0	0	44	2330
PR01630	LVDCCALPHA1	0.999999999998674	-1.32569996647014e-12	1	0	0	44	2330
PR00779	INSP3RECEPTR	0.999999999998674	-1.32569996647014e-12	1	0	0	44	2330
PR01464	EAGCHANNEL	0.999999999998674	-1.32569996647014e-12	1	0	0	44	2330
PR00846	GLHYDRLASE56	0.999999999998674	-1.32569996647014e-12	1	0	0	44	2330
PR01245	RAD1REC1	0.999999999998674	-1.32569996647014e-12	1	0	0	44	2330
PR02011	RCMTNCL1	0.999999999998674	-1.32569996647014e-12	1	0	0	44	2330
PR00139	ASNGLNASE	0.999999999998674	-1.32569996647014e-12	1	0	0	44	2330
PR01662	MCMPROTEIN6	0.999999999998674	-1.32569996647014e-12	1	0	0	44	2330
PR00719	LMWPTPASE	0.999999999998674	-1.32569996647014e-12	1	0	0	44	2330
PR01748	AP2TNSCPFCT	0.999999999998674	-1.32569996647014e-12	1	0	0	44	2330
PR00072	MALOXRDTASE	0.999999999998674	-1.32569996647014e-12	1	0	0	44	2330
PR00627	GTPRANTC4	0.999999999998674	-1.32569996647014e-12	1	0	0	44	2330
PR01989	EUOM20RECPTR	0.999999999998674	-1.32569996647014e-12	1	0	0	44	2330
PR00960	LMBPPROTEIN	0.999999999998674	-1.32569996647014e-12	1	0	0	44	2330
PR01698	CYTOFMRPINTP	0.999999999998674	-1.32569996647014e-12	1	0	0	44	2330
PR01243	NUCDPKINASE	0.999999999998674	-1.32569996647014e-12	1	0	0	44	2330
PR01629	TVDCCALPHA1	0.999999999998674	-1.32569996647014e-12	1	0	0	44	2330
PR00456	RIBOSOMALP2	0.999999999998674	-1.32569996647014e-12	1	0	0	44	2330
PR00983	TRNASYNTHCYS	0.999999999998674	-1.32569996647014e-12	1	0	0	44	2330
PR00464	EP450II	0.999999999998674	-1.32569996647014e-12	1	0	0	44	2330
PR01770	ERK1ERK2MAPK	0.999999999998674	-1.32569996647014e-12	1	0	0	44	2330
PR01848	U2AUXFACTOR	0.999999999998674	-1.32569996647014e-12	1	0	0	44	2330
PR00990	RIBOKINASE	0.999999999998674	-1.32569996647014e-12	1	0	0	44	2330
PR01738	RNABINDINGM8	0.999999999998674	-1.32569996647014e-12	1	0	0	44	2330
PR00125	ATPASEDELTA	0.999999999998674	-1.32569996647014e-12	1	0	0	44	2330
PR01550	TOP6AFAMILY	0.999999999998674	-1.32569996647014e-12	1	0	0	44	2330
PR00472	CASNKINASEII	0.999999999998674	-1.32569996647014e-12	1	0	0	44	2330
PR00276	INSULINFAMLY	0.999999999998674	-1.32569996647014e-12	1	0	0	44	2330
PR00373	GLYCHORMONER	0.999999999998674	-1.32569996647014e-12	1	0	0	44	2330
PR01802	SYNEMBRYN	0.999999999998674	-1.32569996647014e-12	1	0	0	44	2330
PR01586	TWIKCHANNEL	0.999999999998674	-1.32569996647014e-12	1	0	0	44	2330
PR00100	AOTCASE	0.999999999998674	-1.32569996647014e-12	1	0	0	44	2330
PR01640	PROFILINPLNT	0.999999999998674	-1.32569996647014e-12	1	0	0	44	2330
PR00882	RIBOSOMALL7A	0.999999999998674	-1.32569996647014e-12	1	0	0	44	2330
PR00416	EUTPISMRASEI	0.999999999998674	-1.32569996647014e-12	1	0	0	44	2330
PR00938	BRACHYURY	0.999999999998674	-1.32569996647014e-12	1	0	0	44	2330
PR00767	DBMONOXGNASE	0.999999999998674	-1.32569996647014e-12	1	0	0	44	2330
PR00191	FACTINCAPA	0.999999999998674	-1.32569996647014e-12	1	0	0	44	2330
PR01075	PRESENILNSEL	0.999999999998674	-1.32569996647014e-12	1	0	0	44	2330
PR00355	ADRENODOXIN	0.999999999998674	-1.32569996647014e-12	1	0	0	44	2330
PR00545	RETINOIDXR	0.999999999998674	-1.32569996647014e-12	1	0	0	44	2330
PR00664	OCTOPAMINER	0.999999999998674	-1.32569996647014e-12	1	0	0	44	2330
PR00322	G10	0.999999999998674	-1.32569996647014e-12	1	0	0	44	2330
PR00867	DNAPOLG	0.999999999998674	-1.32569996647014e-12	1	0	0	44	2330
PR00738	GLHYDRLASE20	0.999999999998674	-1.32569996647014e-12	1	0	0	44	2330
PR00740	GLHYDRLASE27	0.999999999998674	-1.32569996647014e-12	1	0	0	44	2330
PR01368	SYNAPSIN	0.999999999998674	-1.32569996647014e-12	1	0	0	44	2330
PR01661	MCMPROTEIN5	0.999999999998674	-1.32569996647014e-12	1	0	0	44	2330
PR00071	HMGCOARDTASE	0.999999999998674	-1.32569996647014e-12	1	0	0	44	2330
PR00302	LUPUSLA	0.999999999998674	-1.32569996647014e-12	1	0	0	44	2330
PR00414	PPTHIESTRASE	0.999999999998674	-1.32569996647014e-12	1	0	0	44	2330
PR00154	AMPBINDING	0.999999999998674	-1.32569996647014e-12	1	0	0	44	2330
PR01433	POLYCYSTIN2	0.999999999998674	-1.32569996647014e-12	1	0	0	44	2330
PR00003	4DISULPHCORE	0.999999999998674	-1.32569996647014e-12	1	0	0	44	2330
PR00127	CLPPROTEASEP	0.999999999998674	-1.32569996647014e-12	1	0	0	44	2330
PR00728	SIGNALPTASE	0.999999999998674	-1.32569996647014e-12	1	0	0	44	2330
PR00971	RIBOSOMALS10	0.999999999998674	-1.32569996647014e-12	1	0	0	44	2330
PR00961	HUDSXLRNA	0.999999999998674	-1.32569996647014e-12	1	0	0	44	2330
PR01246	RAD1REPAIR	0.999999999998674	-1.32569996647014e-12	1	0	0	44	2330
PR01868	ABCEFAMILY	0.999999999998674	-1.32569996647014e-12	1	0	0	44	2330
PR00603	CYTOCHROMEC1	0.999999999998674	-1.32569996647014e-12	1	0	0	44	2330
PR00625	JDOMAIN	0.999999999998725	-1.2747507507548e-12	25	0	0	44	2330
PR00837	V5TPXLIKE	0.999999999998725	-1.2747507507548e-12	25	0	0	44	2330
PR01078	AMINACHANNEL	0.999999999998939	-1.06082641667442e-12	21	0	0	44	2330
PR00800	YHDCRBOXLASE	0.999999999999309	-6.90914680005146e-13	5	0	0	44	2330
PR01125	FMOXYGENASE5	0.999999999999309	-6.90914680005146e-13	5	0	0	44	2330
PR00160	GLUTAREDOXIN	0.999999999999309	-6.90914680005146e-13	5	0	0	44	2330
PR01609	CD36FAMILY	0.999999999999309	-6.90914680005146e-13	5	0	0	44	2330
PR00371	FPNCR	0.999999999999309	-6.90914680005146e-13	5	0	0	44	2330
PR01349	WNTPROTEIN	0.999999999999309	-6.90914680005146e-13	5	0	0	44	2330
PR00347	THAUMATIN	0.999999999999309	-6.90914680005146e-13	5	0	0	44	2330
PR00405	REVINTRACTNG	0.999999999999309	-6.90914680005146e-13	5	0	0	44	2330
PR00744	GLHYDRLASE37	0.999999999999309	-6.90914680005146e-13	5	0	0	44	2330
PR00248	GPCRMGR	0.999999999999309	-6.90914680005146e-13	5	0	0	44	2330
PR00661	ERMFAMILY	0.999999999999309	-6.90914680005146e-13	5	0	0	44	2330
PR00111	ABHYDROLASE	0.999999999999309	-6.90914680005146e-13	5	0	0	44	2330
PR00620	HISTONEH2A	0.999999999999309	-6.90914680005146e-13	5	0	0	44	2330
PR01625	GSTRNSFRASEO	0.999999999999309	-6.90914680005146e-13	5	0	0	44	2330
PR00723	SUBTILISIN	0.999999999999309	-6.90914680005146e-13	5	0	0	44	2330
PR00249	GPCRSECRETIN	0.999999999999309	-6.90914680005146e-13	5	0	0	44	2330
PR00299	ACRYSTALLIN	0.999999999999321	-6.78712512002708e-13	15	0	0	44	2330
PR00261	LDLRECEPTOR	0.999999999999321	-6.78712512002708e-13	15	0	0	44	2330
PR00178	FATTYACIDBP	0.999999999999375	-6.24462383810885e-13	10	0	0	44	2330
PR01162	ALPHATUBULIN	0.999999999999375	-6.24462383810885e-13	10	0	0	44	2330
PR00756	ALADIPTASE	0.999999999999375	-6.24462383810885e-13	10	0	0	44	2330
PR00171	SUGRTRNSPORT	0.999999999999375	-6.24462383810885e-13	10	0	0	44	2330
PR00348	UBIQUITIN	0.999999999999512	-4.8814074291831e-13	6	0	0	44	2330
PR00092	TYROSINASE	0.999999999999512	-4.8814074291831e-13	6	0	0	44	2330
PR00387	PDIESTERASE1	0.999999999999512	-4.8814074291831e-13	6	0	0	44	2330
PR00094	ADENYLTKNASE	0.999999999999512	-4.8814074291831e-13	6	0	0	44	2330
PR00689	ACOABINDINGP	0.999999999999512	-4.8814074291831e-13	6	0	0	44	2330
PR00399	SYNAPTOTAGMN	0.999999999999512	-4.8814074291831e-13	6	0	0	44	2330
PR01494	KV9CHANNEL	0.999999999999512	-4.8814074291831e-13	6	0	0	44	2330
PR00633	RCCNDNSATION	0.999999999999512	-4.8814074291831e-13	6	0	0	44	2330
PR00762	CLCHANNEL	0.999999999999512	-4.8814074291831e-13	6	0	0	44	2330
PR01657	MCMFAMILY	0.999999999999512	-4.8814074291831e-13	6	0	0	44	2330
PR00632	SONICHHOG	0.999999999999512	-4.8814074291831e-13	6	0	0	44	2330
PR00390	PHPHLIPASEC	0.999999999999512	-4.8814074291831e-13	6	0	0	44	2330
PR01163	BETATUBULIN	0.999999999999512	-4.8814074291831e-13	6	0	0	44	2330
PR00193	MYOSINHEAVY	0.999999999999754	-2.45733751957629e-13	17	0	0	44	2330
PR00792	PEPSIN	0.999999999999754	-2.45733751957629e-13	17	0	0	44	2330
PR00380	KINESINHEAVY	0.999999999999754	-2.45733751957629e-13	17	0	0	44	2330
PR00937	TBOX	0.999999999999754	-2.45733751957629e-13	17	0	0	44	2330
PR00759	BASICPTASE	0.999999999999789	-2.1148673422644e-13	20	0	0	44	2330
PR00705	PAPAIN	0.999999999999789	-2.1148673422644e-13	20	0	0	44	2330
PR00452	SH3DOMAIN	1.00000000000014	1.44532849787612e-13	22	0	0	44	2330
PR00318	GPROTEINA	1.00000000000014	1.44532849787612e-13	22	0	0	44	2330
PR00714	MAN6PISMRASE	1.00000000000031	3.07317973152754e-13	2	0	0	44	2330
PR01764	MAPKPHPHTASE	1.00000000000031	3.07317973152754e-13	2	0	0	44	2330
PR01773	P38MAPKINASE	1.00000000000031	3.07317973152754e-13	2	0	0	44	2330
PR01001	FADG3PDH	1.00000000000031	3.07317973152754e-13	2	0	0	44	2330
PR00296	CYCLINKINASE	1.00000000000031	3.07317973152754e-13	2	0	0	44	2330
PR00404	MADSDOMAIN	1.00000000000031	3.07317973152754e-13	2	0	0	44	2330
PR00679	PROHIBITIN	1.00000000000031	3.07317973152754e-13	2	0	0	44	2330
PR00980	TRNASYNTHALA	1.00000000000031	3.07317973152754e-13	2	0	0	44	2330
PR00342	RHESUSRHD	1.00000000000031	3.07317973152754e-13	2	0	0	44	2330
PR01573	SUPERTUBBY	1.00000000000031	3.07317973152754e-13	2	0	0	44	2330
PR01869	BCATNINFAMLY	1.00000000000031	3.07317973152754e-13	2	0	0	44	2330
PR00381	KINESINLIGHT	1.00000000000031	3.07317973152754e-13	2	0	0	44	2330
PR00626	CALRETICULIN	1.00000000000031	3.07317973152754e-13	2	0	0	44	2330
PR00789	OSIALOPTASE	1.00000000000031	3.07317973152754e-13	2	0	0	44	2330
PR01186	INTEGRINB	1.00000000000031	3.07317973152754e-13	2	0	0	44	2330
PR01452	LNOTCHREPEAT	1.00000000000031	3.07317973152754e-13	2	0	0	44	2330
PR00616	CCAATSUBUNTB	1.00000000000031	3.07317973152754e-13	2	0	0	44	2330
PR00120	HATPASE	1.00000000000031	3.07317973152754e-13	2	0	0	44	2330
PR00776	HEMOGLOBNASE	1.00000000000031	3.07317973152754e-13	2	0	0	44	2330
PR01072	PRESENILIN	1.00000000000031	3.07317973152754e-13	2	0	0	44	2330
PR00077	GPDHDRGNASE	1.00000000000031	3.07317973152754e-13	2	0	0	44	2330
PR01908	ADSPHPHTASE	1.00000000000031	3.07317973152754e-13	2	0	0	44	2330
PR01160	GABAARBETA	1.00000000000031	3.07317973152754e-13	2	0	0	44	2330
PR00415	ACONITASE	1.00000000000031	3.07317973152754e-13	2	0	0	44	2330
PR00727	LEADERPTASE	1.00000000000031	3.07317973152754e-13	2	0	0	44	2330
PR00717	GPCRKINASE	1.00000000000031	3.07317973152754e-13	2	0	0	44	2330
PR00891	RABGDIREP	1.00000000000031	3.07317973152754e-13	2	0	0	44	2330
PR00981	TRNASYNTHSER	1.00000000000031	3.07317973152754e-13	2	0	0	44	2330
PR00742	GLHYDRLASE35	1.00000000000031	3.07317973152754e-13	2	0	0	44	2330
PR01268	GSTRNSFRASEP	1.00000000000031	3.07317973152754e-13	2	0	0	44	2330
PR01039	TRNASYNTHTRP	1.00000000000031	3.07317973152754e-13	2	0	0	44	2330
PR00876	MTNEMATODE	1.00000000000031	3.07317973152754e-13	2	0	0	44	2330
PR01035	TCRTETA	1.00000000000031	3.07317973152754e-13	2	0	0	44	2330
PR00653	ACTIVIN2R	1.00000000000031	3.07317973152754e-13	2	0	0	44	2330
PR00883	NUCLEARHMG	1.00000000000031	3.07317973152754e-13	2	0	0	44	2330
PR00377	IMPHPHTASES	1.00000000000031	3.07317973152754e-13	2	0	0	44	2330
PR00887	SSRCOGNITION	1.00000000000031	3.07317973152754e-13	2	0	0	44	2330
PR01182	ORNDCRBXLASE	1.00000000000031	3.07317973152754e-13	2	0	0	44	2330
PR00509	PGMPMM	1.00000000000031	3.07317973152754e-13	2	0	0	44	2330
PR00805	ALPHACATENIN	1.00000000000031	3.07317973152754e-13	2	0	0	44	2330
PR01822	CCYSTOKININR	1.00000000000031	3.07317973152754e-13	2	0	0	44	2330
PR00481	LAMNOPPTDASE	1.00000000000031	3.07317973152754e-13	2	0	0	44	2330
PR00122	VACATPASE	1.00000000000031	3.07317973152754e-13	2	0	0	44	2330
PR00991	6PFRUCTKNASE	1.00000000000031	3.07317973152754e-13	2	0	0	44	2330
PR01050	PYRUVTKNASE	1.00000000000031	3.07317973152754e-13	2	0	0	44	2330
PR00892	RABGDI	1.00000000000031	3.07317973152754e-13	2	0	0	44	2330
PR01040	TRNASYNTHTYR	1.00000000000031	3.07317973152754e-13	2	0	0	44	2330
PR00604	CYTCHRMECIAB	1.00000000000031	3.07317973152754e-13	2	0	0	44	2330
PR00476	PHFRCTKINASE	1.00000000000031	3.07317973152754e-13	2	0	0	44	2330
PR01041	TRNASYNTHMET	1.00000000000031	3.07317973152754e-13	2	0	0	44	2330
PR01038	TRNASYNTHARG	1.00000000000031	3.07317973152754e-13	2	0	0	44	2330
PR00686	TIFACTORIID	1.00000000000031	3.07317973152754e-13	2	0	0	44	2330
PR00986	TRNASYNTHVAL	1.00000000000031	3.07317973152754e-13	2	0	0	44	2330
PR01185	INTEGRINA	1.00000000000031	3.07317973152754e-13	2	0	0	44	2330
PR00189	TRNSTHYRETIN	1.00000000000031	3.07317973152754e-13	2	0	0	44	2330
PR00962	LETHAL2GIANT	1.00000000000031	3.07317973152754e-13	2	0	0	44	2330
PR00660	ERLUMENR	1.00000000000031	3.07317973152754e-13	2	0	0	44	2330
PR00395	RIBOSOMALS2	1.00000000000031	3.07317973152754e-13	2	0	0	44	2330
PR01179	ODADCRBXLASE	1.00000000000031	3.07317973152754e-13	2	0	0	44	2330
PR01703	MNSODISMTASE	1.00000000000031	3.07317973152754e-13	2	0	0	44	2330
PR00131	GLHYDRLASE1	1.00000000000031	3.07317973152754e-13	2	0	0	44	2330
PR00597	GELSOLIN	1.00000000000031	3.07317973152754e-13	2	0	0	44	2330
PR00702	ACRIFLAVINRP	1.00000000000031	3.07317973152754e-13	2	0	0	44	2330
PR01046	TRNASYNTHPRO	1.00000000000031	3.07317973152754e-13	2	0	0	44	2330
PR00599	MAPEPTIDASE	1.00000000000031	3.07317973152754e-13	2	0	0	44	2330
PR00149	FUMRATELYASE	1.00000000000031	3.07317973152754e-13	2	0	0	44	2330
PR00685	TIFACTORIIB	1.00000000000031	3.07317973152754e-13	2	0	0	44	2330
PR00141	PROTEASOME	1.00000000000031	3.07317973152754e-13	2	0	0	44	2330
PR00417	PRTPISMRASEI	1.00000000000031	3.07317973152754e-13	2	0	0	44	2330
PR00984	TRNASYNTHILE	1.00000000000031	3.07317973152754e-13	2	0	0	44	2330
PR00504	CHROMODOMAIN	1.00000000000031	3.07317973152754e-13	2	0	0	44	2330
PR01626	LCACHANNELB	1.00000000000031	3.07317973152754e-13	2	0	0	44	2330
PR01301	RGSPROTEIN	1.00000000000066	6.61848678849302e-13	12	0	0	44	2330
PR00031	HTHREPRESSR	1.00000000000066	6.61848678849302e-13	12	0	0	44	2330
PR00765	CRBOXYPTASEA	1.00000000000066	6.61848678849302e-13	12	0	0	44	2330
PR00069	ALDKETRDTASE	1.00000000000066	6.61848678849302e-13	12	0	0	44	2330
PR00838	V5ALLERGEN	1.00000000000103	1.02560298389324e-12	19	0	0	44	2330
PR00401	SH2DOMAIN	1.00000000000103	1.02560298389324e-12	19	0	0	44	2330
PR00624	HISTONEH5	1.00000000000103	1.02621765360445e-12	8	0	0	44	2330
PR00219	SYNAPTOBREVN	1.00000000000103	1.02621765360445e-12	8	0	0	44	2330
PR00935	BAND41	1.00000000000103	1.02621765360445e-12	8	0	0	44	2330
PR00721	STOMATIN	1.00000000000103	1.02621765360445e-12	8	0	0	44	2330
PR00927	ADPTRNSLCASE	1.00000000000103	1.02621765360445e-12	8	0	0	44	2330
PR00454	ETSDOMAIN	1.00000000000103	1.02621765360445e-12	8	0	0	44	2330
PR00619	GATAZNFINGER	1.00000000000103	1.02621765360445e-12	8	0	0	44	2330
PR01270	HDASUPER	1.00000000000103	1.02621765360445e-12	8	0	0	44	2330
PR00177	NMDARECEPTOR	1.00000000000103	1.02621765360445e-12	8	0	0	44	2330
PR00786	NEPRILYSIN	1.00000000000103	1.02621765360445e-12	8	0	0	44	2330
PR00078	G3PDHDRGNASE	1.00000000000121	1.20784053448165e-12	4	0	0	44	2330
PR00300	CLPPROTEASEA	1.00000000000121	1.20784053448165e-12	4	0	0	44	2330
PR02008	RCMTFAMILY	1.00000000000121	1.20784053448165e-12	4	0	0	44	2330
PR02095	TRNSPORTRHRG	1.00000000000121	1.20784053448165e-12	4	0	0	44	2330
PR00196	ANNEXIN	1.00000000000121	1.20784053448165e-12	4	0	0	44	2330
PR00716	MPIPHPHTASE	1.00000000000121	1.20784053448165e-12	4	0	0	44	2330
PR00621	HISTONEH2B	1.00000000000121	1.20784053448165e-12	4	0	0	44	2330
PR00878	CHOLNESTRASE	1.00000000000121	1.20784053448165e-12	4	0	0	44	2330
PR00853	XPGRADSUPER	1.00000000000121	1.20784053448165e-12	4	0	0	44	2330
PR01231	HCO3TRNSPORT	1.00000000000121	1.20784053448165e-12	4	0	0	44	2330
PR00929	ATHOOK	1.00000000000121	1.20784053448165e-12	4	0	0	44	2330
PR00363	CYTOCHROMEB5	1.00000000000121	1.20784053448165e-12	4	0	0	44	2330
PR00050	COLDSHOCK	1.00000000000121	1.20784053448165e-12	4	0	0	44	2330
PR01042	TRNASYNTHASP	1.00000000000121	1.20784053448165e-12	4	0	0	44	2330
PR00843	GLHYDRLASE30	1.00000000000121	1.20784053448165e-12	4	0	0	44	2330
PR00888	SM22CALPONIN	1.00000000000121	1.20784053448165e-12	4	0	0	44	2330
PR00314	CLATHRINADPT	1.00000000000121	1.20784053448165e-12	4	0	0	44	2330
PR00024	HOMEOBOX	1.00000000000125	1.24895984022271e-12	26	0	0	44	2330
PR00722	CHYMOTRYPSIN	1.00000000000141	1.41319906502602e-12	7	0	0	44	2330
PR00370	FMOXYGENASE	1.00000000000141	1.41319906502602e-12	7	0	0	44	2330
PR00441	GPROTEINAI	1.00000000000141	1.41319906502602e-12	7	0	0	44	2330
PR00747	GLYHDRLASE47	1.00000000000141	1.41319906502602e-12	7	0	0	44	2330
PR00699	TMPROTEINSRB	1.00000000000144	1.44189100978227e-12	14	0	0	44	2330
PR00315	ELONGATNFCT	1.00000000000144	1.44189100978227e-12	14	0	0	44	2330
PR00724	CRBOXYPTASEC	1.00000000000147	1.47104623141364e-12	9	0	0	44	2330
PR01084	NAHEXCHNGR	1.00000000000147	1.47104623141364e-12	9	0	0	44	2330
PR00304	TCOMPLEXTCP1	1.00000000000147	1.47104623141364e-12	9	0	0	44	2330
PR00622	HISTONEH3	1.00000000000147	1.47104623141364e-12	9	0	0	44	2330
PR00027	PAIREDBOX	1.00000000000147	1.47104623141364e-12	9	0	0	44	2330
PR01095	TASKCHANNEL	1.00000000000147	1.47104623141364e-12	9	0	0	44	2330
PR00326	GTP1OBG	1.00000000000147	1.47104623141364e-12	9	0	0	44	2330
PR00320	GPROTEINBRPT	1.00000000000197	1.96747709382405e-12	41	0	0	44	2330
PR00153	CSAPPISMRASE	1.00000000000222	2.21858187517705e-12	18	0	0	44	2330
PR00457	ANPEROXIDASE	1.00000000000302	3.01671207022255e-12	13	0	0	44	2330
PR00328	SAR1GTPBP	1.00000000000302	3.01671207022255e-12	13	0	0	44	2330
PR00008	DAGPEDOMAIN	1.00000000000302	3.01671207022255e-12	13	0	0	44	2330
PR00503	BROMODOMAIN	1.00000000000302	3.01671207022255e-12	13	0	0	44	2330
PR01012	NRPEPTIDEYR	1.00000000000302	3.01671207022255e-12	13	0	0	44	2330
PR00259	TMFOUR	1.00000000000302	3.01671207022255e-12	13	0	0	44	2330
PR00704	CALPAIN	1.00000000000302	3.01671207022255e-12	13	0	0	44	2330
PR00700	PRTYPHPHTASE	1.00000000000433	4.33022010678652e-12	57	0	0	44	2330
PR00698	TMPROTEINSRG	1.00000000000578	5.77748590555623e-12	39	0	0	44	2330
PR00114	STPHPHTASE	1.00000000000681	6.81315358360501e-12	45	0	0	44	2330
PR00109	TYRKINASE	1.00000000001087	1.08715323480884e-11	70	0	0	44	2330
