TermID	Term	Enrichment	logP	Genes in Term	Target Genes in Term	Fraction of Targets in Term	Total Target Genes	Total Genes	Entrez Gene IDs	Gene Symbols
PR00480	ASTACIN	0.000297498148986071	-8.1201025548935	39	5	0.135135135135135	37	2330	188420,188422,3565986,188423,181208	nas-20,nas-21,nas-39,nas-22,nas-37
PR00756	ALADIPTASE	0.0101931839796857	-4.58603601934767	10	2	0.0540540540540541	37	2330	179763,181438	anp-1,R03G8.6
PR00738	GLHYDRLASE20	0.0158798283262134	-4.14270563391344	1	1	0.027027027027027	37	2330	180533	hex-1
PR00846	GLHYDRLASE56	0.0158798283262134	-4.14270563391344	1	1	0.027027027027027	37	2330	174383	chhy-1
PR00132	GLHYDRLASE2	0.0158798283262134	-4.14270563391344	1	1	0.027027027027027	37	2330	173326	Y105E8B.9
PR00767	DBMONOXGNASE	0.0158798283262134	-4.14270563391344	1	1	0.027027027027027	37	2330	181639	tbh-1
PR00194	TROPOMYOSIN	0.0158798283262134	-4.14270563391344	1	1	0.027027027027027	37	2330	173319	lev-11
PR00447	NATRESASSCMP	0.0469067985434151	-3.05959265575357	3	1	0.027027027027027	37	2330	177044	smf-3
PR01347	EPHRIN	0.0469067985434151	-3.05959265575357	3	1	0.027027027027027	37	2330	184508	efn-3
PR01498	SHAWCHANNEL	0.0469067985434151	-3.05959265575357	3	1	0.027027027027027	37	2330	181269	egl-36
PR00837	V5TPXLIKE	0.058554814399981	-2.83779196516293	25	2	0.0540540540540541	37	2330	182352,181273	C07A4.3,vap-2
PR01262	INNEXIN	0.058554814399981	-2.83779196516293	25	2	0.0540540540540541	37	2330	191694,178101	inx-9,inx-8
PR00196	ANNEXIN	0.0620612671531168	-2.7796332019764	4	1	0.027027027027027	37	2330	191716	nex-3
PR01130	DERENTRNSPRT	0.0769811868072614	-2.56419421415962	5	1	0.027027027027027	37	2330	181648	ent-2
PR00249	GPCRSECRETIN	0.0769811868072614	-2.56419421415962	5	1	0.027027027027027	37	2330	191374	seb-2
PR00027	PAIREDBOX	0.134385222312498	-2.00704480997037	9	1	0.027027027027027	37	2330	182466	npax-4
PR00171	SUGRTRNSPORT	0.148184337683039	-1.90929825535527	10	1	0.027027027027027	37	2330	189599	Y37A1A.3
PR00360	C2DOMAIN	0.161769328849052	-1.82158385444649	11	1	0.027027027027027	37	2330	181166	pkc-2
PR01491	KVCHANNEL	0.161769328849052	-1.82158385444649	11	1	0.027027027027027	37	2330	181269	egl-36
PR00176	NANEUSMPORT	0.175143427526451	-1.74215005487029	12	1	0.027027027027027	37	2330	178512	snf-9
PR00765	CRBOXYPTASEA	0.175143427526451	-1.74215005487029	12	1	0.027027027027027	37	2330	179994	F02D8.4
PR00457	ANPEROXIDASE	0.188309818028038	-1.66966670432758	13	1	0.027027027027027	37	2330	174340	skpo-1
PR00008	DAGPEDOMAIN	0.188309818028038	-1.66966670432758	13	1	0.027027027027027	37	2330	181166	pkc-2
PR00193	MYOSINHEAVY	0.238960362997273	-1.43145758600416	17	1	0.027027027027027	37	2330	180581	nmy-1
PR00838	V5ALLERGEN	0.263118806363341	-1.33514961358418	19	1	0.027027027027027	37	2330	181273	vap-2
PR00252	NRIONCHANNEL	0.388135728019567	-0.946400186046265	84	2	0.0540540540540541	37	2330	191604,187971	acr-18,lgc-13
PR01333	2POREKCHANEL	0.500747681142552	-0.691652935215674	43	1	0.027027027027027	37	2330	174756	twk-5
PR00114	STPHPHTASE	0.516774689744475	-0.660148302665698	45	1	0.027027027027027	37	2330	182242	pph-1
PR00237	GPCRRHODOPSN	0.677917549419339	-0.388729606962706	144	2	0.0540540540540541	37	2330	259744,184469	ser-3,octr-1
PR00385	P450	0.684653539247375	-0.378842350791454	71	1	0.027027027027027	37	2330	188350	cyp-34A4
PR00463	EP450I	0.689818576455562	-0.371326648636786	72	1	0.027027027027027	37	2330	188350	cyp-34A4
PR00047	STROIDFINGER	0.979654090320498	-0.0205557386864768	231	1	0.027027027027027	37	2330	182276	nhr-76
PR00892	RABGDI	0.999999999997016	-2.98429548217446e-12	2	0	0	37	2330
PR00189	TRNSTHYRETIN	0.999999999997016	-2.98429548217446e-12	2	0	0	37	2330
PR00120	HATPASE	0.999999999997016	-2.98429548217446e-12	2	0	0	37	2330
PR00962	LETHAL2GIANT	0.999999999997016	-2.98429548217446e-12	2	0	0	37	2330
PR00986	TRNASYNTHVAL	0.999999999997016	-2.98429548217446e-12	2	0	0	37	2330
PR01908	ADSPHPHTASE	0.999999999997016	-2.98429548217446e-12	2	0	0	37	2330
PR01822	CCYSTOKININR	0.999999999997016	-2.98429548217446e-12	2	0	0	37	2330
PR01038	TRNASYNTHARG	0.999999999997016	-2.98429548217446e-12	2	0	0	37	2330
PR00981	TRNASYNTHSER	0.999999999997016	-2.98429548217446e-12	2	0	0	37	2330
PR01452	LNOTCHREPEAT	0.999999999997016	-2.98429548217446e-12	2	0	0	37	2330
PR00727	LEADERPTASE	0.999999999997016	-2.98429548217446e-12	2	0	0	37	2330
PR00805	ALPHACATENIN	0.999999999997016	-2.98429548217446e-12	2	0	0	37	2330
PR01268	GSTRNSFRASEP	0.999999999997016	-2.98429548217446e-12	2	0	0	37	2330
PR01035	TCRTETA	0.999999999997016	-2.98429548217446e-12	2	0	0	37	2330
PR01040	TRNASYNTHTYR	0.999999999997016	-2.98429548217446e-12	2	0	0	37	2330
PR01182	ORNDCRBXLASE	0.999999999997016	-2.98429548217446e-12	2	0	0	37	2330
PR00887	SSRCOGNITION	0.999999999997016	-2.98429548217446e-12	2	0	0	37	2330
PR01041	TRNASYNTHMET	0.999999999997016	-2.98429548217446e-12	2	0	0	37	2330
PR01179	ODADCRBXLASE	0.999999999997016	-2.98429548217446e-12	2	0	0	37	2330
PR01039	TRNASYNTHTRP	0.999999999997016	-2.98429548217446e-12	2	0	0	37	2330
PR00984	TRNASYNTHILE	0.999999999997016	-2.98429548217446e-12	2	0	0	37	2330
PR01001	FADG3PDH	0.999999999997016	-2.98429548217446e-12	2	0	0	37	2330
PR00789	OSIALOPTASE	0.999999999997016	-2.98429548217446e-12	2	0	0	37	2330
PR01626	LCACHANNELB	0.999999999997016	-2.98429548217446e-12	2	0	0	37	2330
PR00509	PGMPMM	0.999999999997016	-2.98429548217446e-12	2	0	0	37	2330
PR00679	PROHIBITIN	0.999999999997016	-2.98429548217446e-12	2	0	0	37	2330
PR00149	FUMRATELYASE	0.999999999997016	-2.98429548217446e-12	2	0	0	37	2330
PR01573	SUPERTUBBY	0.999999999997016	-2.98429548217446e-12	2	0	0	37	2330
PR01072	PRESENILIN	0.999999999997016	-2.98429548217446e-12	2	0	0	37	2330
PR01050	PYRUVTKNASE	0.999999999997016	-2.98429548217446e-12	2	0	0	37	2330
PR00481	LAMNOPPTDASE	0.999999999997016	-2.98429548217446e-12	2	0	0	37	2330
PR00141	PROTEASOME	0.999999999997016	-2.98429548217446e-12	2	0	0	37	2330
PR01764	MAPKPHPHTASE	0.999999999997016	-2.98429548217446e-12	2	0	0	37	2330
PR01773	P38MAPKINASE	0.999999999997016	-2.98429548217446e-12	2	0	0	37	2330
PR00296	CYCLINKINASE	0.999999999997016	-2.98429548217446e-12	2	0	0	37	2330
PR00077	GPDHDRGNASE	0.999999999997016	-2.98429548217446e-12	2	0	0	37	2330
PR00377	IMPHPHTASES	0.999999999997016	-2.98429548217446e-12	2	0	0	37	2330
PR00742	GLHYDRLASE35	0.999999999997016	-2.98429548217446e-12	2	0	0	37	2330
PR01160	GABAARBETA	0.999999999997016	-2.98429548217446e-12	2	0	0	37	2330
PR00504	CHROMODOMAIN	0.999999999997016	-2.98429548217446e-12	2	0	0	37	2330
PR00395	RIBOSOMALS2	0.999999999997016	-2.98429548217446e-12	2	0	0	37	2330
PR01703	MNSODISMTASE	0.999999999997016	-2.98429548217446e-12	2	0	0	37	2330
PR01459	KCNQCHANNEL	0.999999999997016	-2.98429548217446e-12	2	0	0	37	2330
PR00417	PRTPISMRASEI	0.999999999997016	-2.98429548217446e-12	2	0	0	37	2330
PR00404	MADSDOMAIN	0.999999999997016	-2.98429548217446e-12	2	0	0	37	2330
PR00883	NUCLEARHMG	0.999999999997016	-2.98429548217446e-12	2	0	0	37	2330
PR00381	KINESINLIGHT	0.999999999997016	-2.98429548217446e-12	2	0	0	37	2330
PR00604	CYTCHRMECIAB	0.999999999997016	-2.98429548217446e-12	2	0	0	37	2330
PR01869	BCATNINFAMLY	0.999999999997016	-2.98429548217446e-12	2	0	0	37	2330
PR01046	TRNASYNTHPRO	0.999999999997016	-2.98429548217446e-12	2	0	0	37	2330
PR00991	6PFRUCTKNASE	0.999999999997016	-2.98429548217446e-12	2	0	0	37	2330
PR00717	GPCRKINASE	0.999999999997016	-2.98429548217446e-12	2	0	0	37	2330
PR00131	GLHYDRLASE1	0.999999999997016	-2.98429548217446e-12	2	0	0	37	2330
PR00599	MAPEPTIDASE	0.999999999997016	-2.98429548217446e-12	2	0	0	37	2330
PR00876	MTNEMATODE	0.999999999997016	-2.98429548217446e-12	2	0	0	37	2330
PR00685	TIFACTORIIB	0.999999999997016	-2.98429548217446e-12	2	0	0	37	2330
PR00653	ACTIVIN2R	0.999999999997016	-2.98429548217446e-12	2	0	0	37	2330
PR00714	MAN6PISMRASE	0.999999999997016	-2.98429548217446e-12	2	0	0	37	2330
PR00476	PHFRCTKINASE	0.999999999997016	-2.98429548217446e-12	2	0	0	37	2330
PR00616	CCAATSUBUNTB	0.999999999997016	-2.98429548217446e-12	2	0	0	37	2330
PR00342	RHESUSRHD	0.999999999997016	-2.98429548217446e-12	2	0	0	37	2330
PR00626	CALRETICULIN	0.999999999997016	-2.98429548217446e-12	2	0	0	37	2330
PR01185	INTEGRINA	0.999999999997016	-2.98429548217446e-12	2	0	0	37	2330
PR00891	RABGDIREP	0.999999999997016	-2.98429548217446e-12	2	0	0	37	2330
PR00980	TRNASYNTHALA	0.999999999997016	-2.98429548217446e-12	2	0	0	37	2330
PR00597	GELSOLIN	0.999999999997016	-2.98429548217446e-12	2	0	0	37	2330
PR00776	HEMOGLOBNASE	0.999999999997016	-2.98429548217446e-12	2	0	0	37	2330
PR00686	TIFACTORIID	0.999999999997016	-2.98429548217446e-12	2	0	0	37	2330
PR00702	ACRIFLAVINRP	0.999999999997016	-2.98429548217446e-12	2	0	0	37	2330
PR00660	ERLUMENR	0.999999999997016	-2.98429548217446e-12	2	0	0	37	2330
PR01186	INTEGRINB	0.999999999997016	-2.98429548217446e-12	2	0	0	37	2330
PR00415	ACONITASE	0.999999999997016	-2.98429548217446e-12	2	0	0	37	2330
PR00122	VACATPASE	0.999999999997016	-2.98429548217446e-12	2	0	0	37	2330
PR00243	MUSCARINICR	0.99999999999768	-2.32006980985987e-12	3	0	0	37	2330
PR01463	EAGCHANLFMLY	0.99999999999768	-2.32006980985987e-12	3	0	0	37	2330
PR00881	L7ARS6FAMILY	0.99999999999768	-2.32006980985987e-12	3	0	0	37	2330
PR00683	SPECTRINPH	0.99999999999768	-2.32006980985987e-12	3	0	0	37	2330
PR00987	TRNASYNTHGLU	0.99999999999768	-2.32006980985987e-12	3	0	0	37	2330
PR00489	FRIZZLED	0.99999999999768	-2.32006980985987e-12	3	0	0	37	2330
PR01259	NACAEXCHNGR	0.99999999999768	-2.32006980985987e-12	3	0	0	37	2330
PR00389	PHPHLIPASEA2	0.99999999999768	-2.32006980985987e-12	3	0	0	37	2330
PR00255	NATPEPTIDER	0.99999999999768	-2.32006980985987e-12	3	0	0	37	2330
PR00790	PAMONOXGNASE	0.99999999999768	-2.32006980985987e-12	3	0	0	37	2330
PR00799	TRANSAMINASE	0.99999999999768	-2.32006980985987e-12	3	0	0	37	2330
PR01857	ADAMTSFAMILY	0.99999999999768	-2.32006980985987e-12	3	0	0	37	2330
PR00319	GPROTEINB	0.99999999999768	-2.32006980985987e-12	3	0	0	37	2330
PR00167	CACHANNEL	0.99999999999768	-2.32006980985987e-12	3	0	0	37	2330
PR00775	HEATSHOCK90	0.99999999999768	-2.32006980985987e-12	3	0	0	37	2330
PR00707	UBCTHYDRLASE	0.99999999999768	-2.32006980985987e-12	3	0	0	37	2330
PR01315	BATTENIN	0.99999999999768	-2.32006980985987e-12	3	0	0	37	2330
PR00406	CYTB5RDTASE	0.99999999999768	-2.32006980985987e-12	3	0	0	37	2330
PR01320	KIRCHANNEL	0.99999999999768	-2.32006980985987e-12	3	0	0	37	2330
PR00593	MTABOTROPICR	0.99999999999768	-2.32006980985987e-12	3	0	0	37	2330
PR00028	POUDOMAIN	0.99999999999768	-2.32006980985987e-12	3	0	0	37	2330
PR00502	NUDIXFAMILY	0.99999999999768	-2.32006980985987e-12	3	0	0	37	2330
PR00075	FACDDSATRASE	0.99999999999768	-2.32006980985987e-12	3	0	0	37	2330
PR00068	CUZNDISMTASE	0.99999999999768	-2.32006980985987e-12	3	0	0	37	2330
PR00195	DYNAMIN	0.99999999999768	-2.32006980985987e-12	3	0	0	37	2330
PR00067	CATALASE	0.99999999999768	-2.32006980985987e-12	3	0	0	37	2330
PR00376	IL1BCENZYME	0.99999999999768	-2.32006980985987e-12	3	0	0	37	2330
PR01097	TRNSRECEPTRP	0.99999999999768	-2.32006980985987e-12	3	0	0	37	2330
PR00391	PITRANSFER	0.99999999999768	-2.32006980985987e-12	3	0	0	37	2330
PR01271	HISDACETLASE	0.99999999999768	-2.32006980985987e-12	3	0	0	37	2330
PR01772	JNKMAPKINASE	0.99999999999768	-2.32006980985987e-12	3	0	0	37	2330
PR00372	FYWHYDRXLASE	0.99999999999768	-2.32006980985987e-12	3	0	0	37	2330
PR00413	HADHALOGNASE	0.99999999999768	-2.32006980985987e-12	3	0	0	37	2330
PR00106	DNAPOLB	0.99999999999768	-2.32006980985987e-12	3	0	0	37	2330
PR02050	B14GALTRFASE	0.99999999999768	-2.32006980985987e-12	3	0	0	37	2330
PR00369	FLAVODOXIN	0.99999999999768	-2.32006980985987e-12	3	0	0	37	2330
PR00305	1433ZETA	0.99999999999768	-2.32006980985987e-12	3	0	0	37	2330
PR01657	MCMFAMILY	0.999999999997893	-2.10742063162332e-12	6	0	0	37	2330
PR00390	PHPHLIPASEC	0.999999999997893	-2.10742063162332e-12	6	0	0	37	2330
PR00387	PDIESTERASE1	0.999999999997893	-2.10742063162332e-12	6	0	0	37	2330
PR00092	TYROSINASE	0.999999999997893	-2.10742063162332e-12	6	0	0	37	2330
PR00399	SYNAPTOTAGMN	0.999999999997893	-2.10742063162332e-12	6	0	0	37	2330
PR00348	UBIQUITIN	0.999999999997893	-2.10742063162332e-12	6	0	0	37	2330
PR00762	CLCHANNEL	0.999999999997893	-2.10742063162332e-12	6	0	0	37	2330
PR01163	BETATUBULIN	0.999999999997893	-2.10742063162332e-12	6	0	0	37	2330
PR00094	ADENYLTKNASE	0.999999999997893	-2.10742063162332e-12	6	0	0	37	2330
PR00689	ACOABINDINGP	0.999999999997893	-2.10742063162332e-12	6	0	0	37	2330
PR00633	RCCNDNSATION	0.999999999997893	-2.10742063162332e-12	6	0	0	37	2330
PR00632	SONICHHOG	0.999999999997893	-2.10742063162332e-12	6	0	0	37	2330
PR01494	KV9CHANNEL	0.999999999997893	-2.10742063162332e-12	6	0	0	37	2330
PR01349	WNTPROTEIN	0.999999999998572	-1.42818806031261e-12	5	0	0	37	2330
PR00111	ABHYDROLASE	0.999999999998572	-1.42818806031261e-12	5	0	0	37	2330
PR01609	CD36FAMILY	0.999999999998572	-1.42818806031261e-12	5	0	0	37	2330
PR00248	GPCRMGR	0.999999999998572	-1.42818806031261e-12	5	0	0	37	2330
PR00371	FPNCR	0.999999999998572	-1.42818806031261e-12	5	0	0	37	2330
PR00160	GLUTAREDOXIN	0.999999999998572	-1.42818806031261e-12	5	0	0	37	2330
PR00744	GLHYDRLASE37	0.999999999998572	-1.42818806031261e-12	5	0	0	37	2330
PR00723	SUBTILISIN	0.999999999998572	-1.42818806031261e-12	5	0	0	37	2330
PR01625	GSTRNSFRASEO	0.999999999998572	-1.42818806031261e-12	5	0	0	37	2330
PR01125	FMOXYGENASE5	0.999999999998572	-1.42818806031261e-12	5	0	0	37	2330
PR00620	HISTONEH2A	0.999999999998572	-1.42818806031261e-12	5	0	0	37	2330
PR00347	THAUMATIN	0.999999999998572	-1.42818806031261e-12	5	0	0	37	2330
PR00800	YHDCRBOXLASE	0.999999999998572	-1.42818806031261e-12	5	0	0	37	2330
PR00412	EPOXHYDRLASE	0.999999999998572	-1.42818806031261e-12	5	0	0	37	2330
PR00661	ERMFAMILY	0.999999999998572	-1.42818806031261e-12	5	0	0	37	2330
PR00405	REVINTRACTNG	0.999999999998572	-1.42818806031261e-12	5	0	0	37	2330
PR00301	HEATSHOCK70	0.999999999998661	-1.33861950909195e-12	11	0	0	37	2330
PR00205	CADHERIN	0.999999999998661	-1.33861950909195e-12	11	0	0	37	2330
PR00927	ADPTRNSLCASE	0.999999999998698	-1.30202779440063e-12	8	0	0	37	2330
PR00786	NEPRILYSIN	0.999999999998698	-1.30202779440063e-12	8	0	0	37	2330
PR00624	HISTONEH5	0.999999999998698	-1.30202779440063e-12	8	0	0	37	2330
PR01270	HDASUPER	0.999999999998698	-1.30202779440063e-12	8	0	0	37	2330
PR00721	STOMATIN	0.999999999998698	-1.30202779440063e-12	8	0	0	37	2330
PR00219	SYNAPTOBREVN	0.999999999998698	-1.30202779440063e-12	8	0	0	37	2330
PR00177	NMDARECEPTOR	0.999999999998698	-1.30202779440063e-12	8	0	0	37	2330
PR00454	ETSDOMAIN	0.999999999998698	-1.30202779440063e-12	8	0	0	37	2330
PR00619	GATAZNFINGER	0.999999999998698	-1.30202779440063e-12	8	0	0	37	2330
PR00935	BAND41	0.999999999998698	-1.30202779440063e-12	8	0	0	37	2330
PR01162	ALPHATUBULIN	0.999999999998744	-1.25599660051171e-12	10	0	0	37	2330
PR00178	FATTYACIDBP	0.999999999998744	-1.25599660051171e-12	10	0	0	37	2330
PR01245	RAD1REC1	0.999999999999185	-8.15507383844505e-13	1	0	0	37	2330
PR00972	RIBSOMALS12E	0.999999999999185	-8.15507383844505e-13	1	0	0	37	2330
PR01586	TWIKCHANNEL	0.999999999999185	-8.15507383844505e-13	1	0	0	37	2330
PR00108	THYMDSNTHASE	0.999999999999185	-8.15507383844505e-13	1	0	0	37	2330
PR01760	DISHEVELLED	0.999999999999185	-8.15507383844505e-13	1	0	0	37	2330
PR00785	NCTRNSLOCATR	0.999999999999185	-8.15507383844505e-13	1	0	0	37	2330
PR01232	NAHCO3TRSPRT	0.999999999999185	-8.15507383844505e-13	1	0	0	37	2330
PR01047	TRNASYNTHTHR	0.999999999999185	-8.15507383844505e-13	1	0	0	37	2330
PR01464	EAGCHANNEL	0.999999999999185	-8.15507383844505e-13	1	0	0	37	2330
PR01470	ERGCHANNEL	0.999999999999185	-8.15507383844505e-13	1	0	0	37	2330
PR00741	GLHYDRLASE29	0.999999999999185	-8.15507383844505e-13	1	0	0	37	2330
PR01854	BR22PROTEIN	0.999999999999185	-8.15507383844505e-13	1	0	0	37	2330
PR01797	SAPOSIN	0.999999999999185	-8.15507383844505e-13	1	0	0	37	2330
PR00740	GLHYDRLASE27	0.999999999999185	-8.15507383844505e-13	1	0	0	37	2330
PR00298	CHAPERONIN60	0.999999999999185	-8.15507383844505e-13	1	0	0	37	2330
PR00545	RETINOIDXR	0.999999999999185	-8.15507383844505e-13	1	0	0	37	2330
PR01839	RAD23PROTEIN	0.999999999999185	-8.15507383844505e-13	1	0	0	37	2330
PR00967	ONCOGENEAML1	0.999999999999185	-8.15507383844505e-13	1	0	0	37	2330
PR01873	CYTCOXIDASE4	0.999999999999185	-8.15507383844505e-13	1	0	0	37	2330
PR00098	CPSASE	0.999999999999185	-8.15507383844505e-13	1	0	0	37	2330
PR00407	EUMOPTERIN	0.999999999999185	-8.15507383844505e-13	1	0	0	37	2330
PR00627	GTPRANTC4	0.999999999999185	-8.15507383844505e-13	1	0	0	37	2330
PR01497	SHALCHANNEL	0.999999999999185	-8.15507383844505e-13	1	0	0	37	2330
PR00351	OM20RECEPTOR	0.999999999999185	-8.15507383844505e-13	1	0	0	37	2330
PR00076	6PGDHDRGNASE	0.999999999999185	-8.15507383844505e-13	1	0	0	37	2330
PR00492	RHOGDI	0.999999999999185	-8.15507383844505e-13	1	0	0	37	2330
PR01164	GAMMATUBULIN	0.999999999999185	-8.15507383844505e-13	1	0	0	37	2330
PR00983	TRNASYNTHCYS	0.999999999999185	-8.15507383844505e-13	1	0	0	37	2330
PR00773	GRPEPROTEIN	0.999999999999185	-8.15507383844505e-13	1	0	0	37	2330
PR01748	AP2TNSCPFCT	0.999999999999185	-8.15507383844505e-13	1	0	0	37	2330
PR00322	G10	0.999999999999185	-8.15507383844505e-13	1	0	0	37	2330
PR00056	HSFDOMAIN	0.999999999999185	-8.15507383844505e-13	1	0	0	37	2330
PR00448	NSFATTACHMNT	0.999999999999185	-8.15507383844505e-13	1	0	0	37	2330
PR01653	TCTPROTEIN	0.999999999999185	-8.15507383844505e-13	1	0	0	37	2330
PR00882	RIBOSOMALL7A	0.999999999999185	-8.15507383844505e-13	1	0	0	37	2330
PR00220	SYNAPTOPHYSN	0.999999999999185	-8.15507383844505e-13	1	0	0	37	2330
PR01770	ERK1ERK2MAPK	0.999999999999185	-8.15507383844505e-13	1	0	0	37	2330
PR01846	TRHRFAMILY	0.999999999999185	-8.15507383844505e-13	1	0	0	37	2330
PR00663	GALANINR	0.999999999999185	-8.15507383844505e-13	1	0	0	37	2330
PR01698	CYTOFMRPINTP	0.999999999999185	-8.15507383844505e-13	1	0	0	37	2330
PR02011	RCMTNCL1	0.999999999999185	-8.15507383844505e-13	1	0	0	37	2330
PR00975	RIBOSOMALS19	0.999999999999185	-8.15507383844505e-13	1	0	0	37	2330
PR00082	GLFDHDRGNASE	0.999999999999185	-8.15507383844505e-13	1	0	0	37	2330
PR00043	LEUZIPPRJUN	0.999999999999185	-8.15507383844505e-13	1	0	0	37	2330
PR00071	HMGCOARDTASE	0.999999999999185	-8.15507383844505e-13	1	0	0	37	2330
PR00052	FIBRILLARIN	0.999999999999185	-8.15507383844505e-13	1	0	0	37	2330
PR00115	F16BPHPHTASE	0.999999999999185	-8.15507383844505e-13	1	0	0	37	2330
PR01443	TFIID30KDSUB	0.999999999999185	-8.15507383844505e-13	1	0	0	37	2330
PR00623	HISTONEH4	0.999999999999185	-8.15507383844505e-13	1	0	0	37	2330
PR00472	CASNKINASEII	0.999999999999185	-8.15507383844505e-13	1	0	0	37	2330
PR01034	RIBOSOMALS12	0.999999999999185	-8.15507383844505e-13	1	0	0	37	2330
PR00203	AMYLOIDA4	0.999999999999185	-8.15507383844505e-13	1	0	0	37	2330
PR00414	PPTHIESTRASE	0.999999999999185	-8.15507383844505e-13	1	0	0	37	2330
PR00961	HUDSXLRNA	0.999999999999185	-8.15507383844505e-13	1	0	0	37	2330
PR00332	HISTRIAD	0.999999999999185	-8.15507383844505e-13	1	0	0	37	2330
PR00191	FACTINCAPA	0.999999999999185	-8.15507383844505e-13	1	0	0	37	2330
PR00896	VASOPRESSINR	0.999999999999185	-8.15507383844505e-13	1	0	0	37	2330
PR00973	RIBOSOMALS17	0.999999999999185	-8.15507383844505e-13	1	0	0	37	2330
PR00982	TRNASYNTHLYS	0.999999999999185	-8.15507383844505e-13	1	0	0	37	2330
PR00339	PCNACYCLIN	0.999999999999185	-8.15507383844505e-13	1	0	0	37	2330
PR01405	TETRPHPHTASE	0.999999999999185	-8.15507383844505e-13	1	0	0	37	2330
PR00025	ANTENNAPEDIA	0.999999999999185	-8.15507383844505e-13	1	0	0	37	2330
PR00456	RIBOSOMALP2	0.999999999999185	-8.15507383844505e-13	1	0	0	37	2330
PR01630	LVDCCALPHA1	0.999999999999185	-8.15507383844505e-13	1	0	0	37	2330
PR00867	DNAPOLG	0.999999999999185	-8.15507383844505e-13	1	0	0	37	2330
PR01101	5HTRECEPTOR	0.999999999999185	-8.15507383844505e-13	1	0	0	37	2330
PR00868	DNAPOLI	0.999999999999185	-8.15507383844505e-13	1	0	0	37	2330
PR01243	NUCDPKINASE	0.999999999999185	-8.15507383844505e-13	1	0	0	37	2330
PR01365	TELOMERASERT	0.999999999999185	-8.15507383844505e-13	1	0	0	37	2330
PR00600	PP2APR55	0.999999999999185	-8.15507383844505e-13	1	0	0	37	2330
PR00720	MAMMALPTPASE	0.999999999999185	-8.15507383844505e-13	1	0	0	37	2330
PR01368	SYNAPSIN	0.999999999999185	-8.15507383844505e-13	1	0	0	37	2330
PR01989	EUOM20RECPTR	0.999999999999185	-8.15507383844505e-13	1	0	0	37	2330
PR00904	FRATAXIN	0.999999999999185	-8.15507383844505e-13	1	0	0	37	2330
PR01183	RIBORDTASEM1	0.999999999999185	-8.15507383844505e-13	1	0	0	37	2330
PR00085	THFDHDRGNASE	0.999999999999185	-8.15507383844505e-13	1	0	0	37	2330
PR01075	PRESENILNSEL	0.999999999999185	-8.15507383844505e-13	1	0	0	37	2330
PR00185	EUKARYTPORIN	0.999999999999185	-8.15507383844505e-13	1	0	0	37	2330
PR01850	GROUCHOFAMLY	0.999999999999185	-8.15507383844505e-13	1	0	0	37	2330
PR00110	ALPHAAMYLASE	0.999999999999185	-8.15507383844505e-13	1	0	0	37	2330
PR00443	GPROTEINAS	0.999999999999185	-8.15507383844505e-13	1	0	0	37	2330
PR00442	GPROTEINAQ	0.999999999999185	-8.15507383844505e-13	1	0	0	37	2330
PR00302	LUPUSLA	0.999999999999185	-8.15507383844505e-13	1	0	0	37	2330
PR00465	EP450IV	0.999999999999185	-8.15507383844505e-13	1	0	0	37	2330
PR01663	MCMPROTEIN7	0.999999999999185	-8.15507383844505e-13	1	0	0	37	2330
PR01218	PSTLEXTENSIN	0.999999999999185	-8.15507383844505e-13	1	0	0	37	2330
PR00127	CLPPROTEASEP	0.999999999999185	-8.15507383844505e-13	1	0	0	37	2330
PR00373	GLYCHORMONER	0.999999999999185	-8.15507383844505e-13	1	0	0	37	2330
PR01088	NAHEXCHNGR6	0.999999999999185	-8.15507383844505e-13	1	0	0	37	2330
PR00473	GALCTOKINASE	0.999999999999185	-8.15507383844505e-13	1	0	0	37	2330
PR01000	SREBPS2PTASE	0.999999999999185	-8.15507383844505e-13	1	0	0	37	2330
PR01659	MCMPROTEIN3	0.999999999999185	-8.15507383844505e-13	1	0	0	37	2330
PR00003	4DISULPHCORE	0.999999999999185	-8.15507383844505e-13	1	0	0	37	2330
PR00779	INSP3RECEPTR	0.999999999999185	-8.15507383844505e-13	1	0	0	37	2330
PR01049	PHOSPHBKNASE	0.999999999999185	-8.15507383844505e-13	1	0	0	37	2330
PR01802	SYNEMBRYN	0.999999999999185	-8.15507383844505e-13	1	0	0	37	2330
PR00985	TRNASYNTHLEU	0.999999999999185	-8.15507383844505e-13	1	0	0	37	2330
PR01475	PARKIN	0.999999999999185	-8.15507383844505e-13	1	0	0	37	2330
PR01660	MCMPROTEIN4	0.999999999999185	-8.15507383844505e-13	1	0	0	37	2330
PR00041	LEUZIPPRCREB	0.999999999999185	-8.15507383844505e-13	1	0	0	37	2330
PR00971	RIBOSOMALS10	0.999999999999185	-8.15507383844505e-13	1	0	0	37	2330
PR00662	G6PISOMERASE	0.999999999999185	-8.15507383844505e-13	1	0	0	37	2330
PR00989	ADENOKINASE	0.999999999999185	-8.15507383844505e-13	1	0	0	37	2330
PR01546	YEAST73DUF	0.999999999999185	-8.15507383844505e-13	1	0	0	37	2330
PR01250	RIBOSOMALL34	0.999999999999185	-8.15507383844505e-13	1	0	0	37	2330
PR02031	CYSSERRICHNP	0.999999999999185	-8.15507383844505e-13	1	0	0	37	2330
PR00079	G6PDHDRGNASE	0.999999999999185	-8.15507383844505e-13	1	0	0	37	2330
PR00058	RIBOSOMALL5	0.999999999999185	-8.15507383844505e-13	1	0	0	37	2330
PR01640	PROFILINPLNT	0.999999999999185	-8.15507383844505e-13	1	0	0	37	2330
PR00154	AMPBINDING	0.999999999999185	-8.15507383844505e-13	1	0	0	37	2330
PR00850	GLHYDRLASE59	0.999999999999185	-8.15507383844505e-13	1	0	0	37	2330
PR00932	AMINO1PTASE	0.999999999999185	-8.15507383844505e-13	1	0	0	37	2330
PR01433	POLYCYSTIN2	0.999999999999185	-8.15507383844505e-13	1	0	0	37	2330
PR01550	TOP6AFAMILY	0.999999999999185	-8.15507383844505e-13	1	0	0	37	2330
PR01629	TVDCCALPHA1	0.999999999999185	-8.15507383844505e-13	1	0	0	37	2330
PR00297	CHAPERONIN10	0.999999999999185	-8.15507383844505e-13	1	0	0	37	2330
PR00979	TAFAZZIN	0.999999999999185	-8.15507383844505e-13	1	0	0	37	2330
PR00217	POSTSYNAPTIC	0.999999999999185	-8.15507383844505e-13	1	0	0	37	2330
PR00276	INSULINFAMLY	0.999999999999185	-8.15507383844505e-13	1	0	0	37	2330
PR00719	LMWPTPASE	0.999999999999185	-8.15507383844505e-13	1	0	0	37	2330
PR01692	LIPOCALINIMR	0.999999999999185	-8.15507383844505e-13	1	0	0	37	2330
PR00440	GPROTEINA12	0.999999999999185	-8.15507383844505e-13	1	0	0	37	2330
PR01716	DEATHASSOCP3	0.999999999999185	-8.15507383844505e-13	1	0	0	37	2330
PR00728	SIGNALPTASE	0.999999999999185	-8.15507383844505e-13	1	0	0	37	2330
PR00162	RIESKE	0.999999999999185	-8.15507383844505e-13	1	0	0	37	2330
PR00072	MALOXRDTASE	0.999999999999185	-8.15507383844505e-13	1	0	0	37	2330
PR00464	EP450II	0.999999999999185	-8.15507383844505e-13	1	0	0	37	2330
PR00477	PHGLYCKINASE	0.999999999999185	-8.15507383844505e-13	1	0	0	37	2330
PR00309	ARRESTIN	0.999999999999185	-8.15507383844505e-13	1	0	0	37	2330
PR01838	NCAMFAMILY	0.999999999999185	-8.15507383844505e-13	1	0	0	37	2330
PR00416	EUTPISMRASEI	0.999999999999185	-8.15507383844505e-13	1	0	0	37	2330
PR00143	CITRTSNTHASE	0.999999999999185	-8.15507383844505e-13	1	0	0	37	2330
PR00960	LMBPPROTEIN	0.999999999999185	-8.15507383844505e-13	1	0	0	37	2330
PR00044	LEUZIPPRMYC	0.999999999999185	-8.15507383844505e-13	1	0	0	37	2330
PR00990	RIBOKINASE	0.999999999999185	-8.15507383844505e-13	1	0	0	37	2330
PR00791	PEPDIPTASEA	0.999999999999185	-8.15507383844505e-13	1	0	0	37	2330
PR01868	ABCEFAMILY	0.999999999999185	-8.15507383844505e-13	1	0	0	37	2330
PR01848	U2AUXFACTOR	0.999999999999185	-8.15507383844505e-13	1	0	0	37	2330
PR00392	PROFILIN	0.999999999999185	-8.15507383844505e-13	1	0	0	37	2330
PR00355	ADRENODOXIN	0.999999999999185	-8.15507383844505e-13	1	0	0	37	2330
PR00126	ATPASEGAMMA	0.999999999999185	-8.15507383844505e-13	1	0	0	37	2330
PR00938	BRACHYURY	0.999999999999185	-8.15507383844505e-13	1	0	0	37	2330
PR01348	ICLNCHANNEL	0.999999999999185	-8.15507383844505e-13	1	0	0	37	2330
PR00125	ATPASEDELTA	0.999999999999185	-8.15507383844505e-13	1	0	0	37	2330
PR01658	MCMPROTEIN2	0.999999999999185	-8.15507383844505e-13	1	0	0	37	2330
PR00148	ENOLASE	0.999999999999185	-8.15507383844505e-13	1	0	0	37	2330
PR01246	RAD1REPAIR	0.999999999999185	-8.15507383844505e-13	1	0	0	37	2330
PR00192	FACTINCAPB	0.999999999999185	-8.15507383844505e-13	1	0	0	37	2330
PR00139	ASNGLNASE	0.999999999999185	-8.15507383844505e-13	1	0	0	37	2330
PR00474	GLU5KINASE	0.999999999999185	-8.15507383844505e-13	1	0	0	37	2330
PR00784	MTUNCOUPLING	0.999999999999185	-8.15507383844505e-13	1	0	0	37	2330
PR00336	LYSASSOCTDMP	0.999999999999185	-8.15507383844505e-13	1	0	0	37	2330
PR00603	CYTOCHROMEC1	0.999999999999185	-8.15507383844505e-13	1	0	0	37	2330
PR01251	AMPHIPHYSIN	0.999999999999185	-8.15507383844505e-13	1	0	0	37	2330
PR00086	LLDHDRGNASE	0.999999999999185	-8.15507383844505e-13	1	0	0	37	2330
PR01738	RNABINDINGM8	0.999999999999185	-8.15507383844505e-13	1	0	0	37	2330
PR01849	UBIQUITINACT	0.999999999999185	-8.15507383844505e-13	1	0	0	37	2330
PR01661	MCMPROTEIN5	0.999999999999185	-8.15507383844505e-13	1	0	0	37	2330
PR00065	TEADOMAIN	0.999999999999185	-8.15507383844505e-13	1	0	0	37	2330
PR00664	OCTOPAMINER	0.999999999999185	-8.15507383844505e-13	1	0	0	37	2330
PR00928	GRAVESDC	0.999999999999185	-8.15507383844505e-13	1	0	0	37	2330
PR00978	STARPROTEIN	0.999999999999185	-8.15507383844505e-13	1	0	0	37	2330
PR01588	THIKCHANNEL	0.999999999999185	-8.15507383844505e-13	1	0	0	37	2330
PR00100	AOTCASE	0.999999999999185	-8.15507383844505e-13	1	0	0	37	2330
PR00321	GPROTEING	0.999999999999185	-8.15507383844505e-13	1	0	0	37	2330
PR00378	LIIMPHPHTASE	0.999999999999185	-8.15507383844505e-13	1	0	0	37	2330
PR00124	ATPASEC	0.999999999999185	-8.15507383844505e-13	1	0	0	37	2330
PR02012	RCMTNOP2	0.999999999999185	-8.15507383844505e-13	1	0	0	37	2330
PR00104	CGMPKINASE	0.999999999999185	-8.15507383844505e-13	1	0	0	37	2330
PR01551	SPO11HOMOLOG	0.999999999999185	-8.15507383844505e-13	1	0	0	37	2330
PR01662	MCMPROTEIN6	0.999999999999185	-8.15507383844505e-13	1	0	0	37	2330
PR01043	TRNASYNTHGLY	0.999999999999185	-8.15507383844505e-13	1	0	0	37	2330
PR00625	JDOMAIN	0.999999999999836	-1.63579576554513e-13	25	0	0	37	2330
PR00401	SH2DOMAIN	0.999999999999873	-1.27097254878166e-13	19	0	0	37	2330
PR00153	CSAPPISMRASE	1.00000000000009	9.4092424621972e-14	18	0	0	37	2330
PR00697	TMPROTEINSRA	1.00000000000017	1.72789889938535e-13	29	0	0	37	2330
PR00452	SH3DOMAIN	1.00000000000038	3.76475061853787e-13	22	0	0	37	2330
PR00318	GPROTEINA	1.00000000000038	3.76475061853787e-13	22	0	0	37	2330
PR00699	TMPROTEINSRB	1.00000000000052	5.18325986237944e-13	14	0	0	37	2330
PR00053	FORKHEAD	1.00000000000052	5.18325986237944e-13	14	0	0	37	2330
PR00315	ELONGATNFCT	1.00000000000052	5.18325986237944e-13	14	0	0	37	2330
PR01301	RGSPROTEIN	1.00000000000057	5.74752547734217e-13	12	0	0	37	2330
PR00069	ALDKETRDTASE	1.00000000000057	5.74752547734217e-13	12	0	0	37	2330
PR00031	HTHREPRESSR	1.00000000000057	5.74752547734217e-13	12	0	0	37	2330
PR01415	ANKYRIN	1.00000000000088	8.80362434391916e-13	16	0	0	37	2330
PR01161	TUBULIN	1.00000000000088	8.80362434391916e-13	16	0	0	37	2330
PR00926	MITOCARRIER	1.00000000000088	8.80362434391916e-13	16	0	0	37	2330
PR00747	GLYHDRLASE47	1.00000000000102	1.021179952895e-12	7	0	0	37	2330
PR01011	GLUTPROXDASE	1.00000000000102	1.021179952895e-12	7	0	0	37	2330
PR00190	ACTIN	1.00000000000102	1.021179952895e-12	7	0	0	37	2330
PR00441	GPROTEINAI	1.00000000000102	1.021179952895e-12	7	0	0	37	2330
PR00370	FMOXYGENASE	1.00000000000102	1.021179952895e-12	7	0	0	37	2330
PR00138	MATRIXIN	1.00000000000102	1.021179952895e-12	7	0	0	37	2330
PR00722	CHYMOTRYPSIN	1.00000000000102	1.021179952895e-12	7	0	0	37	2330
PR00937	TBOX	1.00000000000113	1.13372924888386e-12	17	0	0	37	2330
PR00792	PEPSIN	1.00000000000113	1.13372924888386e-12	17	0	0	37	2330
PR00380	KINESINHEAVY	1.00000000000113	1.13372924888386e-12	17	0	0	37	2330
PR01078	AMINACHANNEL	1.00000000000147	1.46653013960145e-12	21	0	0	37	2330
PR00320	GPROTEINBRPT	1.00000000000157	1.57238302186991e-12	41	0	0	37	2330
PR00705	PAPAIN	1.00000000000162	1.61873906232249e-12	20	0	0	37	2330
PR00254	NICOTINICR	1.00000000000162	1.61873906232249e-12	20	0	0	37	2330
PR00759	BASICPTASE	1.00000000000162	1.61873906232249e-12	20	0	0	37	2330
PR00398	STRDHORMONER	1.00000000000204	2.03538333818139e-12	43	0	0	37	2330
PR00261	LDLRECEPTOR	1.00000000000218	2.17792621273902e-12	15	0	0	37	2330
PR00299	ACRYSTALLIN	1.00000000000218	2.17792621273902e-12	15	0	0	37	2330
PR00724	CRBOXYPTASEC	1.00000000000233	2.33401679171218e-12	9	0	0	37	2330
PR00783	MINTRINSICP	1.00000000000233	2.33401679171218e-12	9	0	0	37	2330
PR01095	TASKCHANNEL	1.00000000000233	2.33401679171218e-12	9	0	0	37	2330
PR00622	HISTONEH3	1.00000000000233	2.33401679171218e-12	9	0	0	37	2330
PR00326	GTP1OBG	1.00000000000233	2.33401679171218e-12	9	0	0	37	2330
PR01084	NAHEXCHNGR	1.00000000000233	2.33401679171218e-12	9	0	0	37	2330
PR00304	TCOMPLEXTCP1	1.00000000000233	2.33401679171218e-12	9	0	0	37	2330
PR00328	SAR1GTPBP	1.00000000000274	2.74006901255551e-12	13	0	0	37	2330
PR01012	NRPEPTIDEYR	1.00000000000274	2.74006901255551e-12	13	0	0	37	2330
PR00503	BROMODOMAIN	1.00000000000274	2.74006901255551e-12	13	0	0	37	2330
PR00259	TMFOUR	1.00000000000274	2.74006901255551e-12	13	0	0	37	2330
PR00704	CALPAIN	1.00000000000274	2.74006901255551e-12	13	0	0	37	2330
PR00024	HOMEOBOX	1.00000000000286	2.85933514243965e-12	26	0	0	37	2330
PR00700	PRTYPHPHTASE	1.00000000000364	3.6351320294019e-12	57	0	0	37	2330
PR00080	SDRFAMILY	1.00000000000389	3.88984578103235e-12	48	0	0	37	2330
PR00621	HISTONEH2B	1.0000000000039	3.89670996840292e-12	4	0	0	37	2330
PR00843	GLHYDRLASE30	1.0000000000039	3.89670996840292e-12	4	0	0	37	2330
PR02008	RCMTFAMILY	1.0000000000039	3.89670996840292e-12	4	0	0	37	2330
PR00363	CYTOCHROMEB5	1.0000000000039	3.89670996840292e-12	4	0	0	37	2330
PR00078	G3PDHDRGNASE	1.0000000000039	3.89670996840292e-12	4	0	0	37	2330
PR01231	HCO3TRNSPORT	1.0000000000039	3.89670996840292e-12	4	0	0	37	2330
PR00716	MPIPHPHTASE	1.0000000000039	3.89670996840292e-12	4	0	0	37	2330
PR00888	SM22CALPONIN	1.0000000000039	3.89670996840292e-12	4	0	0	37	2330
PR00878	CHOLNESTRASE	1.0000000000039	3.89670996840292e-12	4	0	0	37	2330
PR00853	XPGRADSUPER	1.0000000000039	3.89670996840292e-12	4	0	0	37	2330
PR00050	COLDSHOCK	1.0000000000039	3.89670996840292e-12	4	0	0	37	2330
PR01042	TRNASYNTHASP	1.0000000000039	3.89670996840292e-12	4	0	0	37	2330
PR02095	TRNSPORTRHRG	1.0000000000039	3.89670996840292e-12	4	0	0	37	2330
PR00300	CLPPROTEASEA	1.0000000000039	3.89670996840292e-12	4	0	0	37	2330
PR00929	ATHOOK	1.0000000000039	3.89670996840292e-12	4	0	0	37	2330
PR00314	CLATHRINADPT	1.0000000000039	3.89670996840292e-12	4	0	0	37	2330
PR00253	GABAARECEPTR	1.00000000000439	4.39327248863642e-12	37	0	0	37	2330
PR00698	TMPROTEINSRG	1.0000000000052	5.20126031235833e-12	39	0	0	37	2330
PR00109	TYRKINASE	1.00000000001001	1.00103655688362e-11	70	0	0	37	2330
PR00081	GDHRDH	1.00000000001092	1.09203529599841e-11	72	0	0	37	2330
