TermID	Term	Enrichment	logP	Genes in Term	Target Genes in Term	Fraction of Targets in Term	Total Target Genes	Total Genes	Entrez Gene IDs	Gene Symbols
PR00633	RCCNDNSATION	0.000112752468561306	-9.09031568570758	6	3	0.0697674418604651	43	2330	187290,171700,179306	K11D2.1,herc-1,glo-4
PR01130	DERENTRNSPRT	0.00321234784349115	-5.74075319377631	5	2	0.0465116279069767	43	2330	181648,172749	ent-2,ent-6
PR01163	BETATUBULIN	0.00476214553094201	-5.34705697049784	6	2	0.0465116279069767	43	2330	175461,181036	ben-1,mec-7
PR01246	RAD1REPAIR	0.0184549356223533	-3.99242343086425	1	1	0.0232558139534884	43	2330	176608	mrt-2
PR01232	NAHCO3TRSPRT	0.0184549356223533	-3.99242343086425	1	1	0.0232558139534884	43	2330	172613	abts-1
PR01245	RAD1REC1	0.0184549356223533	-3.99242343086425	1	1	0.0232558139534884	43	2330	176608	mrt-2
PR01161	TUBULIN	0.0338938545026542	-3.38452156413705	16	2	0.0465116279069767	43	2330	175461,181036	ben-1,mec-7
PR00727	LEADERPTASE	0.0365770643329709	-3.30833389257584	2	1	0.0232558139534884	43	2330	176919	immp-2
PR01041	TRNASYNTHMET	0.0365770643329709	-3.30833389257584	2	1	0.0232558139534884	43	2330	173312	Y105E8A.20
PR00381	KINESINLIGHT	0.0365770643329709	-3.30833389257584	2	1	0.0232558139534884	43	2330	178942	klc-2
PR00962	LETHAL2GIANT	0.0365770643329709	-3.30833389257584	2	1	0.0232558139534884	43	2330	180435	lgl-1
PR00377	IMPHPHTASES	0.0365770643329709	-3.30833389257584	2	1	0.0232558139534884	43	2330	173777	bpnt-1
PR01185	INTEGRINA	0.0365770643329709	-3.30833389257584	2	1	0.0232558139534884	43	2330	176296	ina-1
PR00320	GPROTEINBRPT	0.0383615500844357	-3.26069962090856	41	3	0.0697674418604651	43	2330	190203,175474,180631	Y53C12B.1,wdr-5.1,unc-78
PR00707	UBCTHYDRLASE	0.0543722474233092	-2.91190141295469	3	1	0.0232558139534884	43	2330	179039	ubh-1
PR00888	SM22CALPONIN	0.0718462454301823	-2.63322692349148	4	1	0.0232558139534884	43	2330	172660	cpn-1
PR01231	HCO3TRNSPORT	0.0718462454301823	-2.63322692349148	4	1	0.0232558139534884	43	2330	172613	abts-1
PR00078	G3PDHDRGNASE	0.0718462454301823	-2.63322692349148	4	1	0.0232558139534884	43	2330	3565504	gpd-2
PR00853	XPGRADSUPER	0.0718462454301823	-2.63322692349148	4	1	0.0232558139534884	43	2330	175885	gen-1
PR01125	FMOXYGENASE5	0.0890047198265095	-2.4190658788976	5	1	0.0232558139534884	43	2330	178596	fmo-5
PR00111	ABHYDROLASE	0.0890047198265095	-2.4190658788976	5	1	0.0232558139534884	43	2330	175239	ceeh-1
PR01609	CD36FAMILY	0.0890047198265095	-2.4190658788976	5	1	0.0232558139534884	43	2330	176673	scav-3
PR00412	EPOXHYDRLASE	0.0890047198265095	-2.4190658788976	5	1	0.0232558139534884	43	2330	175239	ceeh-1
PR00160	GLUTAREDOXIN	0.0890047198265095	-2.4190658788976	5	1	0.0232558139534884	43	2330	171685	glrx-10
PR00370	FMOXYGENASE	0.122397258312878	-2.10048330855938	7	1	0.0232558139534884	43	2330	178596	fmo-5
PR00047	STROIDFINGER	0.1269489784662	-2.06397001760506	231	7	0.162790697674419	43	2330	187567,178696,178685,191727,175546,173641,185999	nhr-205,nhr-13,nhr-86,nhr-78,nhr-20,nhr-88,nhr-190
PR01270	HDASUPER	0.138642164852839	-1.97585901877432	8	1	0.0232558139534884	43	2330	175039	hda-10
PR00326	GTP1OBG	0.154593235874463	-1.86695789621507	9	1	0.0232558139534884	43	2330	176563	T28D6.6
PR00328	SAR1GTPBP	0.215561642305891	-1.5345083671581	13	1	0.0232558139534884	43	2330	177217	sar-1
PR00625	JDOMAIN	0.373822830274274	-0.983973309650589	25	1	0.0232558139534884	43	2330	176761	dnj-17
PR00081	GDHRDH	0.386126523991122	-0.951590180865789	72	2	0.0465116279069767	43	2330	179578,181027	dhs-19,dhs-29
PR00398	STRDHORMONER	0.554408919916279	-0.589852741920798	43	1	0.0232558139534884	43	2330	173641	nhr-88
PR01333	2POREKCHANEL	0.554408919916279	-0.589852741920798	43	1	0.0232558139534884	43	2330	185335	twk-30
PR00080	SDRFAMILY	0.594786886420625	-0.519552111679147	48	1	0.0232558139534884	43	2330	179578	dhs-19
PR00700	PRTYPHPHTASE	0.658651763415274	-0.417560315992229	57	1	0.0232558139534884	43	2330	171861	Y71F9AL.4
PR00237	GPCRRHODOPSN	0.756131073966047	-0.279540539568911	144	2	0.0465116279069767	43	2330	190990,183924	npr-32,dmsr-4
PR00149	FUMRATELYASE	0.999999999998997	-1.00313610499822e-12	2	0	0	43	2330
PR01001	FADG3PDH	0.999999999998997	-1.00313610499822e-12	2	0	0	43	2330
PR00599	MAPEPTIDASE	0.999999999998997	-1.00313610499822e-12	2	0	0	43	2330
PR01452	LNOTCHREPEAT	0.999999999998997	-1.00313610499822e-12	2	0	0	43	2330
PR01459	KCNQCHANNEL	0.999999999998997	-1.00313610499822e-12	2	0	0	43	2330
PR01182	ORNDCRBXLASE	0.999999999998997	-1.00313610499822e-12	2	0	0	43	2330
PR00616	CCAATSUBUNTB	0.999999999998997	-1.00313610499822e-12	2	0	0	43	2330
PR00131	GLHYDRLASE1	0.999999999998997	-1.00313610499822e-12	2	0	0	43	2330
PR00892	RABGDI	0.999999999998997	-1.00313610499822e-12	2	0	0	43	2330
PR00653	ACTIVIN2R	0.999999999998997	-1.00313610499822e-12	2	0	0	43	2330
PR00876	MTNEMATODE	0.999999999998997	-1.00313610499822e-12	2	0	0	43	2330
PR00342	RHESUSRHD	0.999999999998997	-1.00313610499822e-12	2	0	0	43	2330
PR00626	CALRETICULIN	0.999999999998997	-1.00313610499822e-12	2	0	0	43	2330
PR00981	TRNASYNTHSER	0.999999999998997	-1.00313610499822e-12	2	0	0	43	2330
PR00891	RABGDIREP	0.999999999998997	-1.00313610499822e-12	2	0	0	43	2330
PR01626	LCACHANNELB	0.999999999998997	-1.00313610499822e-12	2	0	0	43	2330
PR00077	GPDHDRGNASE	0.999999999998997	-1.00313610499822e-12	2	0	0	43	2330
PR01573	SUPERTUBBY	0.999999999998997	-1.00313610499822e-12	2	0	0	43	2330
PR01773	P38MAPKINASE	0.999999999998997	-1.00313610499822e-12	2	0	0	43	2330
PR01908	ADSPHPHTASE	0.999999999998997	-1.00313610499822e-12	2	0	0	43	2330
PR01764	MAPKPHPHTASE	0.999999999998997	-1.00313610499822e-12	2	0	0	43	2330
PR01040	TRNASYNTHTYR	0.999999999998997	-1.00313610499822e-12	2	0	0	43	2330
PR00717	GPCRKINASE	0.999999999998997	-1.00313610499822e-12	2	0	0	43	2330
PR00776	HEMOGLOBNASE	0.999999999998997	-1.00313610499822e-12	2	0	0	43	2330
PR01046	TRNASYNTHPRO	0.999999999998997	-1.00313610499822e-12	2	0	0	43	2330
PR01050	PYRUVTKNASE	0.999999999998997	-1.00313610499822e-12	2	0	0	43	2330
PR00742	GLHYDRLASE35	0.999999999998997	-1.00313610499822e-12	2	0	0	43	2330
PR00296	CYCLINKINASE	0.999999999998997	-1.00313610499822e-12	2	0	0	43	2330
PR00887	SSRCOGNITION	0.999999999998997	-1.00313610499822e-12	2	0	0	43	2330
PR00984	TRNASYNTHILE	0.999999999998997	-1.00313610499822e-12	2	0	0	43	2330
PR00980	TRNASYNTHALA	0.999999999998997	-1.00313610499822e-12	2	0	0	43	2330
PR00991	6PFRUCTKNASE	0.999999999998997	-1.00313610499822e-12	2	0	0	43	2330
PR00660	ERLUMENR	0.999999999998997	-1.00313610499822e-12	2	0	0	43	2330
PR00417	PRTPISMRASEI	0.999999999998997	-1.00313610499822e-12	2	0	0	43	2330
PR01869	BCATNINFAMLY	0.999999999998997	-1.00313610499822e-12	2	0	0	43	2330
PR01179	ODADCRBXLASE	0.999999999998997	-1.00313610499822e-12	2	0	0	43	2330
PR00415	ACONITASE	0.999999999998997	-1.00313610499822e-12	2	0	0	43	2330
PR00789	OSIALOPTASE	0.999999999998997	-1.00313610499822e-12	2	0	0	43	2330
PR00685	TIFACTORIIB	0.999999999998997	-1.00313610499822e-12	2	0	0	43	2330
PR00597	GELSOLIN	0.999999999998997	-1.00313610499822e-12	2	0	0	43	2330
PR01703	MNSODISMTASE	0.999999999998997	-1.00313610499822e-12	2	0	0	43	2330
PR01038	TRNASYNTHARG	0.999999999998997	-1.00313610499822e-12	2	0	0	43	2330
PR00481	LAMNOPPTDASE	0.999999999998997	-1.00313610499822e-12	2	0	0	43	2330
PR01822	CCYSTOKININR	0.999999999998997	-1.00313610499822e-12	2	0	0	43	2330
PR00679	PROHIBITIN	0.999999999998997	-1.00313610499822e-12	2	0	0	43	2330
PR00189	TRNSTHYRETIN	0.999999999998997	-1.00313610499822e-12	2	0	0	43	2330
PR01039	TRNASYNTHTRP	0.999999999998997	-1.00313610499822e-12	2	0	0	43	2330
PR00141	PROTEASOME	0.999999999998997	-1.00313610499822e-12	2	0	0	43	2330
PR00604	CYTCHRMECIAB	0.999999999998997	-1.00313610499822e-12	2	0	0	43	2330
PR01186	INTEGRINB	0.999999999998997	-1.00313610499822e-12	2	0	0	43	2330
PR01268	GSTRNSFRASEP	0.999999999998997	-1.00313610499822e-12	2	0	0	43	2330
PR00702	ACRIFLAVINRP	0.999999999998997	-1.00313610499822e-12	2	0	0	43	2330
PR00395	RIBOSOMALS2	0.999999999998997	-1.00313610499822e-12	2	0	0	43	2330
PR00404	MADSDOMAIN	0.999999999998997	-1.00313610499822e-12	2	0	0	43	2330
PR01035	TCRTETA	0.999999999998997	-1.00313610499822e-12	2	0	0	43	2330
PR01160	GABAARBETA	0.999999999998997	-1.00313610499822e-12	2	0	0	43	2330
PR00476	PHFRCTKINASE	0.999999999998997	-1.00313610499822e-12	2	0	0	43	2330
PR00686	TIFACTORIID	0.999999999998997	-1.00313610499822e-12	2	0	0	43	2330
PR00122	VACATPASE	0.999999999998997	-1.00313610499822e-12	2	0	0	43	2330
PR01072	PRESENILIN	0.999999999998997	-1.00313610499822e-12	2	0	0	43	2330
PR00883	NUCLEARHMG	0.999999999998997	-1.00313610499822e-12	2	0	0	43	2330
PR00509	PGMPMM	0.999999999998997	-1.00313610499822e-12	2	0	0	43	2330
PR00714	MAN6PISMRASE	0.999999999998997	-1.00313610499822e-12	2	0	0	43	2330
PR00120	HATPASE	0.999999999998997	-1.00313610499822e-12	2	0	0	43	2330
PR00986	TRNASYNTHVAL	0.999999999998997	-1.00313610499822e-12	2	0	0	43	2330
PR00504	CHROMODOMAIN	0.999999999998997	-1.00313610499822e-12	2	0	0	43	2330
PR00805	ALPHACATENIN	0.999999999998997	-1.00313610499822e-12	2	0	0	43	2330
PR00371	FPNCR	0.999999999999085	-9.15326453171866e-13	5	0	0	43	2330
PR00723	SUBTILISIN	0.999999999999085	-9.15326453171866e-13	5	0	0	43	2330
PR00744	GLHYDRLASE37	0.999999999999085	-9.15326453171866e-13	5	0	0	43	2330
PR00800	YHDCRBOXLASE	0.999999999999085	-9.15326453171866e-13	5	0	0	43	2330
PR00661	ERMFAMILY	0.999999999999085	-9.15326453171866e-13	5	0	0	43	2330
PR00405	REVINTRACTNG	0.999999999999085	-9.15326453171866e-13	5	0	0	43	2330
PR00249	GPCRSECRETIN	0.999999999999085	-9.15326453171866e-13	5	0	0	43	2330
PR00347	THAUMATIN	0.999999999999085	-9.15326453171866e-13	5	0	0	43	2330
PR01349	WNTPROTEIN	0.999999999999085	-9.15326453171866e-13	5	0	0	43	2330
PR00248	GPCRMGR	0.999999999999085	-9.15326453171866e-13	5	0	0	43	2330
PR01625	GSTRNSFRASEO	0.999999999999085	-9.15326453171866e-13	5	0	0	43	2330
PR00620	HISTONEH2A	0.999999999999085	-9.15326453171866e-13	5	0	0	43	2330
PR00837	V5TPXLIKE	0.999999999999282	-7.17622092752391e-13	25	0	0	43	2330
PR01262	INNEXIN	0.999999999999282	-7.17622092752391e-13	25	0	0	43	2330
PR00762	CLCHANNEL	0.99999999999932	-6.80390582584301e-13	6	0	0	43	2330
PR00387	PDIESTERASE1	0.99999999999932	-6.80390582584301e-13	6	0	0	43	2330
PR00092	TYROSINASE	0.99999999999932	-6.80390582584301e-13	6	0	0	43	2330
PR01494	KV9CHANNEL	0.99999999999932	-6.80390582584301e-13	6	0	0	43	2330
PR00632	SONICHHOG	0.99999999999932	-6.80390582584301e-13	6	0	0	43	2330
PR00348	UBIQUITIN	0.99999999999932	-6.80390582584301e-13	6	0	0	43	2330
PR00689	ACOABINDINGP	0.99999999999932	-6.80390582584301e-13	6	0	0	43	2330
PR01657	MCMFAMILY	0.99999999999932	-6.80390582584301e-13	6	0	0	43	2330
PR00094	ADENYLTKNASE	0.99999999999932	-6.80390582584301e-13	6	0	0	43	2330
PR00390	PHPHLIPASEC	0.99999999999932	-6.80390582584301e-13	6	0	0	43	2330
PR00399	SYNAPTOTAGMN	0.99999999999932	-6.80390582584301e-13	6	0	0	43	2330
PR00069	ALDKETRDTASE	0.999999999999477	-5.22995213904809e-13	12	0	0	43	2330
PR00765	CRBOXYPTASEA	0.999999999999477	-5.22995213904809e-13	12	0	0	43	2330
PR00031	HTHREPRESSR	0.999999999999477	-5.22995213904809e-13	12	0	0	43	2330
PR01301	RGSPROTEIN	0.999999999999477	-5.22995213904809e-13	12	0	0	43	2330
PR00176	NANEUSMPORT	0.999999999999477	-5.22995213904809e-13	12	0	0	43	2330
PR00193	MYOSINHEAVY	0.999999999999917	-8.30951599406465e-14	17	0	0	43	2330
PR00937	TBOX	0.999999999999917	-8.30951599406465e-14	17	0	0	43	2330
PR00792	PEPSIN	0.999999999999917	-8.30951599406465e-14	17	0	0	43	2330
PR00380	KINESINHEAVY	0.999999999999917	-8.30951599406465e-14	17	0	0	43	2330
PR00301	HEATSHOCK70	1.00000000000005	5.27910250928046e-14	11	0	0	43	2330
PR00205	CADHERIN	1.00000000000005	5.27910250928046e-14	11	0	0	43	2330
PR00360	C2DOMAIN	1.00000000000005	5.27910250928046e-14	11	0	0	43	2330
PR01491	KVCHANNEL	1.00000000000005	5.27910250928046e-14	11	0	0	43	2330
PR00926	MITOCARRIER	1.00000000000009	9.38860828523735e-14	16	0	0	43	2330
PR01415	ANKYRIN	1.00000000000009	9.38860828523735e-14	16	0	0	43	2330
PR01078	AMINACHANNEL	1.00000000000019	1.87399173540089e-13	21	0	0	43	2330
PR00167	CACHANNEL	1.0000000000002	2.04482726087198e-13	3	0	0	43	2330
PR00683	SPECTRINPH	1.0000000000002	2.04482726087198e-13	3	0	0	43	2330
PR00372	FYWHYDRXLASE	1.0000000000002	2.04482726087198e-13	3	0	0	43	2330
PR01857	ADAMTSFAMILY	1.0000000000002	2.04482726087198e-13	3	0	0	43	2330
PR00075	FACDDSATRASE	1.0000000000002	2.04482726087198e-13	3	0	0	43	2330
PR00255	NATPEPTIDER	1.0000000000002	2.04482726087198e-13	3	0	0	43	2330
PR01097	TRNSRECEPTRP	1.0000000000002	2.04482726087198e-13	3	0	0	43	2330
PR00413	HADHALOGNASE	1.0000000000002	2.04482726087198e-13	3	0	0	43	2330
PR00028	POUDOMAIN	1.0000000000002	2.04482726087198e-13	3	0	0	43	2330
PR00305	1433ZETA	1.0000000000002	2.04482726087198e-13	3	0	0	43	2330
PR00790	PAMONOXGNASE	1.0000000000002	2.04482726087198e-13	3	0	0	43	2330
PR01498	SHAWCHANNEL	1.0000000000002	2.04482726087198e-13	3	0	0	43	2330
PR00489	FRIZZLED	1.0000000000002	2.04482726087198e-13	3	0	0	43	2330
PR01463	EAGCHANLFMLY	1.0000000000002	2.04482726087198e-13	3	0	0	43	2330
PR00376	IL1BCENZYME	1.0000000000002	2.04482726087198e-13	3	0	0	43	2330
PR00243	MUSCARINICR	1.0000000000002	2.04482726087198e-13	3	0	0	43	2330
PR00881	L7ARS6FAMILY	1.0000000000002	2.04482726087198e-13	3	0	0	43	2330
PR00593	MTABOTROPICR	1.0000000000002	2.04482726087198e-13	3	0	0	43	2330
PR00389	PHPHLIPASEA2	1.0000000000002	2.04482726087198e-13	3	0	0	43	2330
PR01259	NACAEXCHNGR	1.0000000000002	2.04482726087198e-13	3	0	0	43	2330
PR01347	EPHRIN	1.0000000000002	2.04482726087198e-13	3	0	0	43	2330
PR00447	NATRESASSCMP	1.0000000000002	2.04482726087198e-13	3	0	0	43	2330
PR01320	KIRCHANNEL	1.0000000000002	2.04482726087198e-13	3	0	0	43	2330
PR00195	DYNAMIN	1.0000000000002	2.04482726087198e-13	3	0	0	43	2330
PR00068	CUZNDISMTASE	1.0000000000002	2.04482726087198e-13	3	0	0	43	2330
PR01271	HISDACETLASE	1.0000000000002	2.04482726087198e-13	3	0	0	43	2330
PR00106	DNAPOLB	1.0000000000002	2.04482726087198e-13	3	0	0	43	2330
PR00987	TRNASYNTHGLU	1.0000000000002	2.04482726087198e-13	3	0	0	43	2330
PR00502	NUDIXFAMILY	1.0000000000002	2.04482726087198e-13	3	0	0	43	2330
PR02050	B14GALTRFASE	1.0000000000002	2.04482726087198e-13	3	0	0	43	2330
PR00319	GPROTEINB	1.0000000000002	2.04482726087198e-13	3	0	0	43	2330
PR00391	PITRANSFER	1.0000000000002	2.04482726087198e-13	3	0	0	43	2330
PR00799	TRANSAMINASE	1.0000000000002	2.04482726087198e-13	3	0	0	43	2330
PR00369	FLAVODOXIN	1.0000000000002	2.04482726087198e-13	3	0	0	43	2330
PR01315	BATTENIN	1.0000000000002	2.04482726087198e-13	3	0	0	43	2330
PR00406	CYTB5RDTASE	1.0000000000002	2.04482726087198e-13	3	0	0	43	2330
PR00067	CATALASE	1.0000000000002	2.04482726087198e-13	3	0	0	43	2330
PR00775	HEATSHOCK90	1.0000000000002	2.04482726087198e-13	3	0	0	43	2330
PR01772	JNKMAPKINASE	1.0000000000002	2.04482726087198e-13	3	0	0	43	2330
PR00178	FATTYACIDBP	1.00000000000024	2.42620981984678e-13	10	0	0	43	2330
PR00171	SUGRTRNSPORT	1.00000000000024	2.42620981984678e-13	10	0	0	43	2330
PR00756	ALADIPTASE	1.00000000000024	2.42620981984678e-13	10	0	0	43	2330
PR01162	ALPHATUBULIN	1.00000000000024	2.42620981984678e-13	10	0	0	43	2330
PR00153	CSAPPISMRASE	1.00000000000095	9.47222007705916e-13	18	0	0	43	2330
PR01660	MCMPROTEIN4	1.000000000001	9.96067811565027e-13	1	0	0	43	2330
PR00191	FACTINCAPA	1.000000000001	9.96067811565027e-13	1	0	0	43	2330
PR00982	TRNASYNTHLYS	1.000000000001	9.96067811565027e-13	1	0	0	43	2330
PR00058	RIBOSOMALL5	1.000000000001	9.96067811565027e-13	1	0	0	43	2330
PR00465	EP450IV	1.000000000001	9.96067811565027e-13	1	0	0	43	2330
PR00217	POSTSYNAPTIC	1.000000000001	9.96067811565027e-13	1	0	0	43	2330
PR00407	EUMOPTERIN	1.000000000001	9.96067811565027e-13	1	0	0	43	2330
PR01760	DISHEVELLED	1.000000000001	9.96067811565027e-13	1	0	0	43	2330
PR01663	MCMPROTEIN7	1.000000000001	9.96067811565027e-13	1	0	0	43	2330
PR00025	ANTENNAPEDIA	1.000000000001	9.96067811565027e-13	1	0	0	43	2330
PR01849	UBIQUITINACT	1.000000000001	9.96067811565027e-13	1	0	0	43	2330
PR00104	CGMPKINASE	1.000000000001	9.96067811565027e-13	1	0	0	43	2330
PR00545	RETINOIDXR	1.000000000001	9.96067811565027e-13	1	0	0	43	2330
PR01218	PSTLEXTENSIN	1.000000000001	9.96067811565027e-13	1	0	0	43	2330
PR01368	SYNAPSIN	1.000000000001	9.96067811565027e-13	1	0	0	43	2330
PR00332	HISTRIAD	1.000000000001	9.96067811565027e-13	1	0	0	43	2330
PR00416	EUTPISMRASEI	1.000000000001	9.96067811565027e-13	1	0	0	43	2330
PR01839	RAD23PROTEIN	1.000000000001	9.96067811565027e-13	1	0	0	43	2330
PR00003	4DISULPHCORE	1.000000000001	9.96067811565027e-13	1	0	0	43	2330
PR00071	HMGCOARDTASE	1.000000000001	9.96067811565027e-13	1	0	0	43	2330
PR02012	RCMTNOP2	1.000000000001	9.96067811565027e-13	1	0	0	43	2330
PR00065	TEADOMAIN	1.000000000001	9.96067811565027e-13	1	0	0	43	2330
PR00203	AMYLOIDA4	1.000000000001	9.96067811565027e-13	1	0	0	43	2330
PR01630	LVDCCALPHA1	1.000000000001	9.96067811565027e-13	1	0	0	43	2330
PR00972	RIBSOMALS12E	1.000000000001	9.96067811565027e-13	1	0	0	43	2330
PR00276	INSULINFAMLY	1.000000000001	9.96067811565027e-13	1	0	0	43	2330
PR00052	FIBRILLARIN	1.000000000001	9.96067811565027e-13	1	0	0	43	2330
PR00192	FACTINCAPB	1.000000000001	9.96067811565027e-13	1	0	0	43	2330
PR00185	EUKARYTPORIN	1.000000000001	9.96067811565027e-13	1	0	0	43	2330
PR00448	NSFATTACHMNT	1.000000000001	9.96067811565027e-13	1	0	0	43	2330
PR00041	LEUZIPPRCREB	1.000000000001	9.96067811565027e-13	1	0	0	43	2330
PR00728	SIGNALPTASE	1.000000000001	9.96067811565027e-13	1	0	0	43	2330
PR00110	ALPHAAMYLASE	1.000000000001	9.96067811565027e-13	1	0	0	43	2330
PR00791	PEPDIPTASEA	1.000000000001	9.96067811565027e-13	1	0	0	43	2330
PR00143	CITRTSNTHASE	1.000000000001	9.96067811565027e-13	1	0	0	43	2330
PR00983	TRNASYNTHCYS	1.000000000001	9.96067811565027e-13	1	0	0	43	2330
PR00464	EP450II	1.000000000001	9.96067811565027e-13	1	0	0	43	2330
PR00741	GLHYDRLASE29	1.000000000001	9.96067811565027e-13	1	0	0	43	2330
PR00082	GLFDHDRGNASE	1.000000000001	9.96067811565027e-13	1	0	0	43	2330
PR00302	LUPUSLA	1.000000000001	9.96067811565027e-13	1	0	0	43	2330
PR01770	ERK1ERK2MAPK	1.000000000001	9.96067811565027e-13	1	0	0	43	2330
PR00194	TROPOMYOSIN	1.000000000001	9.96067811565027e-13	1	0	0	43	2330
PR00492	RHOGDI	1.000000000001	9.96067811565027e-13	1	0	0	43	2330
PR00979	TAFAZZIN	1.000000000001	9.96067811565027e-13	1	0	0	43	2330
PR00100	AOTCASE	1.000000000001	9.96067811565027e-13	1	0	0	43	2330
PR00867	DNAPOLG	1.000000000001	9.96067811565027e-13	1	0	0	43	2330
PR01475	PARKIN	1.000000000001	9.96067811565027e-13	1	0	0	43	2330
PR01716	DEATHASSOCP3	1.000000000001	9.96067811565027e-13	1	0	0	43	2330
PR00085	THFDHDRGNASE	1.000000000001	9.96067811565027e-13	1	0	0	43	2330
PR00124	ATPASEC	1.000000000001	9.96067811565027e-13	1	0	0	43	2330
PR00623	HISTONEH4	1.000000000001	9.96067811565027e-13	1	0	0	43	2330
PR02011	RCMTNCL1	1.000000000001	9.96067811565027e-13	1	0	0	43	2330
PR00321	GPROTEING	1.000000000001	9.96067811565027e-13	1	0	0	43	2330
PR00720	MAMMALPTPASE	1.000000000001	9.96067811565027e-13	1	0	0	43	2330
PR01348	ICLNCHANNEL	1.000000000001	9.96067811565027e-13	1	0	0	43	2330
PR01850	GROUCHOFAMLY	1.000000000001	9.96067811565027e-13	1	0	0	43	2330
PR00322	G10	1.000000000001	9.96067811565027e-13	1	0	0	43	2330
PR00663	GALANINR	1.000000000001	9.96067811565027e-13	1	0	0	43	2330
PR01034	RIBOSOMALS12	1.000000000001	9.96067811565027e-13	1	0	0	43	2330
PR00990	RIBOKINASE	1.000000000001	9.96067811565027e-13	1	0	0	43	2330
PR00784	MTUNCOUPLING	1.000000000001	9.96067811565027e-13	1	0	0	43	2330
PR00108	THYMDSNTHASE	1.000000000001	9.96067811565027e-13	1	0	0	43	2330
PR01101	5HTRECEPTOR	1.000000000001	9.96067811565027e-13	1	0	0	43	2330
PR01049	PHOSPHBKNASE	1.000000000001	9.96067811565027e-13	1	0	0	43	2330
PR01588	THIKCHANNEL	1.000000000001	9.96067811565027e-13	1	0	0	43	2330
PR01748	AP2TNSCPFCT	1.000000000001	9.96067811565027e-13	1	0	0	43	2330
PR00767	DBMONOXGNASE	1.000000000001	9.96067811565027e-13	1	0	0	43	2330
PR01464	EAGCHANNEL	1.000000000001	9.96067811565027e-13	1	0	0	43	2330
PR00989	ADENOKINASE	1.000000000001	9.96067811565027e-13	1	0	0	43	2330
PR01405	TETRPHPHTASE	1.000000000001	9.96067811565027e-13	1	0	0	43	2330
PR00351	OM20RECEPTOR	1.000000000001	9.96067811565027e-13	1	0	0	43	2330
PR01848	U2AUXFACTOR	1.000000000001	9.96067811565027e-13	1	0	0	43	2330
PR01838	NCAMFAMILY	1.000000000001	9.96067811565027e-13	1	0	0	43	2330
PR01000	SREBPS2PTASE	1.000000000001	9.96067811565027e-13	1	0	0	43	2330
PR01989	EUOM20RECPTR	1.000000000001	9.96067811565027e-13	1	0	0	43	2330
PR00472	CASNKINASEII	1.000000000001	9.96067811565027e-13	1	0	0	43	2330
PR01698	CYTOFMRPINTP	1.000000000001	9.96067811565027e-13	1	0	0	43	2330
PR00938	BRACHYURY	1.000000000001	9.96067811565027e-13	1	0	0	43	2330
PR00309	ARRESTIN	1.000000000001	9.96067811565027e-13	1	0	0	43	2330
PR01365	TELOMERASERT	1.000000000001	9.96067811565027e-13	1	0	0	43	2330
PR00904	FRATAXIN	1.000000000001	9.96067811565027e-13	1	0	0	43	2330
PR00044	LEUZIPPRMYC	1.000000000001	9.96067811565027e-13	1	0	0	43	2330
PR00298	CHAPERONIN60	1.000000000001	9.96067811565027e-13	1	0	0	43	2330
PR01164	GAMMATUBULIN	1.000000000001	9.96067811565027e-13	1	0	0	43	2330
PR00297	CHAPERONIN10	1.000000000001	9.96067811565027e-13	1	0	0	43	2330
PR00882	RIBOSOMALL7A	1.000000000001	9.96067811565027e-13	1	0	0	43	2330
PR01640	PROFILINPLNT	1.000000000001	9.96067811565027e-13	1	0	0	43	2330
PR00846	GLHYDRLASE56	1.000000000001	9.96067811565027e-13	1	0	0	43	2330
PR00975	RIBOSOMALS19	1.000000000001	9.96067811565027e-13	1	0	0	43	2330
PR00076	6PGDHDRGNASE	1.000000000001	9.96067811565027e-13	1	0	0	43	2330
PR01250	RIBOSOMALL34	1.000000000001	9.96067811565027e-13	1	0	0	43	2330
PR00442	GPROTEINAQ	1.000000000001	9.96067811565027e-13	1	0	0	43	2330
PR01802	SYNEMBRYN	1.000000000001	9.96067811565027e-13	1	0	0	43	2330
PR01550	TOP6AFAMILY	1.000000000001	9.96067811565027e-13	1	0	0	43	2330
PR00220	SYNAPTOPHYSN	1.000000000001	9.96067811565027e-13	1	0	0	43	2330
PR00960	LMBPPROTEIN	1.000000000001	9.96067811565027e-13	1	0	0	43	2330
PR00473	GALCTOKINASE	1.000000000001	9.96067811565027e-13	1	0	0	43	2330
PR00414	PPTHIESTRASE	1.000000000001	9.96067811565027e-13	1	0	0	43	2330
PR01661	MCMPROTEIN5	1.000000000001	9.96067811565027e-13	1	0	0	43	2330
PR00086	LLDHDRGNASE	1.000000000001	9.96067811565027e-13	1	0	0	43	2330
PR01658	MCMPROTEIN2	1.000000000001	9.96067811565027e-13	1	0	0	43	2330
PR01047	TRNASYNTHTHR	1.000000000001	9.96067811565027e-13	1	0	0	43	2330
PR00932	AMINO1PTASE	1.000000000001	9.96067811565027e-13	1	0	0	43	2330
PR01443	TFIID30KDSUB	1.000000000001	9.96067811565027e-13	1	0	0	43	2330
PR00440	GPROTEINA12	1.000000000001	9.96067811565027e-13	1	0	0	43	2330
PR00896	VASOPRESSINR	1.000000000001	9.96067811565027e-13	1	0	0	43	2330
PR01551	SPO11HOMOLOG	1.000000000001	9.96067811565027e-13	1	0	0	43	2330
PR00392	PROFILIN	1.000000000001	9.96067811565027e-13	1	0	0	43	2330
PR00355	ADRENODOXIN	1.000000000001	9.96067811565027e-13	1	0	0	43	2330
PR00148	ENOLASE	1.000000000001	9.96067811565027e-13	1	0	0	43	2330
PR01629	TVDCCALPHA1	1.000000000001	9.96067811565027e-13	1	0	0	43	2330
PR00978	STARPROTEIN	1.000000000001	9.96067811565027e-13	1	0	0	43	2330
PR00868	DNAPOLI	1.000000000001	9.96067811565027e-13	1	0	0	43	2330
PR00043	LEUZIPPRJUN	1.000000000001	9.96067811565027e-13	1	0	0	43	2330
PR00967	ONCOGENEAML1	1.000000000001	9.96067811565027e-13	1	0	0	43	2330
PR00456	RIBOSOMALP2	1.000000000001	9.96067811565027e-13	1	0	0	43	2330
PR00079	G6PDHDRGNASE	1.000000000001	9.96067811565027e-13	1	0	0	43	2330
PR00985	TRNASYNTHLEU	1.000000000001	9.96067811565027e-13	1	0	0	43	2330
PR01868	ABCEFAMILY	1.000000000001	9.96067811565027e-13	1	0	0	43	2330
PR00738	GLHYDRLASE20	1.000000000001	9.96067811565027e-13	1	0	0	43	2330
PR00740	GLHYDRLASE27	1.000000000001	9.96067811565027e-13	1	0	0	43	2330
PR01497	SHALCHANNEL	1.000000000001	9.96067811565027e-13	1	0	0	43	2330
PR01586	TWIKCHANNEL	1.000000000001	9.96067811565027e-13	1	0	0	43	2330
PR00961	HUDSXLRNA	1.000000000001	9.96067811565027e-13	1	0	0	43	2330
PR01738	RNABINDINGM8	1.000000000001	9.96067811565027e-13	1	0	0	43	2330
PR01846	TRHRFAMILY	1.000000000001	9.96067811565027e-13	1	0	0	43	2330
PR01470	ERGCHANNEL	1.000000000001	9.96067811565027e-13	1	0	0	43	2330
PR00098	CPSASE	1.000000000001	9.96067811565027e-13	1	0	0	43	2330
PR00339	PCNACYCLIN	1.000000000001	9.96067811565027e-13	1	0	0	43	2330
PR00973	RIBOSOMALS17	1.000000000001	9.96067811565027e-13	1	0	0	43	2330
PR01251	AMPHIPHYSIN	1.000000000001	9.96067811565027e-13	1	0	0	43	2330
PR00378	LIIMPHPHTASE	1.000000000001	9.96067811565027e-13	1	0	0	43	2330
PR01433	POLYCYSTIN2	1.000000000001	9.96067811565027e-13	1	0	0	43	2330
PR01653	TCTPROTEIN	1.000000000001	9.96067811565027e-13	1	0	0	43	2330
PR00603	CYTOCHROMEC1	1.000000000001	9.96067811565027e-13	1	0	0	43	2330
PR00779	INSP3RECEPTR	1.000000000001	9.96067811565027e-13	1	0	0	43	2330
PR00115	F16BPHPHTASE	1.000000000001	9.96067811565027e-13	1	0	0	43	2330
PR02031	CYSSERRICHNP	1.000000000001	9.96067811565027e-13	1	0	0	43	2330
PR01659	MCMPROTEIN3	1.000000000001	9.96067811565027e-13	1	0	0	43	2330
PR00662	G6PISOMERASE	1.000000000001	9.96067811565027e-13	1	0	0	43	2330
PR01662	MCMPROTEIN6	1.000000000001	9.96067811565027e-13	1	0	0	43	2330
PR00773	GRPEPROTEIN	1.000000000001	9.96067811565027e-13	1	0	0	43	2330
PR00125	ATPASEDELTA	1.000000000001	9.96067811565027e-13	1	0	0	43	2330
PR00600	PP2APR55	1.000000000001	9.96067811565027e-13	1	0	0	43	2330
PR01854	BR22PROTEIN	1.000000000001	9.96067811565027e-13	1	0	0	43	2330
PR00477	PHGLYCKINASE	1.000000000001	9.96067811565027e-13	1	0	0	43	2330
PR00139	ASNGLNASE	1.000000000001	9.96067811565027e-13	1	0	0	43	2330
PR01692	LIPOCALINIMR	1.000000000001	9.96067811565027e-13	1	0	0	43	2330
PR00126	ATPASEGAMMA	1.000000000001	9.96067811565027e-13	1	0	0	43	2330
PR01075	PRESENILNSEL	1.000000000001	9.96067811565027e-13	1	0	0	43	2330
PR01183	RIBORDTASEM1	1.000000000001	9.96067811565027e-13	1	0	0	43	2330
PR00928	GRAVESDC	1.000000000001	9.96067811565027e-13	1	0	0	43	2330
PR00627	GTPRANTC4	1.000000000001	9.96067811565027e-13	1	0	0	43	2330
PR00056	HSFDOMAIN	1.000000000001	9.96067811565027e-13	1	0	0	43	2330
PR00443	GPROTEINAS	1.000000000001	9.96067811565027e-13	1	0	0	43	2330
PR00336	LYSASSOCTDMP	1.000000000001	9.96067811565027e-13	1	0	0	43	2330
PR00971	RIBOSOMALS10	1.000000000001	9.96067811565027e-13	1	0	0	43	2330
PR00127	CLPPROTEASEP	1.000000000001	9.96067811565027e-13	1	0	0	43	2330
PR00132	GLHYDRLASE2	1.000000000001	9.96067811565027e-13	1	0	0	43	2330
PR00072	MALOXRDTASE	1.000000000001	9.96067811565027e-13	1	0	0	43	2330
PR01088	NAHEXCHNGR6	1.000000000001	9.96067811565027e-13	1	0	0	43	2330
PR00373	GLYCHORMONER	1.000000000001	9.96067811565027e-13	1	0	0	43	2330
PR00719	LMWPTPASE	1.000000000001	9.96067811565027e-13	1	0	0	43	2330
PR01797	SAPOSIN	1.000000000001	9.96067811565027e-13	1	0	0	43	2330
PR01243	NUCDPKINASE	1.000000000001	9.96067811565027e-13	1	0	0	43	2330
PR00154	AMPBINDING	1.000000000001	9.96067811565027e-13	1	0	0	43	2330
PR01546	YEAST73DUF	1.000000000001	9.96067811565027e-13	1	0	0	43	2330
PR00664	OCTOPAMINER	1.000000000001	9.96067811565027e-13	1	0	0	43	2330
PR01873	CYTCOXIDASE4	1.000000000001	9.96067811565027e-13	1	0	0	43	2330
PR00785	NCTRNSLOCATR	1.000000000001	9.96067811565027e-13	1	0	0	43	2330
PR00162	RIESKE	1.000000000001	9.96067811565027e-13	1	0	0	43	2330
PR01043	TRNASYNTHGLY	1.000000000001	9.96067811565027e-13	1	0	0	43	2330
PR00850	GLHYDRLASE59	1.000000000001	9.96067811565027e-13	1	0	0	43	2330
PR00474	GLU5KINASE	1.000000000001	9.96067811565027e-13	1	0	0	43	2330
PR00401	SH2DOMAIN	1.00000000000108	1.08023070869771e-12	19	0	0	43	2330
PR00838	V5ALLERGEN	1.00000000000108	1.08023070869771e-12	19	0	0	43	2330
PR00177	NMDARECEPTOR	1.00000000000117	1.17169965487154e-12	8	0	0	43	2330
PR00786	NEPRILYSIN	1.00000000000117	1.17169965487154e-12	8	0	0	43	2330
PR00927	ADPTRNSLCASE	1.00000000000117	1.17169965487154e-12	8	0	0	43	2330
PR00624	HISTONEH5	1.00000000000117	1.17169965487154e-12	8	0	0	43	2330
PR00454	ETSDOMAIN	1.00000000000117	1.17169965487154e-12	8	0	0	43	2330
PR00721	STOMATIN	1.00000000000117	1.17169965487154e-12	8	0	0	43	2330
PR00619	GATAZNFINGER	1.00000000000117	1.17169965487154e-12	8	0	0	43	2330
PR00219	SYNAPTOBREVN	1.00000000000117	1.17169965487154e-12	8	0	0	43	2330
PR00935	BAND41	1.00000000000117	1.17169965487154e-12	8	0	0	43	2330
PR00318	GPROTEINA	1.00000000000157	1.57340593212335e-12	22	0	0	43	2330
PR00452	SH3DOMAIN	1.00000000000157	1.57340593212335e-12	22	0	0	43	2330
PR00024	HOMEOBOX	1.00000000000179	1.78661521575638e-12	26	0	0	43	2330
PR02095	TRNSPORTRHRG	1.00000000000182	1.81776001982033e-12	4	0	0	43	2330
PR00878	CHOLNESTRASE	1.00000000000182	1.81776001982033e-12	4	0	0	43	2330
PR00363	CYTOCHROMEB5	1.00000000000182	1.81776001982033e-12	4	0	0	43	2330
PR00300	CLPPROTEASEA	1.00000000000182	1.81776001982033e-12	4	0	0	43	2330
PR00050	COLDSHOCK	1.00000000000182	1.81776001982033e-12	4	0	0	43	2330
PR00196	ANNEXIN	1.00000000000182	1.81776001982033e-12	4	0	0	43	2330
PR00843	GLHYDRLASE30	1.00000000000182	1.81776001982033e-12	4	0	0	43	2330
PR00314	CLATHRINADPT	1.00000000000182	1.81776001982033e-12	4	0	0	43	2330
PR01042	TRNASYNTHASP	1.00000000000182	1.81776001982033e-12	4	0	0	43	2330
PR00929	ATHOOK	1.00000000000182	1.81776001982033e-12	4	0	0	43	2330
PR00716	MPIPHPHTASE	1.00000000000182	1.81776001982033e-12	4	0	0	43	2330
PR02008	RCMTFAMILY	1.00000000000182	1.81776001982033e-12	4	0	0	43	2330
PR00621	HISTONEH2B	1.00000000000182	1.81776001982033e-12	4	0	0	43	2330
PR00699	TMPROTEINSRB	1.00000000000203	2.03170249979061e-12	14	0	0	43	2330
PR00315	ELONGATNFCT	1.00000000000203	2.03170249979061e-12	14	0	0	43	2330
PR00053	FORKHEAD	1.00000000000203	2.03170249979061e-12	14	0	0	43	2330
PR00705	PAPAIN	1.00000000000228	2.27822781110202e-12	20	0	0	43	2330
PR00254	NICOTINICR	1.00000000000228	2.27822781110202e-12	20	0	0	43	2330
PR00759	BASICPTASE	1.00000000000228	2.27822781110202e-12	20	0	0	43	2330
PR00253	GABAARECEPTR	1.00000000000237	2.3729229590012e-12	37	0	0	43	2330
PR00457	ANPEROXIDASE	1.00000000000262	2.62151465065716e-12	13	0	0	43	2330
PR00704	CALPAIN	1.00000000000262	2.62151465065716e-12	13	0	0	43	2330
PR01012	NRPEPTIDEYR	1.00000000000262	2.62151465065716e-12	13	0	0	43	2330
PR00008	DAGPEDOMAIN	1.00000000000262	2.62151465065716e-12	13	0	0	43	2330
PR00259	TMFOUR	1.00000000000262	2.62151465065716e-12	13	0	0	43	2330
PR00503	BROMODOMAIN	1.00000000000262	2.62151465065716e-12	13	0	0	43	2330
PR00441	GPROTEINAI	1.00000000000273	2.72836849562304e-12	7	0	0	43	2330
PR00722	CHYMOTRYPSIN	1.00000000000273	2.72836849562304e-12	7	0	0	43	2330
PR01011	GLUTPROXDASE	1.00000000000273	2.72836849562304e-12	7	0	0	43	2330
PR00138	MATRIXIN	1.00000000000273	2.72836849562304e-12	7	0	0	43	2330
PR00190	ACTIN	1.00000000000273	2.72836849562304e-12	7	0	0	43	2330
PR00747	GLYHDRLASE47	1.00000000000273	2.72836849562304e-12	7	0	0	43	2330
PR00697	TMPROTEINSRA	1.00000000000302	3.01648496154625e-12	29	0	0	43	2330
PR00261	LDLRECEPTOR	1.00000000000329	3.29157093725653e-12	15	0	0	43	2330
PR00299	ACRYSTALLIN	1.00000000000329	3.29157093725653e-12	15	0	0	43	2330
PR00027	PAIREDBOX	1.00000000000368	3.68120558963446e-12	9	0	0	43	2330
PR01095	TASKCHANNEL	1.00000000000368	3.68120558963446e-12	9	0	0	43	2330
PR00783	MINTRINSICP	1.00000000000368	3.68120558963446e-12	9	0	0	43	2330
PR00724	CRBOXYPTASEC	1.00000000000368	3.68120558963446e-12	9	0	0	43	2330
PR00304	TCOMPLEXTCP1	1.00000000000368	3.68120558963446e-12	9	0	0	43	2330
PR01084	NAHEXCHNGR	1.00000000000368	3.68120558963446e-12	9	0	0	43	2330
PR00622	HISTONEH3	1.00000000000368	3.68120558963446e-12	9	0	0	43	2330
PR00698	TMPROTEINSRG	1.00000000000693	6.92681977521832e-12	39	0	0	43	2330
PR00480	ASTACIN	1.00000000000693	6.92681977521832e-12	39	0	0	43	2330
PR00114	STPHPHTASE	1.00000000000777	7.76821917148471e-12	45	0	0	43	2330
PR00385	P450	1.00000000000832	8.31686290663625e-12	71	0	0	43	2330
PR00252	NRIONCHANNEL	1.00000000000988	9.87802140441863e-12	84	0	0	43	2330
PR00109	TYRKINASE	1.00000000001131	1.13071384382609e-11	70	0	0	43	2330
PR00463	EP450I	1.00000000001258	1.25786042164602e-11	72	0	0	43	2330
