TermID	Term	Enrichment	logP	Genes in Term	Target Genes in Term	Fraction of Targets in Term	Total Target Genes	Total Genes	Entrez Gene IDs	Gene Symbols
PR00489	FRIZZLED	7.20965754433292e-06	-11.840089105114	3	3	0.0652173913043478	46	2330	178768,172856,171832	cfz-2,mom-5,lin-17
PR00937	TBOX	1.24638044534887e-05	-11.2926817578639	17	5	0.108695652173913	46	2330	185575,182861,189977,4363053,176450	tbx-11,tbx-38,tbx-37,tbx-43,tbx-8
PR00624	HISTONEH5	0.000376560005628071	-7.88443314592537	8	3	0.0652173913043478	46	2330	181073,181545,177390	hil-3,his-24,hil-2
PR00024	HOMEOBOX	0.00144745058884882	-6.53795148461007	26	4	0.0869565217391304	46	2330	191618,175581,185156,180751	ceh-16,ceh-43,tab-1,mls-2
PR01698	CYTOFMRPINTP	0.0197424892704231	-3.92498215006879	1	1	0.0217391304347826	46	2330	176885	gex-2
PR01760	DISHEVELLED	0.0197424892704231	-3.92498215006879	1	1	0.0217391304347826	46	2330	173894	dsh-1
PR01848	U2AUXFACTOR	0.0197424892704231	-3.92498215006879	1	1	0.0217391304347826	46	2330	178489	uaf-2
PR00031	HTHREPRESSR	0.0221942859661196	-3.80792041214765	12	2	0.0434782608695652	46	2330	175581,191618	ceh-43,ceh-16
PR00503	BROMODOMAIN	0.025903417875285	-3.65338035468645	13	2	0.0434782608695652	46	2330	173257,180410	taf-1,F13C5.2
PR01459	KCNQCHANNEL	0.0391035221137055	-3.24154273641333	2	1	0.0217391304347826	46	2330	180933	kqt-1
PR00077	GPDHDRGNASE	0.0391035221137055	-3.24154273641333	2	1	0.0217391304347826	46	2330	173272	gpdh-1
PR01035	TCRTETA	0.0391035221137055	-3.24154273641333	2	1	0.0217391304347826	46	2330	188895	T25D3.4
PR00776	HEMOGLOBNASE	0.0391035221137055	-3.24154273641333	2	1	0.0217391304347826	46	2330	188131	pigk-1
PR01347	EPHRIN	0.0580903081891149	-2.84575644161881	3	1	0.0217391304347826	46	2330	177140	vab-2
PR00452	SH3DOMAIN	0.0685960260776408	-2.6795206748256	22	2	0.0434782608695652	46	2330	171722,172926	src-1,Y106G6H.14
PR00929	ATHOOK	0.0767099239279787	-2.56772419269466	4	1	0.0217391304347826	46	2330	173805	hmg-11
PR00716	MPIPHPHTASE	0.0767099239279787	-2.56772419269466	4	1	0.0217391304347826	46	2330	178645	cdc-25.2
PR00405	REVINTRACTNG	0.0949693149422416	-2.35420144016551	5	1	0.0217391304347826	46	2330	176490	cnt-2
PR01163	BETATUBULIN	0.112875298388315	-2.18147162371966	6	1	0.0217391304347826	46	2330	181170	tbb-4
PR01270	HDASUPER	0.147653682806888	-1.91288572828656	8	1	0.0217391304347826	46	2330	183226	hda-11
PR00619	GATAZNFINGER	0.147653682806888	-1.91288572828656	8	1	0.0217391304347826	46	2330	177794	elt-1
PR00622	HISTONEH3	0.164539096498516	-1.80460706833145	9	1	0.0217391304347826	46	2330	181057	his-71
PR00783	MINTRINSICP	0.164539096498516	-1.80460706833145	9	1	0.0217391304347826	46	2330	183121	aqp-6
PR00304	TCOMPLEXTCP1	0.164539096498516	-1.80460706833145	9	1	0.0217391304347826	46	2330	176928	cct-8
PR01301	RGSPROTEIN	0.213255791859311	-1.5452629330293	12	1	0.0217391304347826	46	2330	180645	rgs-7
PR00008	DAGPEDOMAIN	0.228868489691683	-1.47460772121263	13	1	0.0217391304347826	46	2330	174728	rsf-1
PR00261	LDLRECEPTOR	0.259189972293056	-1.35019400239337	15	1	0.0217391304347826	46	2330	171981	lrp-2
PR01161	TUBULIN	0.273910171547894	-1.29495506741178	16	1	0.0217391304347826	46	2330	181170	tbb-4
PR00401	SH2DOMAIN	0.316374881514785	-1.1508274346257	19	1	0.0217391304347826	46	2330	171722	src-1
PR00759	BASICPTASE	0.329982304902923	-1.10871624746559	20	1	0.0217391304347826	46	2330	187293	K11D12.6
PR00625	JDOMAIN	0.394142851759805	-0.931041867477781	25	1	0.0217391304347826	46	2330	173065	dnj-27
PR00697	TMPROTEINSRA	0.44110735100274	-0.818467006848599	29	1	0.0217391304347826	46	2330	181920	sra-33
PR00320	GPROTEINBRPT	0.561638344116317	-0.57689715204088	41	1	0.0217391304347826	46	2330	181540	wdr-5.2
PR00398	STRDHORMONER	0.579083812734219	-0.546308057594499	43	1	0.0217391304347826	46	2330	183635	nhr-129
PR00080	SDRFAMILY	0.619779913397586	-0.478390842353733	48	1	0.0217391304347826	46	2330	178658	dhs-13
PR00109	TYRKINASE	0.757584511654844	-0.277620181280649	70	1	0.0217391304347826	46	2330	171722	src-1
PR00081	GDHRDH	0.767354463518874	-0.264806441581346	72	1	0.0217391304347826	46	2330	178658	dhs-13
PR00047	STROIDFINGER	0.951783960193709	-0.0494172025134971	231	2	0.0434782608695652	46	2330	178024,183635	nhr-67,nhr-129
PR00699	TMPROTEINSRB	0.999999999996958	-3.04205998625269e-12	14	0	0	46	2330
PR00053	FORKHEAD	0.999999999996958	-3.04205998625269e-12	14	0	0	46	2330
PR00315	ELONGATNFCT	0.999999999996958	-3.04205998625269e-12	14	0	0	46	2330
PR00742	GLHYDRLASE35	0.999999999997932	-2.06837032310642e-12	2	0	0	46	2330
PR00604	CYTCHRMECIAB	0.999999999997932	-2.06837032310642e-12	2	0	0	46	2330
PR00653	ACTIVIN2R	0.999999999997932	-2.06837032310642e-12	2	0	0	46	2330
PR01822	CCYSTOKININR	0.999999999997932	-2.06837032310642e-12	2	0	0	46	2330
PR00377	IMPHPHTASES	0.999999999997932	-2.06837032310642e-12	2	0	0	46	2330
PR00296	CYCLINKINASE	0.999999999997932	-2.06837032310642e-12	2	0	0	46	2330
PR01072	PRESENILIN	0.999999999997932	-2.06837032310642e-12	2	0	0	46	2330
PR00120	HATPASE	0.999999999997932	-2.06837032310642e-12	2	0	0	46	2330
PR01185	INTEGRINA	0.999999999997932	-2.06837032310642e-12	2	0	0	46	2330
PR01179	ODADCRBXLASE	0.999999999997932	-2.06837032310642e-12	2	0	0	46	2330
PR01001	FADG3PDH	0.999999999997932	-2.06837032310642e-12	2	0	0	46	2330
PR00189	TRNSTHYRETIN	0.999999999997932	-2.06837032310642e-12	2	0	0	46	2330
PR00984	TRNASYNTHILE	0.999999999997932	-2.06837032310642e-12	2	0	0	46	2330
PR01046	TRNASYNTHPRO	0.999999999997932	-2.06837032310642e-12	2	0	0	46	2330
PR00381	KINESINLIGHT	0.999999999997932	-2.06837032310642e-12	2	0	0	46	2330
PR00476	PHFRCTKINASE	0.999999999997932	-2.06837032310642e-12	2	0	0	46	2330
PR01050	PYRUVTKNASE	0.999999999997932	-2.06837032310642e-12	2	0	0	46	2330
PR00504	CHROMODOMAIN	0.999999999997932	-2.06837032310642e-12	2	0	0	46	2330
PR01869	BCATNINFAMLY	0.999999999997932	-2.06837032310642e-12	2	0	0	46	2330
PR01268	GSTRNSFRASEP	0.999999999997932	-2.06837032310642e-12	2	0	0	46	2330
PR01039	TRNASYNTHTRP	0.999999999997932	-2.06837032310642e-12	2	0	0	46	2330
PR01626	LCACHANNELB	0.999999999997932	-2.06837032310642e-12	2	0	0	46	2330
PR00509	PGMPMM	0.999999999997932	-2.06837032310642e-12	2	0	0	46	2330
PR01908	ADSPHPHTASE	0.999999999997932	-2.06837032310642e-12	2	0	0	46	2330
PR00685	TIFACTORIIB	0.999999999997932	-2.06837032310642e-12	2	0	0	46	2330
PR00660	ERLUMENR	0.999999999997932	-2.06837032310642e-12	2	0	0	46	2330
PR01186	INTEGRINB	0.999999999997932	-2.06837032310642e-12	2	0	0	46	2330
PR01573	SUPERTUBBY	0.999999999997932	-2.06837032310642e-12	2	0	0	46	2330
PR00805	ALPHACATENIN	0.999999999997932	-2.06837032310642e-12	2	0	0	46	2330
PR00626	CALRETICULIN	0.999999999997932	-2.06837032310642e-12	2	0	0	46	2330
PR01160	GABAARBETA	0.999999999997932	-2.06837032310642e-12	2	0	0	46	2330
PR00131	GLHYDRLASE1	0.999999999997932	-2.06837032310642e-12	2	0	0	46	2330
PR00714	MAN6PISMRASE	0.999999999997932	-2.06837032310642e-12	2	0	0	46	2330
PR00679	PROHIBITIN	0.999999999997932	-2.06837032310642e-12	2	0	0	46	2330
PR00727	LEADERPTASE	0.999999999997932	-2.06837032310642e-12	2	0	0	46	2330
PR00887	SSRCOGNITION	0.999999999997932	-2.06837032310642e-12	2	0	0	46	2330
PR00415	ACONITASE	0.999999999997932	-2.06837032310642e-12	2	0	0	46	2330
PR00986	TRNASYNTHVAL	0.999999999997932	-2.06837032310642e-12	2	0	0	46	2330
PR00395	RIBOSOMALS2	0.999999999997932	-2.06837032310642e-12	2	0	0	46	2330
PR00417	PRTPISMRASEI	0.999999999997932	-2.06837032310642e-12	2	0	0	46	2330
PR00149	FUMRATELYASE	0.999999999997932	-2.06837032310642e-12	2	0	0	46	2330
PR00892	RABGDI	0.999999999997932	-2.06837032310642e-12	2	0	0	46	2330
PR01452	LNOTCHREPEAT	0.999999999997932	-2.06837032310642e-12	2	0	0	46	2330
PR00686	TIFACTORIID	0.999999999997932	-2.06837032310642e-12	2	0	0	46	2330
PR00981	TRNASYNTHSER	0.999999999997932	-2.06837032310642e-12	2	0	0	46	2330
PR01764	MAPKPHPHTASE	0.999999999997932	-2.06837032310642e-12	2	0	0	46	2330
PR00876	MTNEMATODE	0.999999999997932	-2.06837032310642e-12	2	0	0	46	2330
PR00789	OSIALOPTASE	0.999999999997932	-2.06837032310642e-12	2	0	0	46	2330
PR00599	MAPEPTIDASE	0.999999999997932	-2.06837032310642e-12	2	0	0	46	2330
PR00980	TRNASYNTHALA	0.999999999997932	-2.06837032310642e-12	2	0	0	46	2330
PR00597	GELSOLIN	0.999999999997932	-2.06837032310642e-12	2	0	0	46	2330
PR00991	6PFRUCTKNASE	0.999999999997932	-2.06837032310642e-12	2	0	0	46	2330
PR00616	CCAATSUBUNTB	0.999999999997932	-2.06837032310642e-12	2	0	0	46	2330
PR00891	RABGDIREP	0.999999999997932	-2.06837032310642e-12	2	0	0	46	2330
PR00962	LETHAL2GIANT	0.999999999997932	-2.06837032310642e-12	2	0	0	46	2330
PR01041	TRNASYNTHMET	0.999999999997932	-2.06837032310642e-12	2	0	0	46	2330
PR01040	TRNASYNTHTYR	0.999999999997932	-2.06837032310642e-12	2	0	0	46	2330
PR00342	RHESUSRHD	0.999999999997932	-2.06837032310642e-12	2	0	0	46	2330
PR01038	TRNASYNTHARG	0.999999999997932	-2.06837032310642e-12	2	0	0	46	2330
PR01773	P38MAPKINASE	0.999999999997932	-2.06837032310642e-12	2	0	0	46	2330
PR00122	VACATPASE	0.999999999997932	-2.06837032310642e-12	2	0	0	46	2330
PR00141	PROTEASOME	0.999999999997932	-2.06837032310642e-12	2	0	0	46	2330
PR00404	MADSDOMAIN	0.999999999997932	-2.06837032310642e-12	2	0	0	46	2330
PR00883	NUCLEARHMG	0.999999999997932	-2.06837032310642e-12	2	0	0	46	2330
PR00702	ACRIFLAVINRP	0.999999999997932	-2.06837032310642e-12	2	0	0	46	2330
PR01182	ORNDCRBXLASE	0.999999999997932	-2.06837032310642e-12	2	0	0	46	2330
PR00717	GPCRKINASE	0.999999999997932	-2.06837032310642e-12	2	0	0	46	2330
PR01703	MNSODISMTASE	0.999999999997932	-2.06837032310642e-12	2	0	0	46	2330
PR00481	LAMNOPPTDASE	0.999999999997932	-2.06837032310642e-12	2	0	0	46	2330
PR00705	PAPAIN	0.999999999998	-2.00033089216386e-12	20	0	0	46	2330
PR00254	NICOTINICR	0.999999999998	-2.00033089216386e-12	20	0	0	46	2330
PR01315	BATTENIN	0.999999999998126	-1.87356798336065e-12	3	0	0	46	2330
PR00369	FLAVODOXIN	0.999999999998126	-1.87356798336065e-12	3	0	0	46	2330
PR00447	NATRESASSCMP	0.999999999998126	-1.87356798336065e-12	3	0	0	46	2330
PR00372	FYWHYDRXLASE	0.999999999998126	-1.87356798336065e-12	3	0	0	46	2330
PR00790	PAMONOXGNASE	0.999999999998126	-1.87356798336065e-12	3	0	0	46	2330
PR00593	MTABOTROPICR	0.999999999998126	-1.87356798336065e-12	3	0	0	46	2330
PR00319	GPROTEINB	0.999999999998126	-1.87356798336065e-12	3	0	0	46	2330
PR01259	NACAEXCHNGR	0.999999999998126	-1.87356798336065e-12	3	0	0	46	2330
PR00167	CACHANNEL	0.999999999998126	-1.87356798336065e-12	3	0	0	46	2330
PR01320	KIRCHANNEL	0.999999999998126	-1.87356798336065e-12	3	0	0	46	2330
PR00068	CUZNDISMTASE	0.999999999998126	-1.87356798336065e-12	3	0	0	46	2330
PR00391	PITRANSFER	0.999999999998126	-1.87356798336065e-12	3	0	0	46	2330
PR00707	UBCTHYDRLASE	0.999999999998126	-1.87356798336065e-12	3	0	0	46	2330
PR00255	NATPEPTIDER	0.999999999998126	-1.87356798336065e-12	3	0	0	46	2330
PR00683	SPECTRINPH	0.999999999998126	-1.87356798336065e-12	3	0	0	46	2330
PR00413	HADHALOGNASE	0.999999999998126	-1.87356798336065e-12	3	0	0	46	2330
PR01271	HISDACETLASE	0.999999999998126	-1.87356798336065e-12	3	0	0	46	2330
PR01463	EAGCHANLFMLY	0.999999999998126	-1.87356798336065e-12	3	0	0	46	2330
PR01498	SHAWCHANNEL	0.999999999998126	-1.87356798336065e-12	3	0	0	46	2330
PR00775	HEATSHOCK90	0.999999999998126	-1.87356798336065e-12	3	0	0	46	2330
PR00502	NUDIXFAMILY	0.999999999998126	-1.87356798336065e-12	3	0	0	46	2330
PR01772	JNKMAPKINASE	0.999999999998126	-1.87356798336065e-12	3	0	0	46	2330
PR00067	CATALASE	0.999999999998126	-1.87356798336065e-12	3	0	0	46	2330
PR00106	DNAPOLB	0.999999999998126	-1.87356798336065e-12	3	0	0	46	2330
PR00881	L7ARS6FAMILY	0.999999999998126	-1.87356798336065e-12	3	0	0	46	2330
PR00389	PHPHLIPASEA2	0.999999999998126	-1.87356798336065e-12	3	0	0	46	2330
PR01097	TRNSRECEPTRP	0.999999999998126	-1.87356798336065e-12	3	0	0	46	2330
PR00406	CYTB5RDTASE	0.999999999998126	-1.87356798336065e-12	3	0	0	46	2330
PR00987	TRNASYNTHGLU	0.999999999998126	-1.87356798336065e-12	3	0	0	46	2330
PR00195	DYNAMIN	0.999999999998126	-1.87356798336065e-12	3	0	0	46	2330
PR00028	POUDOMAIN	0.999999999998126	-1.87356798336065e-12	3	0	0	46	2330
PR00305	1433ZETA	0.999999999998126	-1.87356798336065e-12	3	0	0	46	2330
PR00799	TRANSAMINASE	0.999999999998126	-1.87356798336065e-12	3	0	0	46	2330
PR00243	MUSCARINICR	0.999999999998126	-1.87356798336065e-12	3	0	0	46	2330
PR01857	ADAMTSFAMILY	0.999999999998126	-1.87356798336065e-12	3	0	0	46	2330
PR00075	FACDDSATRASE	0.999999999998126	-1.87356798336065e-12	3	0	0	46	2330
PR00376	IL1BCENZYME	0.999999999998126	-1.87356798336065e-12	3	0	0	46	2330
PR02050	B14GALTRFASE	0.999999999998126	-1.87356798336065e-12	3	0	0	46	2330
PR00720	MAMMALPTPASE	0.999999999998173	-1.82657361458283e-12	1	0	0	46	2330
PR01868	ABCEFAMILY	0.999999999998173	-1.82657361458283e-12	1	0	0	46	2330
PR00448	NSFATTACHMNT	0.999999999998173	-1.82657361458283e-12	1	0	0	46	2330
PR00603	CYTOCHROMEC1	0.999999999998173	-1.82657361458283e-12	1	0	0	46	2330
PR01251	AMPHIPHYSIN	0.999999999998173	-1.82657361458283e-12	1	0	0	46	2330
PR01164	GAMMATUBULIN	0.999999999998173	-1.82657361458283e-12	1	0	0	46	2330
PR00162	RIESKE	0.999999999998173	-1.82657361458283e-12	1	0	0	46	2330
PR01629	TVDCCALPHA1	0.999999999998173	-1.82657361458283e-12	1	0	0	46	2330
PR01588	THIKCHANNEL	0.999999999998173	-1.82657361458283e-12	1	0	0	46	2330
PR01551	SPO11HOMOLOG	0.999999999998173	-1.82657361458283e-12	1	0	0	46	2330
PR00154	AMPBINDING	0.999999999998173	-1.82657361458283e-12	1	0	0	46	2330
PR00041	LEUZIPPRCREB	0.999999999998173	-1.82657361458283e-12	1	0	0	46	2330
PR00192	FACTINCAPB	0.999999999998173	-1.82657361458283e-12	1	0	0	46	2330
PR00098	CPSASE	0.999999999998173	-1.82657361458283e-12	1	0	0	46	2330
PR00126	ATPASEGAMMA	0.999999999998173	-1.82657361458283e-12	1	0	0	46	2330
PR00728	SIGNALPTASE	0.999999999998173	-1.82657361458283e-12	1	0	0	46	2330
PR01246	RAD1REPAIR	0.999999999998173	-1.82657361458283e-12	1	0	0	46	2330
PR01348	ICLNCHANNEL	0.999999999998173	-1.82657361458283e-12	1	0	0	46	2330
PR01470	ERGCHANNEL	0.999999999998173	-1.82657361458283e-12	1	0	0	46	2330
PR00846	GLHYDRLASE56	0.999999999998173	-1.82657361458283e-12	1	0	0	46	2330
PR00973	RIBOSOMALS17	0.999999999998173	-1.82657361458283e-12	1	0	0	46	2330
PR00784	MTUNCOUPLING	0.999999999998173	-1.82657361458283e-12	1	0	0	46	2330
PR00960	LMBPPROTEIN	0.999999999998173	-1.82657361458283e-12	1	0	0	46	2330
PR01101	5HTRECEPTOR	0.999999999998173	-1.82657361458283e-12	1	0	0	46	2330
PR01873	CYTCOXIDASE4	0.999999999998173	-1.82657361458283e-12	1	0	0	46	2330
PR00110	ALPHAAMYLASE	0.999999999998173	-1.82657361458283e-12	1	0	0	46	2330
PR01640	PROFILINPLNT	0.999999999998173	-1.82657361458283e-12	1	0	0	46	2330
PR00194	TROPOMYOSIN	0.999999999998173	-1.82657361458283e-12	1	0	0	46	2330
PR01658	MCMPROTEIN2	0.999999999998173	-1.82657361458283e-12	1	0	0	46	2330
PR02011	RCMTNCL1	0.999999999998173	-1.82657361458283e-12	1	0	0	46	2330
PR00392	PROFILIN	0.999999999998173	-1.82657361458283e-12	1	0	0	46	2330
PR00983	TRNASYNTHCYS	0.999999999998173	-1.82657361458283e-12	1	0	0	46	2330
PR00472	CASNKINASEII	0.999999999998173	-1.82657361458283e-12	1	0	0	46	2330
PR00322	G10	0.999999999998173	-1.82657361458283e-12	1	0	0	46	2330
PR00003	4DISULPHCORE	0.999999999998173	-1.82657361458283e-12	1	0	0	46	2330
PR00492	RHOGDI	0.999999999998173	-1.82657361458283e-12	1	0	0	46	2330
PR01630	LVDCCALPHA1	0.999999999998173	-1.82657361458283e-12	1	0	0	46	2330
PR01653	TCTPROTEIN	0.999999999998173	-1.82657361458283e-12	1	0	0	46	2330
PR01218	PSTLEXTENSIN	0.999999999998173	-1.82657361458283e-12	1	0	0	46	2330
PR00132	GLHYDRLASE2	0.999999999998173	-1.82657361458283e-12	1	0	0	46	2330
PR01232	NAHCO3TRSPRT	0.999999999998173	-1.82657361458283e-12	1	0	0	46	2330
PR00124	ATPASEC	0.999999999998173	-1.82657361458283e-12	1	0	0	46	2330
PR01497	SHALCHANNEL	0.999999999998173	-1.82657361458283e-12	1	0	0	46	2330
PR01663	MCMPROTEIN7	0.999999999998173	-1.82657361458283e-12	1	0	0	46	2330
PR00115	F16BPHPHTASE	0.999999999998173	-1.82657361458283e-12	1	0	0	46	2330
PR01586	TWIKCHANNEL	0.999999999998173	-1.82657361458283e-12	1	0	0	46	2330
PR01716	DEATHASSOCP3	0.999999999998173	-1.82657361458283e-12	1	0	0	46	2330
PR00143	CITRTSNTHASE	0.999999999998173	-1.82657361458283e-12	1	0	0	46	2330
PR00127	CLPPROTEASEP	0.999999999998173	-1.82657361458283e-12	1	0	0	46	2330
PR00332	HISTRIAD	0.999999999998173	-1.82657361458283e-12	1	0	0	46	2330
PR00882	RIBOSOMALL7A	0.999999999998173	-1.82657361458283e-12	1	0	0	46	2330
PR00779	INSP3RECEPTR	0.999999999998173	-1.82657361458283e-12	1	0	0	46	2330
PR00464	EP450II	0.999999999998173	-1.82657361458283e-12	1	0	0	46	2330
PR00076	6PGDHDRGNASE	0.999999999998173	-1.82657361458283e-12	1	0	0	46	2330
PR00975	RIBOSOMALS19	0.999999999998173	-1.82657361458283e-12	1	0	0	46	2330
PR00938	BRACHYURY	0.999999999998173	-1.82657361458283e-12	1	0	0	46	2330
PR00465	EP450IV	0.999999999998173	-1.82657361458283e-12	1	0	0	46	2330
PR00545	RETINOIDXR	0.999999999998173	-1.82657361458283e-12	1	0	0	46	2330
PR00086	LLDHDRGNASE	0.999999999998173	-1.82657361458283e-12	1	0	0	46	2330
PR00850	GLHYDRLASE59	0.999999999998173	-1.82657361458283e-12	1	0	0	46	2330
PR00664	OCTOPAMINER	0.999999999998173	-1.82657361458283e-12	1	0	0	46	2330
PR01047	TRNASYNTHTHR	0.999999999998173	-1.82657361458283e-12	1	0	0	46	2330
PR00904	FRATAXIN	0.999999999998173	-1.82657361458283e-12	1	0	0	46	2330
PR00442	GPROTEINAQ	0.999999999998173	-1.82657361458283e-12	1	0	0	46	2330
PR00100	AOTCASE	0.999999999998173	-1.82657361458283e-12	1	0	0	46	2330
PR01049	PHOSPHBKNASE	0.999999999998173	-1.82657361458283e-12	1	0	0	46	2330
PR00785	NCTRNSLOCATR	0.999999999998173	-1.82657361458283e-12	1	0	0	46	2330
PR00719	LMWPTPASE	0.999999999998173	-1.82657361458283e-12	1	0	0	46	2330
PR00082	GLFDHDRGNASE	0.999999999998173	-1.82657361458283e-12	1	0	0	46	2330
PR00339	PCNACYCLIN	0.999999999998173	-1.82657361458283e-12	1	0	0	46	2330
PR00868	DNAPOLI	0.999999999998173	-1.82657361458283e-12	1	0	0	46	2330
PR01043	TRNASYNTHGLY	0.999999999998173	-1.82657361458283e-12	1	0	0	46	2330
PR01738	RNABINDINGM8	0.999999999998173	-1.82657361458283e-12	1	0	0	46	2330
PR02031	CYSSERRICHNP	0.999999999998173	-1.82657361458283e-12	1	0	0	46	2330
PR00139	ASNGLNASE	0.999999999998173	-1.82657361458283e-12	1	0	0	46	2330
PR00058	RIBOSOMALL5	0.999999999998173	-1.82657361458283e-12	1	0	0	46	2330
PR01546	YEAST73DUF	0.999999999998173	-1.82657361458283e-12	1	0	0	46	2330
PR01464	EAGCHANNEL	0.999999999998173	-1.82657361458283e-12	1	0	0	46	2330
PR00985	TRNASYNTHLEU	0.999999999998173	-1.82657361458283e-12	1	0	0	46	2330
PR01433	POLYCYSTIN2	0.999999999998173	-1.82657361458283e-12	1	0	0	46	2330
PR00473	GALCTOKINASE	0.999999999998173	-1.82657361458283e-12	1	0	0	46	2330
PR00967	ONCOGENEAML1	0.999999999998173	-1.82657361458283e-12	1	0	0	46	2330
PR01405	TETRPHPHTASE	0.999999999998173	-1.82657361458283e-12	1	0	0	46	2330
PR01368	SYNAPSIN	0.999999999998173	-1.82657361458283e-12	1	0	0	46	2330
PR00896	VASOPRESSINR	0.999999999998173	-1.82657361458283e-12	1	0	0	46	2330
PR01243	NUCDPKINASE	0.999999999998173	-1.82657361458283e-12	1	0	0	46	2330
PR00321	GPROTEING	0.999999999998173	-1.82657361458283e-12	1	0	0	46	2330
PR00125	ATPASEDELTA	0.999999999998173	-1.82657361458283e-12	1	0	0	46	2330
PR00972	RIBSOMALS12E	0.999999999998173	-1.82657361458283e-12	1	0	0	46	2330
PR00108	THYMDSNTHASE	0.999999999998173	-1.82657361458283e-12	1	0	0	46	2330
PR00740	GLHYDRLASE27	0.999999999998173	-1.82657361458283e-12	1	0	0	46	2330
PR00416	EUTPISMRASEI	0.999999999998173	-1.82657361458283e-12	1	0	0	46	2330
PR01550	TOP6AFAMILY	0.999999999998173	-1.82657361458283e-12	1	0	0	46	2330
PR00052	FIBRILLARIN	0.999999999998173	-1.82657361458283e-12	1	0	0	46	2330
PR01839	RAD23PROTEIN	0.999999999998173	-1.82657361458283e-12	1	0	0	46	2330
PR01088	NAHEXCHNGR6	0.999999999998173	-1.82657361458283e-12	1	0	0	46	2330
PR00979	TAFAZZIN	0.999999999998173	-1.82657361458283e-12	1	0	0	46	2330
PR01850	GROUCHOFAMLY	0.999999999998173	-1.82657361458283e-12	1	0	0	46	2330
PR01475	PARKIN	0.999999999998173	-1.82657361458283e-12	1	0	0	46	2330
PR01770	ERK1ERK2MAPK	0.999999999998173	-1.82657361458283e-12	1	0	0	46	2330
PR00741	GLHYDRLASE29	0.999999999998173	-1.82657361458283e-12	1	0	0	46	2330
PR01659	MCMPROTEIN3	0.999999999998173	-1.82657361458283e-12	1	0	0	46	2330
PR01660	MCMPROTEIN4	0.999999999998173	-1.82657361458283e-12	1	0	0	46	2330
PR00600	PP2APR55	0.999999999998173	-1.82657361458283e-12	1	0	0	46	2330
PR00148	ENOLASE	0.999999999998173	-1.82657361458283e-12	1	0	0	46	2330
PR00065	TEADOMAIN	0.999999999998173	-1.82657361458283e-12	1	0	0	46	2330
PR02012	RCMTNOP2	0.999999999998173	-1.82657361458283e-12	1	0	0	46	2330
PR01365	TELOMERASERT	0.999999999998173	-1.82657361458283e-12	1	0	0	46	2330
PR00217	POSTSYNAPTIC	0.999999999998173	-1.82657361458283e-12	1	0	0	46	2330
PR00025	ANTENNAPEDIA	0.999999999998173	-1.82657361458283e-12	1	0	0	46	2330
PR01250	RIBOSOMALL34	0.999999999998173	-1.82657361458283e-12	1	0	0	46	2330
PR00989	ADENOKINASE	0.999999999998173	-1.82657361458283e-12	1	0	0	46	2330
PR01443	TFIID30KDSUB	0.999999999998173	-1.82657361458283e-12	1	0	0	46	2330
PR00072	MALOXRDTASE	0.999999999998173	-1.82657361458283e-12	1	0	0	46	2330
PR01797	SAPOSIN	0.999999999998173	-1.82657361458283e-12	1	0	0	46	2330
PR00978	STARPROTEIN	0.999999999998173	-1.82657361458283e-12	1	0	0	46	2330
PR00662	G6PISOMERASE	0.999999999998173	-1.82657361458283e-12	1	0	0	46	2330
PR00355	ADRENODOXIN	0.999999999998173	-1.82657361458283e-12	1	0	0	46	2330
PR01849	UBIQUITINACT	0.999999999998173	-1.82657361458283e-12	1	0	0	46	2330
PR00407	EUMOPTERIN	0.999999999998173	-1.82657361458283e-12	1	0	0	46	2330
PR00663	GALANINR	0.999999999998173	-1.82657361458283e-12	1	0	0	46	2330
PR00474	GLU5KINASE	0.999999999998173	-1.82657361458283e-12	1	0	0	46	2330
PR01989	EUOM20RECPTR	0.999999999998173	-1.82657361458283e-12	1	0	0	46	2330
PR00982	TRNASYNTHLYS	0.999999999998173	-1.82657361458283e-12	1	0	0	46	2330
PR00336	LYSASSOCTDMP	0.999999999998173	-1.82657361458283e-12	1	0	0	46	2330
PR00373	GLYCHORMONER	0.999999999998173	-1.82657361458283e-12	1	0	0	46	2330
PR00043	LEUZIPPRJUN	0.999999999998173	-1.82657361458283e-12	1	0	0	46	2330
PR00309	ARRESTIN	0.999999999998173	-1.82657361458283e-12	1	0	0	46	2330
PR01075	PRESENILNSEL	0.999999999998173	-1.82657361458283e-12	1	0	0	46	2330
PR00456	RIBOSOMALP2	0.999999999998173	-1.82657361458283e-12	1	0	0	46	2330
PR00971	RIBOSOMALS10	0.999999999998173	-1.82657361458283e-12	1	0	0	46	2330
PR01802	SYNEMBRYN	0.999999999998173	-1.82657361458283e-12	1	0	0	46	2330
PR00071	HMGCOARDTASE	0.999999999998173	-1.82657361458283e-12	1	0	0	46	2330
PR01748	AP2TNSCPFCT	0.999999999998173	-1.82657361458283e-12	1	0	0	46	2330
PR00791	PEPDIPTASEA	0.999999999998173	-1.82657361458283e-12	1	0	0	46	2330
PR00867	DNAPOLG	0.999999999998173	-1.82657361458283e-12	1	0	0	46	2330
PR00203	AMYLOIDA4	0.999999999998173	-1.82657361458283e-12	1	0	0	46	2330
PR01661	MCMPROTEIN5	0.999999999998173	-1.82657361458283e-12	1	0	0	46	2330
PR00191	FACTINCAPA	0.999999999998173	-1.82657361458283e-12	1	0	0	46	2330
PR00056	HSFDOMAIN	0.999999999998173	-1.82657361458283e-12	1	0	0	46	2330
PR00104	CGMPKINASE	0.999999999998173	-1.82657361458283e-12	1	0	0	46	2330
PR00773	GRPEPROTEIN	0.999999999998173	-1.82657361458283e-12	1	0	0	46	2330
PR01034	RIBOSOMALS12	0.999999999998173	-1.82657361458283e-12	1	0	0	46	2330
PR00443	GPROTEINAS	0.999999999998173	-1.82657361458283e-12	1	0	0	46	2330
PR00477	PHGLYCKINASE	0.999999999998173	-1.82657361458283e-12	1	0	0	46	2330
PR00351	OM20RECEPTOR	0.999999999998173	-1.82657361458283e-12	1	0	0	46	2330
PR00302	LUPUSLA	0.999999999998173	-1.82657361458283e-12	1	0	0	46	2330
PR00276	INSULINFAMLY	0.999999999998173	-1.82657361458283e-12	1	0	0	46	2330
PR01838	NCAMFAMILY	0.999999999998173	-1.82657361458283e-12	1	0	0	46	2330
PR01245	RAD1REC1	0.999999999998173	-1.82657361458283e-12	1	0	0	46	2330
PR00079	G6PDHDRGNASE	0.999999999998173	-1.82657361458283e-12	1	0	0	46	2330
PR00990	RIBOKINASE	0.999999999998173	-1.82657361458283e-12	1	0	0	46	2330
PR00623	HISTONEH4	0.999999999998173	-1.82657361458283e-12	1	0	0	46	2330
PR01662	MCMPROTEIN6	0.999999999998173	-1.82657361458283e-12	1	0	0	46	2330
PR00928	GRAVESDC	0.999999999998173	-1.82657361458283e-12	1	0	0	46	2330
PR00220	SYNAPTOPHYSN	0.999999999998173	-1.82657361458283e-12	1	0	0	46	2330
PR01692	LIPOCALINIMR	0.999999999998173	-1.82657361458283e-12	1	0	0	46	2330
PR00440	GPROTEINA12	0.999999999998173	-1.82657361458283e-12	1	0	0	46	2330
PR00297	CHAPERONIN10	0.999999999998173	-1.82657361458283e-12	1	0	0	46	2330
PR00627	GTPRANTC4	0.999999999998173	-1.82657361458283e-12	1	0	0	46	2330
PR01000	SREBPS2PTASE	0.999999999998173	-1.82657361458283e-12	1	0	0	46	2330
PR00378	LIIMPHPHTASE	0.999999999998173	-1.82657361458283e-12	1	0	0	46	2330
PR00298	CHAPERONIN60	0.999999999998173	-1.82657361458283e-12	1	0	0	46	2330
PR01183	RIBORDTASEM1	0.999999999998173	-1.82657361458283e-12	1	0	0	46	2330
PR01846	TRHRFAMILY	0.999999999998173	-1.82657361458283e-12	1	0	0	46	2330
PR00767	DBMONOXGNASE	0.999999999998173	-1.82657361458283e-12	1	0	0	46	2330
PR00085	THFDHDRGNASE	0.999999999998173	-1.82657361458283e-12	1	0	0	46	2330
PR00185	EUKARYTPORIN	0.999999999998173	-1.82657361458283e-12	1	0	0	46	2330
PR00961	HUDSXLRNA	0.999999999998173	-1.82657361458283e-12	1	0	0	46	2330
PR01854	BR22PROTEIN	0.999999999998173	-1.82657361458283e-12	1	0	0	46	2330
PR00414	PPTHIESTRASE	0.999999999998173	-1.82657361458283e-12	1	0	0	46	2330
PR00932	AMINO1PTASE	0.999999999998173	-1.82657361458283e-12	1	0	0	46	2330
PR00738	GLHYDRLASE20	0.999999999998173	-1.82657361458283e-12	1	0	0	46	2330
PR00044	LEUZIPPRMYC	0.999999999998173	-1.82657361458283e-12	1	0	0	46	2330
PR00838	V5ALLERGEN	0.999999999998178	-1.82155057400799e-12	19	0	0	46	2330
PR01078	AMINACHANNEL	0.999999999998544	-1.45627540469647e-12	21	0	0	46	2330
PR00299	ACRYSTALLIN	0.999999999998675	-1.32544978140572e-12	15	0	0	46	2330
PR00721	STOMATIN	0.999999999998838	-1.16191520819797e-12	8	0	0	46	2330
PR00454	ETSDOMAIN	0.999999999998838	-1.16191520819797e-12	8	0	0	46	2330
PR00786	NEPRILYSIN	0.999999999998838	-1.16191520819797e-12	8	0	0	46	2330
PR00177	NMDARECEPTOR	0.999999999998838	-1.16191520819797e-12	8	0	0	46	2330
PR00927	ADPTRNSLCASE	0.999999999998838	-1.16191520819797e-12	8	0	0	46	2330
PR00935	BAND41	0.999999999998838	-1.16191520819797e-12	8	0	0	46	2330
PR00219	SYNAPTOBREVN	0.999999999998838	-1.16191520819797e-12	8	0	0	46	2330
PR01494	KV9CHANNEL	0.999999999998953	-1.04696578275353e-12	6	0	0	46	2330
PR00387	PDIESTERASE1	0.999999999998953	-1.04696578275353e-12	6	0	0	46	2330
PR00348	UBIQUITIN	0.999999999998953	-1.04696578275353e-12	6	0	0	46	2330
PR00399	SYNAPTOTAGMN	0.999999999998953	-1.04696578275353e-12	6	0	0	46	2330
PR00632	SONICHHOG	0.999999999998953	-1.04696578275353e-12	6	0	0	46	2330
PR00094	ADENYLTKNASE	0.999999999998953	-1.04696578275353e-12	6	0	0	46	2330
PR00762	CLCHANNEL	0.999999999998953	-1.04696578275353e-12	6	0	0	46	2330
PR01657	MCMFAMILY	0.999999999998953	-1.04696578275353e-12	6	0	0	46	2330
PR00092	TYROSINASE	0.999999999998953	-1.04696578275353e-12	6	0	0	46	2330
PR00390	PHPHLIPASEC	0.999999999998953	-1.04696578275353e-12	6	0	0	46	2330
PR00633	RCCNDNSATION	0.999999999998953	-1.04696578275353e-12	6	0	0	46	2330
PR00689	ACOABINDINGP	0.999999999998953	-1.04696578275353e-12	6	0	0	46	2330
PR00744	GLHYDRLASE37	0.999999999999029	-9.70852365179559e-13	5	0	0	46	2330
PR00723	SUBTILISIN	0.999999999999029	-9.70852365179559e-13	5	0	0	46	2330
PR01625	GSTRNSFRASEO	0.999999999999029	-9.70852365179559e-13	5	0	0	46	2330
PR00347	THAUMATIN	0.999999999999029	-9.70852365179559e-13	5	0	0	46	2330
PR00800	YHDCRBOXLASE	0.999999999999029	-9.70852365179559e-13	5	0	0	46	2330
PR00249	GPCRSECRETIN	0.999999999999029	-9.70852365179559e-13	5	0	0	46	2330
PR00248	GPCRMGR	0.999999999999029	-9.70852365179559e-13	5	0	0	46	2330
PR00620	HISTONEH2A	0.999999999999029	-9.70852365179559e-13	5	0	0	46	2330
PR01349	WNTPROTEIN	0.999999999999029	-9.70852365179559e-13	5	0	0	46	2330
PR00412	EPOXHYDRLASE	0.999999999999029	-9.70852365179559e-13	5	0	0	46	2330
PR00661	ERMFAMILY	0.999999999999029	-9.70852365179559e-13	5	0	0	46	2330
PR00111	ABHYDROLASE	0.999999999999029	-9.70852365179559e-13	5	0	0	46	2330
PR00160	GLUTAREDOXIN	0.999999999999029	-9.70852365179559e-13	5	0	0	46	2330
PR01130	DERENTRNSPRT	0.999999999999029	-9.70852365179559e-13	5	0	0	46	2330
PR01609	CD36FAMILY	0.999999999999029	-9.70852365179559e-13	5	0	0	46	2330
PR00371	FPNCR	0.999999999999029	-9.70852365179559e-13	5	0	0	46	2330
PR01125	FMOXYGENASE5	0.999999999999029	-9.70852365179559e-13	5	0	0	46	2330
PR01084	NAHEXCHNGR	0.999999999999104	-8.96030009369879e-13	9	0	0	46	2330
PR00724	CRBOXYPTASEC	0.999999999999104	-8.96030009369879e-13	9	0	0	46	2330
PR00326	GTP1OBG	0.999999999999104	-8.96030009369879e-13	9	0	0	46	2330
PR00027	PAIREDBOX	0.999999999999104	-8.96030009369879e-13	9	0	0	46	2330
PR01095	TASKCHANNEL	0.999999999999104	-8.96030009369879e-13	9	0	0	46	2330
PR00171	SUGRTRNSPORT	0.999999999999182	-8.17619994400659e-13	10	0	0	46	2330
PR00756	ALADIPTASE	0.999999999999182	-8.17619994400659e-13	10	0	0	46	2330
PR00178	FATTYACIDBP	0.999999999999182	-8.17619994400659e-13	10	0	0	46	2330
PR01162	ALPHATUBULIN	0.999999999999182	-8.17619994400659e-13	10	0	0	46	2330
PR00328	SAR1GTPBP	0.999999999999221	-7.79251205757897e-13	13	0	0	46	2330
PR00259	TMFOUR	0.999999999999221	-7.79251205757897e-13	13	0	0	46	2330
PR00704	CALPAIN	0.999999999999221	-7.79251205757897e-13	13	0	0	46	2330
PR01012	NRPEPTIDEYR	0.999999999999221	-7.79251205757897e-13	13	0	0	46	2330
PR00457	ANPEROXIDASE	0.999999999999221	-7.79251205757897e-13	13	0	0	46	2330
PR01262	INNEXIN	0.999999999999902	-9.80371950954322e-14	25	0	0	46	2330
PR00837	V5TPXLIKE	0.999999999999902	-9.80371950954322e-14	25	0	0	46	2330
PR00370	FMOXYGENASE	0.999999999999907	-9.34714985894716e-14	7	0	0	46	2330
PR00722	CHYMOTRYPSIN	0.999999999999907	-9.34714985894716e-14	7	0	0	46	2330
PR00190	ACTIN	0.999999999999907	-9.34714985894716e-14	7	0	0	46	2330
PR00747	GLYHDRLASE47	0.999999999999907	-9.34714985894716e-14	7	0	0	46	2330
PR01011	GLUTPROXDASE	0.999999999999907	-9.34714985894716e-14	7	0	0	46	2330
PR00138	MATRIXIN	0.999999999999907	-9.34714985894716e-14	7	0	0	46	2330
PR00441	GPROTEINAI	0.999999999999907	-9.34714985894716e-14	7	0	0	46	2330
PR00318	GPROTEINA	1.00000000000007	7.17627231234055e-14	22	0	0	46	2330
PR01491	KVCHANNEL	1.0000000000002	2.02969240146785e-13	11	0	0	46	2330
PR00301	HEATSHOCK70	1.0000000000002	2.02969240146785e-13	11	0	0	46	2330
PR00360	C2DOMAIN	1.0000000000002	2.02969240146785e-13	11	0	0	46	2330
PR00205	CADHERIN	1.0000000000002	2.02969240146785e-13	11	0	0	46	2330
PR00153	CSAPPISMRASE	1.00000000000047	4.71192291140823e-13	18	0	0	46	2330
PR01415	ANKYRIN	1.00000000000069	6.93407224661323e-13	16	0	0	46	2330
PR00926	MITOCARRIER	1.00000000000069	6.93407224661323e-13	16	0	0	46	2330
PR00176	NANEUSMPORT	1.0000000000013	1.30446827719552e-12	12	0	0	46	2330
PR00765	CRBOXYPTASEA	1.0000000000013	1.30446827719552e-12	12	0	0	46	2330
PR00069	ALDKETRDTASE	1.0000000000013	1.30446827719552e-12	12	0	0	46	2330
PR00792	PEPSIN	1.00000000000183	1.82512729673236e-12	17	0	0	46	2330
PR00380	KINESINHEAVY	1.00000000000183	1.82512729673236e-12	17	0	0	46	2330
PR00193	MYOSINHEAVY	1.00000000000183	1.82512729673236e-12	17	0	0	46	2330
PR00253	GABAARECEPTR	1.00000000000249	2.49006239049068e-12	37	0	0	46	2330
PR02095	TRNSPORTRHRG	1.00000000000253	2.53430950100201e-12	4	0	0	46	2330
PR00853	XPGRADSUPER	1.00000000000253	2.53430950100201e-12	4	0	0	46	2330
PR00196	ANNEXIN	1.00000000000253	2.53430950100201e-12	4	0	0	46	2330
PR00878	CHOLNESTRASE	1.00000000000253	2.53430950100201e-12	4	0	0	46	2330
PR01042	TRNASYNTHASP	1.00000000000253	2.53430950100201e-12	4	0	0	46	2330
PR00078	G3PDHDRGNASE	1.00000000000253	2.53430950100201e-12	4	0	0	46	2330
PR00843	GLHYDRLASE30	1.00000000000253	2.53430950100201e-12	4	0	0	46	2330
PR00621	HISTONEH2B	1.00000000000253	2.53430950100201e-12	4	0	0	46	2330
PR00300	CLPPROTEASEA	1.00000000000253	2.53430950100201e-12	4	0	0	46	2330
PR00888	SM22CALPONIN	1.00000000000253	2.53430950100201e-12	4	0	0	46	2330
PR01231	HCO3TRNSPORT	1.00000000000253	2.53430950100201e-12	4	0	0	46	2330
PR00363	CYTOCHROMEB5	1.00000000000253	2.53430950100201e-12	4	0	0	46	2330
PR00050	COLDSHOCK	1.00000000000253	2.53430950100201e-12	4	0	0	46	2330
PR00314	CLATHRINADPT	1.00000000000253	2.53430950100201e-12	4	0	0	46	2330
PR02008	RCMTFAMILY	1.00000000000253	2.53430950100201e-12	4	0	0	46	2330
PR01333	2POREKCHANEL	1.00000000000492	4.92195302373863e-12	43	0	0	46	2330
PR00700	PRTYPHPHTASE	1.00000000000533	5.33076867210066e-12	57	0	0	46	2330
PR00698	TMPROTEINSRG	1.00000000000576	5.76029203812724e-12	39	0	0	46	2330
PR00480	ASTACIN	1.00000000000576	5.76029203812724e-12	39	0	0	46	2330
PR00114	STPHPHTASE	1.00000000000656	6.56067009647822e-12	45	0	0	46	2330
PR00385	P450	1.00000000000752	7.51912592621534e-12	71	0	0	46	2330
PR00252	NRIONCHANNEL	1.00000000000875	8.74839082363118e-12	84	0	0	46	2330
PR00463	EP450I	1.00000000001096	1.09588118747228e-11	72	0	0	46	2330
PR00237	GPCRRHODOPSN	1.00000000002021	2.02076732826846e-11	144	0	0	46	2330
