TermID	Term	Enrichment	logP	Genes in Term	Target Genes in Term	Fraction of Targets in Term	Total Target Genes	Total Genes	Entrez Gene IDs	Gene Symbols
PR00185	EUKARYTPORIN	0.0133047210300724	-4.31963634207239	1	1	0.032258064516129	31	2330	177524	vdac-1
PR01848	U2AUXFACTOR	0.0133047210300724	-4.31963634207239	1	1	0.032258064516129	31	2330	178489	uaf-2
PR00082	GLFDHDRGNASE	0.0133047210300724	-4.31963634207239	1	1	0.032258064516129	31	2330	178130	gdh-1
PR00139	ASNGLNASE	0.0133047210300724	-4.31963634207239	1	1	0.032258064516129	31	2330	179667	C27A7.5
PR01243	NUCDPKINASE	0.0133047210300724	-4.31963634207239	1	1	0.032258064516129	31	2330	172939	ndk-1
PR01797	SAPOSIN	0.0133047210300724	-4.31963634207239	1	1	0.032258064516129	31	2330	177651	spp-10
PR00937	TBOX	0.020580345236044	-3.88341877339896	17	2	0.0645161290322581	31	2330	176450,176449	tbx-8,tbx-9
PR00404	MADSDOMAIN	0.0264380630854729	-3.63295052366116	2	1	0.032258064516129	31	2330	172636	unc-120
PR00077	GPDHDRGNASE	0.0264380630854729	-3.63295052366116	2	1	0.032258064516129	31	2330	176399	gpdh-2
PR00476	PHFRCTKINASE	0.0264380630854729	-3.63295052366116	2	1	0.032258064516129	31	2330	180583	pfk-1.1
PR01050	PYRUVTKNASE	0.0264380630854729	-3.63295052366116	2	1	0.032258064516129	31	2330	177984	pyk-2
PR01186	INTEGRINB	0.0264380630854729	-3.63295052366116	2	1	0.032258064516129	31	2330	182254	C05D9.3
PR00775	HEATSHOCK90	0.0394021610428706	-3.23393461537857	3	1	0.032258064516129	31	2330	179971	hsp-90
PR00305	1433ZETA	0.0394021610428706	-3.23393461537857	3	1	0.032258064516129	31	2330	181348	ftt-2
PR00888	SM22CALPONIN	0.0521991240889541	-2.95268956413942	4	1	0.032258064516129	31	2330	172660	cpn-1
PR01349	WNTPROTEIN	0.0648310360205385	-2.73597083935006	5	1	0.032258064516129	31	2330	173399	cwn-1
PR00047	STROIDFINGER	0.0793624867613596	-2.53372948129787	231	6	0.193548387096774	31	2330	178696,182533,180059,175993,187178,183807	nhr-13,nhr-152,nhr-60,nhr-10,nhr-32,nhr-171
PR00370	FMOXYGENASE	0.0896079165467899	-2.41231160858741	7	1	0.032258064516129	31	2330	172131	C46H11.2
PR00619	GATAZNFINGER	0.101756928422112	-2.28516836437702	8	1	0.032258064516129	31	2330	177794	elt-1
PR00783	MINTRINSICP	0.113748976320113	-2.17376122057519	9	1	0.032258064516129	31	2330	174467	aqp-2
PR00301	HEATSHOCK70	0.137270001331032	-1.98580548002211	11	1	0.032258064516129	31	2330	178507	hsp-1
PR00704	CALPAIN	0.160186398827287	-1.83141714915514	13	1	0.032258064516129	31	2330	175326	clp-4
PR00926	MITOCARRIER	0.193460113479558	-1.64268391964899	16	1	0.032258064516129	31	2330	181692	slc-25A21
PR00024	HOMEOBOX	0.295410087537374	-1.21939076072934	26	1	0.032258064516129	31	2330	176641	nob-1
PR00398	STRDHORMONER	0.440791914032988	-0.819182365156991	43	1	0.032258064516129	31	2330	175993	nhr-10
PR00109	TYRKINASE	0.613971396863698	-0.487806936832649	70	1	0.032258064516129	31	2330	180679	lin-18
PR00389	PHPHLIPASEA2	0.999999999996504	-3.49596843486993e-12	3	0	0	31	2330
PR01320	KIRCHANNEL	0.999999999996504	-3.49596843486993e-12	3	0	0	31	2330
PR01857	ADAMTSFAMILY	0.999999999996504	-3.49596843486993e-12	3	0	0	31	2330
PR01271	HISDACETLASE	0.999999999996504	-3.49596843486993e-12	3	0	0	31	2330
PR00502	NUDIXFAMILY	0.999999999996504	-3.49596843486993e-12	3	0	0	31	2330
PR00067	CATALASE	0.999999999996504	-3.49596843486993e-12	3	0	0	31	2330
PR00406	CYTB5RDTASE	0.999999999996504	-3.49596843486993e-12	3	0	0	31	2330
PR00255	NATPEPTIDER	0.999999999996504	-3.49596843486993e-12	3	0	0	31	2330
PR02050	B14GALTRFASE	0.999999999996504	-3.49596843486993e-12	3	0	0	31	2330
PR00447	NATRESASSCMP	0.999999999996504	-3.49596843486993e-12	3	0	0	31	2330
PR01097	TRNSRECEPTRP	0.999999999996504	-3.49596843486993e-12	3	0	0	31	2330
PR00790	PAMONOXGNASE	0.999999999996504	-3.49596843486993e-12	3	0	0	31	2330
PR01347	EPHRIN	0.999999999996504	-3.49596843486993e-12	3	0	0	31	2330
PR01498	SHAWCHANNEL	0.999999999996504	-3.49596843486993e-12	3	0	0	31	2330
PR00593	MTABOTROPICR	0.999999999996504	-3.49596843486993e-12	3	0	0	31	2330
PR01259	NACAEXCHNGR	0.999999999996504	-3.49596843486993e-12	3	0	0	31	2330
PR00075	FACDDSATRASE	0.999999999996504	-3.49596843486993e-12	3	0	0	31	2330
PR00413	HADHALOGNASE	0.999999999996504	-3.49596843486993e-12	3	0	0	31	2330
PR00195	DYNAMIN	0.999999999996504	-3.49596843486993e-12	3	0	0	31	2330
PR00683	SPECTRINPH	0.999999999996504	-3.49596843486993e-12	3	0	0	31	2330
PR00319	GPROTEINB	0.999999999996504	-3.49596843486993e-12	3	0	0	31	2330
PR01772	JNKMAPKINASE	0.999999999996504	-3.49596843486993e-12	3	0	0	31	2330
PR00369	FLAVODOXIN	0.999999999996504	-3.49596843486993e-12	3	0	0	31	2330
PR00372	FYWHYDRXLASE	0.999999999996504	-3.49596843486993e-12	3	0	0	31	2330
PR00376	IL1BCENZYME	0.999999999996504	-3.49596843486993e-12	3	0	0	31	2330
PR00707	UBCTHYDRLASE	0.999999999996504	-3.49596843486993e-12	3	0	0	31	2330
PR00799	TRANSAMINASE	0.999999999996504	-3.49596843486993e-12	3	0	0	31	2330
PR01463	EAGCHANLFMLY	0.999999999996504	-3.49596843486993e-12	3	0	0	31	2330
PR00243	MUSCARINICR	0.999999999996504	-3.49596843486993e-12	3	0	0	31	2330
PR00167	CACHANNEL	0.999999999996504	-3.49596843486993e-12	3	0	0	31	2330
PR00987	TRNASYNTHGLU	0.999999999996504	-3.49596843486993e-12	3	0	0	31	2330
PR00068	CUZNDISMTASE	0.999999999996504	-3.49596843486993e-12	3	0	0	31	2330
PR00881	L7ARS6FAMILY	0.999999999996504	-3.49596843486993e-12	3	0	0	31	2330
PR00489	FRIZZLED	0.999999999996504	-3.49596843486993e-12	3	0	0	31	2330
PR00028	POUDOMAIN	0.999999999996504	-3.49596843486993e-12	3	0	0	31	2330
PR01315	BATTENIN	0.999999999996504	-3.49596843486993e-12	3	0	0	31	2330
PR00106	DNAPOLB	0.999999999996504	-3.49596843486993e-12	3	0	0	31	2330
PR00391	PITRANSFER	0.999999999996504	-3.49596843486993e-12	3	0	0	31	2330
PR00177	NMDARECEPTOR	0.999999999996677	-3.32286292629838e-12	8	0	0	31	2330
PR01270	HDASUPER	0.999999999996677	-3.32286292629838e-12	8	0	0	31	2330
PR00721	STOMATIN	0.999999999996677	-3.32286292629838e-12	8	0	0	31	2330
PR00935	BAND41	0.999999999996677	-3.32286292629838e-12	8	0	0	31	2330
PR00786	NEPRILYSIN	0.999999999996677	-3.32286292629838e-12	8	0	0	31	2330
PR00454	ETSDOMAIN	0.999999999996677	-3.32286292629838e-12	8	0	0	31	2330
PR00927	ADPTRNSLCASE	0.999999999996677	-3.32286292629838e-12	8	0	0	31	2330
PR00219	SYNAPTOBREVN	0.999999999996677	-3.32286292629838e-12	8	0	0	31	2330
PR00624	HISTONEH5	0.999999999996677	-3.32286292629838e-12	8	0	0	31	2330
PR00620	HISTONEH2A	0.999999999997013	-2.98733884584016e-12	5	0	0	31	2330
PR00723	SUBTILISIN	0.999999999997013	-2.98733884584016e-12	5	0	0	31	2330
PR00412	EPOXHYDRLASE	0.999999999997013	-2.98733884584016e-12	5	0	0	31	2330
PR00347	THAUMATIN	0.999999999997013	-2.98733884584016e-12	5	0	0	31	2330
PR00160	GLUTAREDOXIN	0.999999999997013	-2.98733884584016e-12	5	0	0	31	2330
PR01625	GSTRNSFRASEO	0.999999999997013	-2.98733884584016e-12	5	0	0	31	2330
PR00405	REVINTRACTNG	0.999999999997013	-2.98733884584016e-12	5	0	0	31	2330
PR00371	FPNCR	0.999999999997013	-2.98733884584016e-12	5	0	0	31	2330
PR00800	YHDCRBOXLASE	0.999999999997013	-2.98733884584016e-12	5	0	0	31	2330
PR00248	GPCRMGR	0.999999999997013	-2.98733884584016e-12	5	0	0	31	2330
PR01609	CD36FAMILY	0.999999999997013	-2.98733884584016e-12	5	0	0	31	2330
PR01130	DERENTRNSPRT	0.999999999997013	-2.98733884584016e-12	5	0	0	31	2330
PR00744	GLHYDRLASE37	0.999999999997013	-2.98733884584016e-12	5	0	0	31	2330
PR00661	ERMFAMILY	0.999999999997013	-2.98733884584016e-12	5	0	0	31	2330
PR00111	ABHYDROLASE	0.999999999997013	-2.98733884584016e-12	5	0	0	31	2330
PR01125	FMOXYGENASE5	0.999999999997013	-2.98733884584016e-12	5	0	0	31	2330
PR00249	GPCRSECRETIN	0.999999999997013	-2.98733884584016e-12	5	0	0	31	2330
PR00417	PRTPISMRASEI	0.999999999997352	-2.6483033702205e-12	2	0	0	31	2330
PR01764	MAPKPHPHTASE	0.999999999997352	-2.6483033702205e-12	2	0	0	31	2330
PR01822	CCYSTOKININR	0.999999999997352	-2.6483033702205e-12	2	0	0	31	2330
PR00986	TRNASYNTHVAL	0.999999999997352	-2.6483033702205e-12	2	0	0	31	2330
PR00717	GPCRKINASE	0.999999999997352	-2.6483033702205e-12	2	0	0	31	2330
PR00149	FUMRATELYASE	0.999999999997352	-2.6483033702205e-12	2	0	0	31	2330
PR00481	LAMNOPPTDASE	0.999999999997352	-2.6483033702205e-12	2	0	0	31	2330
PR00742	GLHYDRLASE35	0.999999999997352	-2.6483033702205e-12	2	0	0	31	2330
PR00891	RABGDIREP	0.999999999997352	-2.6483033702205e-12	2	0	0	31	2330
PR01046	TRNASYNTHPRO	0.999999999997352	-2.6483033702205e-12	2	0	0	31	2330
PR00616	CCAATSUBUNTB	0.999999999997352	-2.6483033702205e-12	2	0	0	31	2330
PR00991	6PFRUCTKNASE	0.999999999997352	-2.6483033702205e-12	2	0	0	31	2330
PR00876	MTNEMATODE	0.999999999997352	-2.6483033702205e-12	2	0	0	31	2330
PR01185	INTEGRINA	0.999999999997352	-2.6483033702205e-12	2	0	0	31	2330
PR00984	TRNASYNTHILE	0.999999999997352	-2.6483033702205e-12	2	0	0	31	2330
PR01773	P38MAPKINASE	0.999999999997352	-2.6483033702205e-12	2	0	0	31	2330
PR00805	ALPHACATENIN	0.999999999997352	-2.6483033702205e-12	2	0	0	31	2330
PR01459	KCNQCHANNEL	0.999999999997352	-2.6483033702205e-12	2	0	0	31	2330
PR00685	TIFACTORIIB	0.999999999997352	-2.6483033702205e-12	2	0	0	31	2330
PR01040	TRNASYNTHTYR	0.999999999997352	-2.6483033702205e-12	2	0	0	31	2330
PR00776	HEMOGLOBNASE	0.999999999997352	-2.6483033702205e-12	2	0	0	31	2330
PR00714	MAN6PISMRASE	0.999999999997352	-2.6483033702205e-12	2	0	0	31	2330
PR01001	FADG3PDH	0.999999999997352	-2.6483033702205e-12	2	0	0	31	2330
PR00679	PROHIBITIN	0.999999999997352	-2.6483033702205e-12	2	0	0	31	2330
PR00597	GELSOLIN	0.999999999997352	-2.6483033702205e-12	2	0	0	31	2330
PR01703	MNSODISMTASE	0.999999999997352	-2.6483033702205e-12	2	0	0	31	2330
PR01072	PRESENILIN	0.999999999997352	-2.6483033702205e-12	2	0	0	31	2330
PR00727	LEADERPTASE	0.999999999997352	-2.6483033702205e-12	2	0	0	31	2330
PR00962	LETHAL2GIANT	0.999999999997352	-2.6483033702205e-12	2	0	0	31	2330
PR01182	ORNDCRBXLASE	0.999999999997352	-2.6483033702205e-12	2	0	0	31	2330
PR00122	VACATPASE	0.999999999997352	-2.6483033702205e-12	2	0	0	31	2330
PR00381	KINESINLIGHT	0.999999999997352	-2.6483033702205e-12	2	0	0	31	2330
PR01160	GABAARBETA	0.999999999997352	-2.6483033702205e-12	2	0	0	31	2330
PR00981	TRNASYNTHSER	0.999999999997352	-2.6483033702205e-12	2	0	0	31	2330
PR01038	TRNASYNTHARG	0.999999999997352	-2.6483033702205e-12	2	0	0	31	2330
PR00604	CYTCHRMECIAB	0.999999999997352	-2.6483033702205e-12	2	0	0	31	2330
PR01573	SUPERTUBBY	0.999999999997352	-2.6483033702205e-12	2	0	0	31	2330
PR01626	LCACHANNELB	0.999999999997352	-2.6483033702205e-12	2	0	0	31	2330
PR01908	ADSPHPHTASE	0.999999999997352	-2.6483033702205e-12	2	0	0	31	2330
PR00887	SSRCOGNITION	0.999999999997352	-2.6483033702205e-12	2	0	0	31	2330
PR01035	TCRTETA	0.999999999997352	-2.6483033702205e-12	2	0	0	31	2330
PR01869	BCATNINFAMLY	0.999999999997352	-2.6483033702205e-12	2	0	0	31	2330
PR00883	NUCLEARHMG	0.999999999997352	-2.6483033702205e-12	2	0	0	31	2330
PR00131	GLHYDRLASE1	0.999999999997352	-2.6483033702205e-12	2	0	0	31	2330
PR00509	PGMPMM	0.999999999997352	-2.6483033702205e-12	2	0	0	31	2330
PR01039	TRNASYNTHTRP	0.999999999997352	-2.6483033702205e-12	2	0	0	31	2330
PR00141	PROTEASOME	0.999999999997352	-2.6483033702205e-12	2	0	0	31	2330
PR00626	CALRETICULIN	0.999999999997352	-2.6483033702205e-12	2	0	0	31	2330
PR00504	CHROMODOMAIN	0.999999999997352	-2.6483033702205e-12	2	0	0	31	2330
PR00342	RHESUSRHD	0.999999999997352	-2.6483033702205e-12	2	0	0	31	2330
PR00980	TRNASYNTHALA	0.999999999997352	-2.6483033702205e-12	2	0	0	31	2330
PR00395	RIBOSOMALS2	0.999999999997352	-2.6483033702205e-12	2	0	0	31	2330
PR00653	ACTIVIN2R	0.999999999997352	-2.6483033702205e-12	2	0	0	31	2330
PR00789	OSIALOPTASE	0.999999999997352	-2.6483033702205e-12	2	0	0	31	2330
PR00892	RABGDI	0.999999999997352	-2.6483033702205e-12	2	0	0	31	2330
PR00415	ACONITASE	0.999999999997352	-2.6483033702205e-12	2	0	0	31	2330
PR00377	IMPHPHTASES	0.999999999997352	-2.6483033702205e-12	2	0	0	31	2330
PR00296	CYCLINKINASE	0.999999999997352	-2.6483033702205e-12	2	0	0	31	2330
PR01179	ODADCRBXLASE	0.999999999997352	-2.6483033702205e-12	2	0	0	31	2330
PR01041	TRNASYNTHMET	0.999999999997352	-2.6483033702205e-12	2	0	0	31	2330
PR00599	MAPEPTIDASE	0.999999999997352	-2.6483033702205e-12	2	0	0	31	2330
PR01452	LNOTCHREPEAT	0.999999999997352	-2.6483033702205e-12	2	0	0	31	2330
PR00686	TIFACTORIID	0.999999999997352	-2.6483033702205e-12	2	0	0	31	2330
PR01268	GSTRNSFRASEP	0.999999999997352	-2.6483033702205e-12	2	0	0	31	2330
PR00702	ACRIFLAVINRP	0.999999999997352	-2.6483033702205e-12	2	0	0	31	2330
PR00189	TRNSTHYRETIN	0.999999999997352	-2.6483033702205e-12	2	0	0	31	2330
PR00120	HATPASE	0.999999999997352	-2.6483033702205e-12	2	0	0	31	2330
PR00660	ERLUMENR	0.999999999997352	-2.6483033702205e-12	2	0	0	31	2330
PR00762	CLCHANNEL	0.999999999997838	-2.1616135537644e-12	6	0	0	31	2330
PR01494	KV9CHANNEL	0.999999999997838	-2.1616135537644e-12	6	0	0	31	2330
PR00092	TYROSINASE	0.999999999997838	-2.1616135537644e-12	6	0	0	31	2330
PR00633	RCCNDNSATION	0.999999999997838	-2.1616135537644e-12	6	0	0	31	2330
PR00387	PDIESTERASE1	0.999999999997838	-2.1616135537644e-12	6	0	0	31	2330
PR00399	SYNAPTOTAGMN	0.999999999997838	-2.1616135537644e-12	6	0	0	31	2330
PR00094	ADENYLTKNASE	0.999999999997838	-2.1616135537644e-12	6	0	0	31	2330
PR01163	BETATUBULIN	0.999999999997838	-2.1616135537644e-12	6	0	0	31	2330
PR00348	UBIQUITIN	0.999999999997838	-2.1616135537644e-12	6	0	0	31	2330
PR00390	PHPHLIPASEC	0.999999999997838	-2.1616135537644e-12	6	0	0	31	2330
PR01657	MCMFAMILY	0.999999999997838	-2.1616135537644e-12	6	0	0	31	2330
PR00689	ACOABINDINGP	0.999999999997838	-2.1616135537644e-12	6	0	0	31	2330
PR00632	SONICHHOG	0.999999999997838	-2.1616135537644e-12	6	0	0	31	2330
PR00053	FORKHEAD	0.999999999997969	-2.03077683320491e-12	14	0	0	31	2330
PR00315	ELONGATNFCT	0.999999999997969	-2.03077683320491e-12	14	0	0	31	2330
PR00699	TMPROTEINSRB	0.999999999997969	-2.03077683320491e-12	14	0	0	31	2330
PR01497	SHALCHANNEL	0.999999999998242	-1.75812489566773e-12	1	0	0	31	2330
PR01183	RIBORDTASEM1	0.999999999998242	-1.75812489566773e-12	1	0	0	31	2330
PR00928	GRAVESDC	0.999999999998242	-1.75812489566773e-12	1	0	0	31	2330
PR00932	AMINO1PTASE	0.999999999998242	-1.75812489566773e-12	1	0	0	31	2330
PR00192	FACTINCAPB	0.999999999998242	-1.75812489566773e-12	1	0	0	31	2330
PR00719	LMWPTPASE	0.999999999998242	-1.75812489566773e-12	1	0	0	31	2330
PR00416	EUTPISMRASEI	0.999999999998242	-1.75812489566773e-12	1	0	0	31	2330
PR00309	ARRESTIN	0.999999999998242	-1.75812489566773e-12	1	0	0	31	2330
PR00982	TRNASYNTHLYS	0.999999999998242	-1.75812489566773e-12	1	0	0	31	2330
PR00973	RIBOSOMALS17	0.999999999998242	-1.75812489566773e-12	1	0	0	31	2330
PR01849	UBIQUITINACT	0.999999999998242	-1.75812489566773e-12	1	0	0	31	2330
PR00983	TRNASYNTHCYS	0.999999999998242	-1.75812489566773e-12	1	0	0	31	2330
PR01218	PSTLEXTENSIN	0.999999999998242	-1.75812489566773e-12	1	0	0	31	2330
PR00321	GPROTEING	0.999999999998242	-1.75812489566773e-12	1	0	0	31	2330
PR00127	CLPPROTEASEP	0.999999999998242	-1.75812489566773e-12	1	0	0	31	2330
PR00456	RIBOSOMALP2	0.999999999998242	-1.75812489566773e-12	1	0	0	31	2330
PR00003	4DISULPHCORE	0.999999999998242	-1.75812489566773e-12	1	0	0	31	2330
PR00373	GLYCHORMONER	0.999999999998242	-1.75812489566773e-12	1	0	0	31	2330
PR00154	AMPBINDING	0.999999999998242	-1.75812489566773e-12	1	0	0	31	2330
PR01692	LIPOCALINIMR	0.999999999998242	-1.75812489566773e-12	1	0	0	31	2330
PR00220	SYNAPTOPHYSN	0.999999999998242	-1.75812489566773e-12	1	0	0	31	2330
PR00443	GPROTEINAS	0.999999999998242	-1.75812489566773e-12	1	0	0	31	2330
PR00741	GLHYDRLASE29	0.999999999998242	-1.75812489566773e-12	1	0	0	31	2330
PR00867	DNAPOLG	0.999999999998242	-1.75812489566773e-12	1	0	0	31	2330
PR01663	MCMPROTEIN7	0.999999999998242	-1.75812489566773e-12	1	0	0	31	2330
PR00414	PPTHIESTRASE	0.999999999998242	-1.75812489566773e-12	1	0	0	31	2330
PR00108	THYMDSNTHASE	0.999999999998242	-1.75812489566773e-12	1	0	0	31	2330
PR00979	TAFAZZIN	0.999999999998242	-1.75812489566773e-12	1	0	0	31	2330
PR01873	CYTCOXIDASE4	0.999999999998242	-1.75812489566773e-12	1	0	0	31	2330
PR00990	RIBOKINASE	0.999999999998242	-1.75812489566773e-12	1	0	0	31	2330
PR00044	LEUZIPPRMYC	0.999999999998242	-1.75812489566773e-12	1	0	0	31	2330
PR00132	GLHYDRLASE2	0.999999999998242	-1.75812489566773e-12	1	0	0	31	2330
PR00960	LMBPPROTEIN	0.999999999998242	-1.75812489566773e-12	1	0	0	31	2330
PR00603	CYTOCHROMEC1	0.999999999998242	-1.75812489566773e-12	1	0	0	31	2330
PR00882	RIBOSOMALL7A	0.999999999998242	-1.75812489566773e-12	1	0	0	31	2330
PR01630	LVDCCALPHA1	0.999999999998242	-1.75812489566773e-12	1	0	0	31	2330
PR00492	RHOGDI	0.999999999998242	-1.75812489566773e-12	1	0	0	31	2330
PR00191	FACTINCAPA	0.999999999998242	-1.75812489566773e-12	1	0	0	31	2330
PR01368	SYNAPSIN	0.999999999998242	-1.75812489566773e-12	1	0	0	31	2330
PR00465	EP450IV	0.999999999998242	-1.75812489566773e-12	1	0	0	31	2330
PR00448	NSFATTACHMNT	0.999999999998242	-1.75812489566773e-12	1	0	0	31	2330
PR01588	THIKCHANNEL	0.999999999998242	-1.75812489566773e-12	1	0	0	31	2330
PR00440	GPROTEINA12	0.999999999998242	-1.75812489566773e-12	1	0	0	31	2330
PR00600	PP2APR55	0.999999999998242	-1.75812489566773e-12	1	0	0	31	2330
PR00098	CPSASE	0.999999999998242	-1.75812489566773e-12	1	0	0	31	2330
PR01640	PROFILINPLNT	0.999999999998242	-1.75812489566773e-12	1	0	0	31	2330
PR00728	SIGNALPTASE	0.999999999998242	-1.75812489566773e-12	1	0	0	31	2330
PR01838	NCAMFAMILY	0.999999999998242	-1.75812489566773e-12	1	0	0	31	2330
PR00076	6PGDHDRGNASE	0.999999999998242	-1.75812489566773e-12	1	0	0	31	2330
PR00477	PHGLYCKINASE	0.999999999998242	-1.75812489566773e-12	1	0	0	31	2330
PR00052	FIBRILLARIN	0.999999999998242	-1.75812489566773e-12	1	0	0	31	2330
PR01653	TCTPROTEIN	0.999999999998242	-1.75812489566773e-12	1	0	0	31	2330
PR01164	GAMMATUBULIN	0.999999999998242	-1.75812489566773e-12	1	0	0	31	2330
PR00972	RIBSOMALS12E	0.999999999998242	-1.75812489566773e-12	1	0	0	31	2330
PR00472	CASNKINASEII	0.999999999998242	-1.75812489566773e-12	1	0	0	31	2330
PR01738	RNABINDINGM8	0.999999999998242	-1.75812489566773e-12	1	0	0	31	2330
PR01000	SREBPS2PTASE	0.999999999998242	-1.75812489566773e-12	1	0	0	31	2330
PR00086	LLDHDRGNASE	0.999999999998242	-1.75812489566773e-12	1	0	0	31	2330
PR00079	G6PDHDRGNASE	0.999999999998242	-1.75812489566773e-12	1	0	0	31	2330
PR01075	PRESENILNSEL	0.999999999998242	-1.75812489566773e-12	1	0	0	31	2330
PR00110	ALPHAAMYLASE	0.999999999998242	-1.75812489566773e-12	1	0	0	31	2330
PR00351	OM20RECEPTOR	0.999999999998242	-1.75812489566773e-12	1	0	0	31	2330
PR00868	DNAPOLI	0.999999999998242	-1.75812489566773e-12	1	0	0	31	2330
PR00662	G6PISOMERASE	0.999999999998242	-1.75812489566773e-12	1	0	0	31	2330
PR00126	ATPASEGAMMA	0.999999999998242	-1.75812489566773e-12	1	0	0	31	2330
PR01433	POLYCYSTIN2	0.999999999998242	-1.75812489566773e-12	1	0	0	31	2330
PR00302	LUPUSLA	0.999999999998242	-1.75812489566773e-12	1	0	0	31	2330
PR01629	TVDCCALPHA1	0.999999999998242	-1.75812489566773e-12	1	0	0	31	2330
PR01586	TWIKCHANNEL	0.999999999998242	-1.75812489566773e-12	1	0	0	31	2330
PR00058	RIBOSOMALL5	0.999999999998242	-1.75812489566773e-12	1	0	0	31	2330
PR01661	MCMPROTEIN5	0.999999999998242	-1.75812489566773e-12	1	0	0	31	2330
PR00464	EP450II	0.999999999998242	-1.75812489566773e-12	1	0	0	31	2330
PR00194	TROPOMYOSIN	0.999999999998242	-1.75812489566773e-12	1	0	0	31	2330
PR00989	ADENOKINASE	0.999999999998242	-1.75812489566773e-12	1	0	0	31	2330
PR01662	MCMPROTEIN6	0.999999999998242	-1.75812489566773e-12	1	0	0	31	2330
PR00971	RIBOSOMALS10	0.999999999998242	-1.75812489566773e-12	1	0	0	31	2330
PR01049	PHOSPHBKNASE	0.999999999998242	-1.75812489566773e-12	1	0	0	31	2330
PR00124	ATPASEC	0.999999999998242	-1.75812489566773e-12	1	0	0	31	2330
PR00545	RETINOIDXR	0.999999999998242	-1.75812489566773e-12	1	0	0	31	2330
PR00474	GLU5KINASE	0.999999999998242	-1.75812489566773e-12	1	0	0	31	2330
PR00043	LEUZIPPRJUN	0.999999999998242	-1.75812489566773e-12	1	0	0	31	2330
PR01043	TRNASYNTHGLY	0.999999999998242	-1.75812489566773e-12	1	0	0	31	2330
PR00846	GLHYDRLASE56	0.999999999998242	-1.75812489566773e-12	1	0	0	31	2330
PR01868	ABCEFAMILY	0.999999999998242	-1.75812489566773e-12	1	0	0	31	2330
PR01470	ERGCHANNEL	0.999999999998242	-1.75812489566773e-12	1	0	0	31	2330
PR01989	EUOM20RECPTR	0.999999999998242	-1.75812489566773e-12	1	0	0	31	2330
PR01232	NAHCO3TRSPRT	0.999999999998242	-1.75812489566773e-12	1	0	0	31	2330
PR00896	VASOPRESSINR	0.999999999998242	-1.75812489566773e-12	1	0	0	31	2330
PR01405	TETRPHPHTASE	0.999999999998242	-1.75812489566773e-12	1	0	0	31	2330
PR01365	TELOMERASERT	0.999999999998242	-1.75812489566773e-12	1	0	0	31	2330
PR01034	RIBOSOMALS12	0.999999999998242	-1.75812489566773e-12	1	0	0	31	2330
PR01348	ICLNCHANNEL	0.999999999998242	-1.75812489566773e-12	1	0	0	31	2330
PR00664	OCTOPAMINER	0.999999999998242	-1.75812489566773e-12	1	0	0	31	2330
PR01854	BR22PROTEIN	0.999999999998242	-1.75812489566773e-12	1	0	0	31	2330
PR00985	TRNASYNTHLEU	0.999999999998242	-1.75812489566773e-12	1	0	0	31	2330
PR01246	RAD1REPAIR	0.999999999998242	-1.75812489566773e-12	1	0	0	31	2330
PR00623	HISTONEH4	0.999999999998242	-1.75812489566773e-12	1	0	0	31	2330
PR02012	RCMTNOP2	0.999999999998242	-1.75812489566773e-12	1	0	0	31	2330
PR00355	ADRENODOXIN	0.999999999998242	-1.75812489566773e-12	1	0	0	31	2330
PR01101	5HTRECEPTOR	0.999999999998242	-1.75812489566773e-12	1	0	0	31	2330
PR02011	RCMTNCL1	0.999999999998242	-1.75812489566773e-12	1	0	0	31	2330
PR00143	CITRTSNTHASE	0.999999999998242	-1.75812489566773e-12	1	0	0	31	2330
PR00773	GRPEPROTEIN	0.999999999998242	-1.75812489566773e-12	1	0	0	31	2330
PR00627	GTPRANTC4	0.999999999998242	-1.75812489566773e-12	1	0	0	31	2330
PR00975	RIBOSOMALS19	0.999999999998242	-1.75812489566773e-12	1	0	0	31	2330
PR01443	TFIID30KDSUB	0.999999999998242	-1.75812489566773e-12	1	0	0	31	2330
PR00297	CHAPERONIN10	0.999999999998242	-1.75812489566773e-12	1	0	0	31	2330
PR00720	MAMMALPTPASE	0.999999999998242	-1.75812489566773e-12	1	0	0	31	2330
PR00785	NCTRNSLOCATR	0.999999999998242	-1.75812489566773e-12	1	0	0	31	2330
PR00738	GLHYDRLASE20	0.999999999998242	-1.75812489566773e-12	1	0	0	31	2330
PR01839	RAD23PROTEIN	0.999999999998242	-1.75812489566773e-12	1	0	0	31	2330
PR00071	HMGCOARDTASE	0.999999999998242	-1.75812489566773e-12	1	0	0	31	2330
PR00473	GALCTOKINASE	0.999999999998242	-1.75812489566773e-12	1	0	0	31	2330
PR01551	SPO11HOMOLOG	0.999999999998242	-1.75812489566773e-12	1	0	0	31	2330
PR00767	DBMONOXGNASE	0.999999999998242	-1.75812489566773e-12	1	0	0	31	2330
PR01546	YEAST73DUF	0.999999999998242	-1.75812489566773e-12	1	0	0	31	2330
PR00339	PCNACYCLIN	0.999999999998242	-1.75812489566773e-12	1	0	0	31	2330
PR00442	GPROTEINAQ	0.999999999998242	-1.75812489566773e-12	1	0	0	31	2330
PR01660	MCMPROTEIN4	0.999999999998242	-1.75812489566773e-12	1	0	0	31	2330
PR00978	STARPROTEIN	0.999999999998242	-1.75812489566773e-12	1	0	0	31	2330
PR01770	ERK1ERK2MAPK	0.999999999998242	-1.75812489566773e-12	1	0	0	31	2330
PR00203	AMYLOIDA4	0.999999999998242	-1.75812489566773e-12	1	0	0	31	2330
PR00065	TEADOMAIN	0.999999999998242	-1.75812489566773e-12	1	0	0	31	2330
PR01716	DEATHASSOCP3	0.999999999998242	-1.75812489566773e-12	1	0	0	31	2330
PR00663	GALANINR	0.999999999998242	-1.75812489566773e-12	1	0	0	31	2330
PR00125	ATPASEDELTA	0.999999999998242	-1.75812489566773e-12	1	0	0	31	2330
PR01802	SYNEMBRYN	0.999999999998242	-1.75812489566773e-12	1	0	0	31	2330
PR01850	GROUCHOFAMLY	0.999999999998242	-1.75812489566773e-12	1	0	0	31	2330
PR01251	AMPHIPHYSIN	0.999999999998242	-1.75812489566773e-12	1	0	0	31	2330
PR00967	ONCOGENEAML1	0.999999999998242	-1.75812489566773e-12	1	0	0	31	2330
PR00041	LEUZIPPRCREB	0.999999999998242	-1.75812489566773e-12	1	0	0	31	2330
PR00392	PROFILIN	0.999999999998242	-1.75812489566773e-12	1	0	0	31	2330
PR01047	TRNASYNTHTHR	0.999999999998242	-1.75812489566773e-12	1	0	0	31	2330
PR00148	ENOLASE	0.999999999998242	-1.75812489566773e-12	1	0	0	31	2330
PR00276	INSULINFAMLY	0.999999999998242	-1.75812489566773e-12	1	0	0	31	2330
PR01658	MCMPROTEIN2	0.999999999998242	-1.75812489566773e-12	1	0	0	31	2330
PR00336	LYSASSOCTDMP	0.999999999998242	-1.75812489566773e-12	1	0	0	31	2330
PR00791	PEPDIPTASEA	0.999999999998242	-1.75812489566773e-12	1	0	0	31	2330
PR01748	AP2TNSCPFCT	0.999999999998242	-1.75812489566773e-12	1	0	0	31	2330
PR00378	LIIMPHPHTASE	0.999999999998242	-1.75812489566773e-12	1	0	0	31	2330
PR00025	ANTENNAPEDIA	0.999999999998242	-1.75812489566773e-12	1	0	0	31	2330
PR00056	HSFDOMAIN	0.999999999998242	-1.75812489566773e-12	1	0	0	31	2330
PR00407	EUMOPTERIN	0.999999999998242	-1.75812489566773e-12	1	0	0	31	2330
PR01659	MCMPROTEIN3	0.999999999998242	-1.75812489566773e-12	1	0	0	31	2330
PR00085	THFDHDRGNASE	0.999999999998242	-1.75812489566773e-12	1	0	0	31	2330
PR01464	EAGCHANNEL	0.999999999998242	-1.75812489566773e-12	1	0	0	31	2330
PR00217	POSTSYNAPTIC	0.999999999998242	-1.75812489566773e-12	1	0	0	31	2330
PR01250	RIBOSOMALL34	0.999999999998242	-1.75812489566773e-12	1	0	0	31	2330
PR01698	CYTOFMRPINTP	0.999999999998242	-1.75812489566773e-12	1	0	0	31	2330
PR01245	RAD1REC1	0.999999999998242	-1.75812489566773e-12	1	0	0	31	2330
PR00162	RIESKE	0.999999999998242	-1.75812489566773e-12	1	0	0	31	2330
PR00322	G10	0.999999999998242	-1.75812489566773e-12	1	0	0	31	2330
PR00938	BRACHYURY	0.999999999998242	-1.75812489566773e-12	1	0	0	31	2330
PR00784	MTUNCOUPLING	0.999999999998242	-1.75812489566773e-12	1	0	0	31	2330
PR01475	PARKIN	0.999999999998242	-1.75812489566773e-12	1	0	0	31	2330
PR00332	HISTRIAD	0.999999999998242	-1.75812489566773e-12	1	0	0	31	2330
PR01088	NAHEXCHNGR6	0.999999999998242	-1.75812489566773e-12	1	0	0	31	2330
PR00104	CGMPKINASE	0.999999999998242	-1.75812489566773e-12	1	0	0	31	2330
PR00740	GLHYDRLASE27	0.999999999998242	-1.75812489566773e-12	1	0	0	31	2330
PR00100	AOTCASE	0.999999999998242	-1.75812489566773e-12	1	0	0	31	2330
PR00072	MALOXRDTASE	0.999999999998242	-1.75812489566773e-12	1	0	0	31	2330
PR00779	INSP3RECEPTR	0.999999999998242	-1.75812489566773e-12	1	0	0	31	2330
PR00961	HUDSXLRNA	0.999999999998242	-1.75812489566773e-12	1	0	0	31	2330
PR00904	FRATAXIN	0.999999999998242	-1.75812489566773e-12	1	0	0	31	2330
PR00850	GLHYDRLASE59	0.999999999998242	-1.75812489566773e-12	1	0	0	31	2330
PR01846	TRHRFAMILY	0.999999999998242	-1.75812489566773e-12	1	0	0	31	2330
PR01760	DISHEVELLED	0.999999999998242	-1.75812489566773e-12	1	0	0	31	2330
PR00298	CHAPERONIN60	0.999999999998242	-1.75812489566773e-12	1	0	0	31	2330
PR00115	F16BPHPHTASE	0.999999999998242	-1.75812489566773e-12	1	0	0	31	2330
PR02031	CYSSERRICHNP	0.999999999998242	-1.75812489566773e-12	1	0	0	31	2330
PR01550	TOP6AFAMILY	0.999999999998242	-1.75812489566773e-12	1	0	0	31	2330
PR00360	C2DOMAIN	0.999999999998262	-1.73816900118759e-12	11	0	0	31	2330
PR00205	CADHERIN	0.999999999998262	-1.73816900118759e-12	11	0	0	31	2330
PR01491	KVCHANNEL	0.999999999998262	-1.73816900118759e-12	11	0	0	31	2330
PR01262	INNEXIN	0.99999999999864	-1.35993887417411e-12	25	0	0	31	2330
PR00625	JDOMAIN	0.99999999999864	-1.35993887417411e-12	25	0	0	31	2330
PR00837	V5TPXLIKE	0.99999999999864	-1.35993887417411e-12	25	0	0	31	2330
PR00697	TMPROTEINSRA	0.999999999998735	-1.26508699926086e-12	29	0	0	31	2330
PR00320	GPROTEINBRPT	0.999999999998957	-1.04331402960474e-12	41	0	0	31	2330
PR00176	NANEUSMPORT	0.999999999999181	-8.19176147220858e-13	12	0	0	31	2330
PR00765	CRBOXYPTASEA	0.999999999999181	-8.19176147220858e-13	12	0	0	31	2330
PR00031	HTHREPRESSR	0.999999999999181	-8.19176147220858e-13	12	0	0	31	2330
PR01301	RGSPROTEIN	0.999999999999181	-8.19176147220858e-13	12	0	0	31	2330
PR00069	ALDKETRDTASE	0.999999999999181	-8.19176147220858e-13	12	0	0	31	2330
PR01161	TUBULIN	0.999999999999331	-6.68692618054137e-13	16	0	0	31	2330
PR01415	ANKYRIN	0.999999999999331	-6.68692618054137e-13	16	0	0	31	2330
PR00253	GABAARECEPTR	0.999999999999362	-6.38457789281386e-13	37	0	0	31	2330
PR00722	CHYMOTRYPSIN	0.999999999999372	-6.27989180429865e-13	7	0	0	31	2330
PR00747	GLYHDRLASE47	0.999999999999372	-6.27989180429865e-13	7	0	0	31	2330
PR00138	MATRIXIN	0.999999999999372	-6.27989180429865e-13	7	0	0	31	2330
PR01011	GLUTPROXDASE	0.999999999999372	-6.27989180429865e-13	7	0	0	31	2330
PR00190	ACTIN	0.999999999999372	-6.27989180429865e-13	7	0	0	31	2330
PR00441	GPROTEINAI	0.999999999999372	-6.27989180429865e-13	7	0	0	31	2330
PR01231	HCO3TRNSPORT	0.999999999999388	-6.11696350232415e-13	4	0	0	31	2330
PR00078	G3PDHDRGNASE	0.999999999999388	-6.11696350232415e-13	4	0	0	31	2330
PR00196	ANNEXIN	0.999999999999388	-6.11696350232415e-13	4	0	0	31	2330
PR00314	CLATHRINADPT	0.999999999999388	-6.11696350232415e-13	4	0	0	31	2330
PR00621	HISTONEH2B	0.999999999999388	-6.11696350232415e-13	4	0	0	31	2330
PR01042	TRNASYNTHASP	0.999999999999388	-6.11696350232415e-13	4	0	0	31	2330
PR00853	XPGRADSUPER	0.999999999999388	-6.11696350232415e-13	4	0	0	31	2330
PR00050	COLDSHOCK	0.999999999999388	-6.11696350232415e-13	4	0	0	31	2330
PR00929	ATHOOK	0.999999999999388	-6.11696350232415e-13	4	0	0	31	2330
PR00363	CYTOCHROMEB5	0.999999999999388	-6.11696350232415e-13	4	0	0	31	2330
PR00300	CLPPROTEASEA	0.999999999999388	-6.11696350232415e-13	4	0	0	31	2330
PR00878	CHOLNESTRASE	0.999999999999388	-6.11696350232415e-13	4	0	0	31	2330
PR00716	MPIPHPHTASE	0.999999999999388	-6.11696350232415e-13	4	0	0	31	2330
PR02008	RCMTFAMILY	0.999999999999388	-6.11696350232415e-13	4	0	0	31	2330
PR02095	TRNSPORTRHRG	0.999999999999388	-6.11696350232415e-13	4	0	0	31	2330
PR00843	GLHYDRLASE30	0.999999999999388	-6.11696350232415e-13	4	0	0	31	2330
PR00792	PEPSIN	0.999999999999658	-3.42403506925745e-13	17	0	0	31	2330
PR00193	MYOSINHEAVY	0.999999999999658	-3.42403506925745e-13	17	0	0	31	2330
PR00380	KINESINHEAVY	0.999999999999658	-3.42403506925745e-13	17	0	0	31	2330
PR01084	NAHEXCHNGR	0.999999999999859	-1.41290522347437e-13	9	0	0	31	2330
PR00622	HISTONEH3	0.999999999999859	-1.41290522347437e-13	9	0	0	31	2330
PR00027	PAIREDBOX	0.999999999999859	-1.41290522347437e-13	9	0	0	31	2330
PR00724	CRBOXYPTASEC	0.999999999999859	-1.41290522347437e-13	9	0	0	31	2330
PR00304	TCOMPLEXTCP1	0.999999999999859	-1.41290522347437e-13	9	0	0	31	2330
PR01095	TASKCHANNEL	0.999999999999859	-1.41290522347437e-13	9	0	0	31	2330
PR00326	GTP1OBG	0.999999999999859	-1.41290522347437e-13	9	0	0	31	2330
PR00401	SH2DOMAIN	0.99999999999989	-1.0988962075002e-13	19	0	0	31	2330
PR00838	V5ALLERGEN	0.99999999999989	-1.0988962075002e-13	19	0	0	31	2330
PR00254	NICOTINICR	1.00000000000013	1.25652356159792e-13	20	0	0	31	2330
PR00705	PAPAIN	1.00000000000013	1.25652356159792e-13	20	0	0	31	2330
PR00759	BASICPTASE	1.00000000000013	1.25652356159792e-13	20	0	0	31	2330
PR01078	AMINACHANNEL	1.00000000000024	2.37724110315208e-13	21	0	0	31	2330
PR00171	SUGRTRNSPORT	1.00000000000045	4.46494982360491e-13	10	0	0	31	2330
PR01162	ALPHATUBULIN	1.00000000000045	4.46494982360491e-13	10	0	0	31	2330
PR00178	FATTYACIDBP	1.00000000000045	4.46494982360491e-13	10	0	0	31	2330
PR00756	ALADIPTASE	1.00000000000045	4.46494982360491e-13	10	0	0	31	2330
PR00261	LDLRECEPTOR	1.0000000000007	6.97534477432418e-13	15	0	0	31	2330
PR00299	ACRYSTALLIN	1.0000000000007	6.97534477432418e-13	15	0	0	31	2330
PR00153	CSAPPISMRASE	1.00000000000094	9.44164122739865e-13	18	0	0	31	2330
PR00452	SH3DOMAIN	1.00000000000095	9.47647732544667e-13	22	0	0	31	2330
PR00318	GPROTEINA	1.00000000000095	9.47647732544667e-13	22	0	0	31	2330
PR00259	TMFOUR	1.00000000000104	1.03954290959045e-12	13	0	0	31	2330
PR01012	NRPEPTIDEYR	1.00000000000104	1.03954290959045e-12	13	0	0	31	2330
PR00503	BROMODOMAIN	1.00000000000104	1.03954290959045e-12	13	0	0	31	2330
PR00328	SAR1GTPBP	1.00000000000104	1.03954290959045e-12	13	0	0	31	2330
PR00457	ANPEROXIDASE	1.00000000000104	1.03954290959045e-12	13	0	0	31	2330
PR00008	DAGPEDOMAIN	1.00000000000104	1.03954290959045e-12	13	0	0	31	2330
PR00080	SDRFAMILY	1.00000000000131	1.30602055971156e-12	48	0	0	31	2330
PR00700	PRTYPHPHTASE	1.00000000000232	2.32101325568101e-12	57	0	0	31	2330
PR00698	TMPROTEINSRG	1.00000000000246	2.45793614535485e-12	39	0	0	31	2330
PR00480	ASTACIN	1.00000000000246	2.45793614535485e-12	39	0	0	31	2330
PR00114	STPHPHTASE	1.00000000000324	3.24038008763635e-12	45	0	0	31	2330
PR00385	P450	1.00000000000349	3.48969940634689e-12	71	0	0	31	2330
PR01333	2POREKCHANEL	1.00000000000403	4.02696436930072e-12	43	0	0	31	2330
PR00252	NRIONCHANNEL	1.00000000000498	4.98395322630522e-12	84	0	0	31	2330
PR00463	EP450I	1.00000000000742	7.41978868410808e-12	72	0	0	31	2330
PR00081	GDHRDH	1.00000000000742	7.41978868410808e-12	72	0	0	31	2330
PR00237	GPCRRHODOPSN	1.00000000001387	1.38670633050887e-11	144	0	0	31	2330
