TermID	Term	Enrichment	logP	Genes in Term	Target Genes in Term	Fraction of Targets in Term	Total Target Genes	Total Genes	Entrez Gene IDs	Gene Symbols
SM00061	MATH	0.00319755412427048	-5.74536909759575	75	3	0.136363636363636	22	5448	186647,187883,183515	bath-21,math-37,math-24
SM00417	H4	0.00403817914832673	-5.51196139446721	1	1	0.0454545454545455	22	5448	191680	his-38
SM00254	ShKT	0.00778383671530452	-4.85570591128344	103	3	0.136363636363636	22	5448	177177,186062,189062	F49F1.7,F49F1.5,T28H10.2
SM00721	BAR	0.0200357812247043	-3.91023554265677	5	1	0.0454545454545455	22	5448	189239	W06D4.3
SM00612	Kelch	0.0396880269751689	-3.22670572430289	10	1	0.0454545454545455	22	5448	3565011	kel-8
SM00332	PP2Cc	0.0435730698965754	-3.13331598238206	11	1	0.0454545454545455	22	5448	175233	ppm-1.G
SM00034	CLECT	0.0477518086340655	-3.04173833561951	205	3	0.136363636363636	22	5448	178657,178656,183775	clec-205,clec-204,clec-86
SM00613	PAW	0.0512981938976023	-2.9700997340996	13	1	0.0454545454545455	22	5448	3565176	Y50D4B.4
SM00875	BACK	0.0512981938976023	-2.9700997340996	13	1	0.0454545454545455	22	5448	3565011	kel-8
SM00454	SAM	0.0665701336284186	-2.70949924603462	17	1	0.0454545454545455	22	5448	189743	mlt-3
SM00225	BTB	0.0907758034828718	-2.39936251035355	126	2	0.0909090909090909	22	5448	3565011,186647	kel-8,bath-21
SM01381	7TM_GPCR_Srsx	0.266306448093627	-1.32310757281053	76	1	0.0454545454545455	22	5448	190453	srsx-25
SM00248	ANK	0.269311149906217	-1.31188787673086	77	1	0.0454545454545455	22	5448	189743	mlt-3
SM00490	HELICc	0.272304103679768	-1.30083580897982	78	1	0.0454545454545455	22	5448	171888	vbh-1
SM00487	DEXDc	0.27528535315836	-1.28994707145138	79	1	0.0454545454545455	22	5448	171888	vbh-1
SM00389	HOX	0.324217493974284	-1.1263407106975	96	1	0.0454545454545455	22	5448	191149	ceh-74
SM00184	RING	0.369986186138076	-0.994289608802782	113	1	0.0454545454545455	22	5448	188716	T22B2.1
SM00355	ZnF_C2H2	0.424837419414039	-0.856048725800991	135	1	0.0454545454545455	22	5448	188733	sptf-2
SM00256	FBOX	0.504890135669608	-0.683414426504381	171	1	0.0454545454545455	22	5448	185377	fbxa-99
SM00430	HOLI	0.644946471735884	-0.438587955186957	250	1	0.0454545454545455	22	5448	180065	nhr-108
SM00399	ZnF_C4	0.652399620508671	-0.427097989920501	255	1	0.0454545454545455	22	5448	180065	nhr-108
SM00315	RGS	0.999999999999233	-7.66660523990041e-13	18	0	0	22	5448
SM00339	FH	0.999999999999233	-7.66660523990041e-13	18	0	0	22	5448
SM00385	CYCLIN	0.999999999999233	-7.66660523990041e-13	18	0	0	22	5448
SM00295	B41	0.999999999999233	-7.66660523990041e-13	18	0	0	22	5448
SM00949	PAZ	0.999999999999233	-7.66660523990041e-13	18	0	0	22	5448
SM00242	MYSc	0.999999999999233	-7.66660523990041e-13	18	0	0	22	5448
SM00338	BRLZ	1.00000000000069	6.85616433114895e-13	17	0	0	22	5448
SM00651	Sm	1.00000000000069	6.85616433114895e-13	17	0	0	22	5448
SM01048	C6	1.00000000000069	6.85616433114895e-13	17	0	0	22	5448
SM00356	ZnF_C3H1	1.00000000000088	8.81922314068079e-13	32	0	0	22	5448
SM00198	SCP	1.00000000000088	8.81922314068079e-13	32	0	0	22	5448
SM00271	DnaJ	1.00000000000088	8.81922314068079e-13	32	0	0	22	5448
SM00320	WD40	1.00000000000113	1.12507669812483e-12	127	0	0	22	5448
SM01349	TOG	1.00000000000139	1.38656666081534e-12	8	0	0	22	5448
SM00547	ZnF_RBZ	1.00000000000139	1.38656666081534e-12	8	0	0	22	5448
SM01190	EMP24_GP25L	1.00000000000139	1.38656666081534e-12	8	0	0	22	5448
SM00524	DWB	1.00000000000139	1.38656666081534e-12	8	0	0	22	5448
SM00147	RasGEF	1.00000000000139	1.38656666081534e-12	8	0	0	22	5448
SM00358	DSRM	1.00000000000139	1.38656666081534e-12	8	0	0	22	5448
SM00667	LisH	1.00000000000139	1.38656666081534e-12	8	0	0	22	5448
SM00458	RICIN	1.00000000000139	1.38656666081534e-12	8	0	0	22	5448
SM00082	LRRCT	1.00000000000139	1.38656666081534e-12	8	0	0	22	5448
SM00274	FOLN	1.00000000000139	1.38656666081534e-12	8	0	0	22	5448
SM00413	ETS	1.00000000000139	1.38656666081534e-12	8	0	0	22	5448
SM00285	PBD	1.00000000000139	1.38656666081534e-12	8	0	0	22	5448
SM00333	TUDOR	1.00000000000139	1.38656666081534e-12	8	0	0	22	5448
SM00033	CH	1.00000000000181	1.81422121328961e-12	24	0	0	22	5448
SM00587	CHK	1.00000000000181	1.81422121328961e-12	24	0	0	22	5448
SM00409	IG	1.0000000000029	2.89675042415173e-12	51	0	0	22	5448
SM00233	PH	1.00000000000339	3.38680331513942e-12	66	0	0	22	5448
SM00209	TSP1	1.00000000000443	4.42727870303869e-12	28	0	0	22	5448
SM00486	POLBc	1.00000000000449	4.48837035549185e-12	5	0	0	22	5448
SM00414	H2A	1.00000000000449	4.48837035549185e-12	5	0	0	22	5448
SM00461	WH1	1.00000000000449	4.48837035549185e-12	5	0	0	22	5448
SM00097	WNT1	1.00000000000449	4.48837035549185e-12	5	0	0	22	5448
SM00670	PINc	1.00000000000449	4.48837035549185e-12	5	0	0	22	5448
SM00290	ZnF_UBP	1.00000000000449	4.48837035549185e-12	5	0	0	22	5448
SM00501	BRIGHT	1.00000000000449	4.48837035549185e-12	5	0	0	22	5448
SM01052	CAP_GLY	1.00000000000449	4.48837035549185e-12	5	0	0	22	5448
SM00801	dDENN	1.00000000000449	4.48837035549185e-12	5	0	0	22	5448
SM00739	KOW	1.00000000000449	4.48837035549185e-12	5	0	0	22	5448
SM00614	ZnF_BED	1.00000000000449	4.48837035549185e-12	5	0	0	22	5448
SM00014	acidPPc	1.00000000000449	4.48837035549185e-12	5	0	0	22	5448
SM00879	Brix	1.00000000000449	4.48837035549185e-12	5	0	0	22	5448
SM01411	Ephrin_rec_like	1.00000000000449	4.48837035549185e-12	5	0	0	22	5448
SM00036	CNH	1.00000000000449	4.48837035549185e-12	5	0	0	22	5448
SM00063	FRI	1.00000000000449	4.48837035549185e-12	5	0	0	22	5448
SM00878	Biotin_carb_C	1.00000000000449	4.48837035549185e-12	5	0	0	22	5448
SM00799	DENN	1.00000000000449	4.48837035549185e-12	5	0	0	22	5448
SM00367	LRR_CC	1.00000000000449	4.48837035549185e-12	5	0	0	22	5448
SM00800	uDENN	1.00000000000449	4.48837035549185e-12	5	0	0	22	5448
SM00357	CSP	1.00000000000449	4.48837035549185e-12	5	0	0	22	5448
SM00710	PbH1	1.00000000000449	4.48837035549185e-12	5	0	0	22	5448
SM00045	DAGKa	1.00000000000449	4.48837035549185e-12	5	0	0	22	5448
SM00136	LamNT	1.00000000000449	4.48837035549185e-12	5	0	0	22	5448
SM00205	THN	1.00000000000449	4.48837035549185e-12	5	0	0	22	5448
SM00861	Transket_pyr	1.00000000000449	4.48837035549185e-12	5	0	0	22	5448
SM00128	IPPc	1.00000000000449	4.48837035549185e-12	5	0	0	22	5448
SM00730	PSN	1.00000000000449	4.48837035549185e-12	5	0	0	22	5448
SM00120	HX	1.00000000000449	4.48837035549185e-12	5	0	0	22	5448
SM00423	PSI	1.00000000000449	4.48837035549185e-12	5	0	0	22	5448
SM00582	RPR	1.00000000000449	4.48837035549185e-12	5	0	0	22	5448
SM01169	DUF1943	1.00000000000449	4.48837035549185e-12	5	0	0	22	5448
SM00005	DEATH	1.00000000000449	4.48837035549185e-12	5	0	0	22	5448
SM01230	Gln-synt_C	1.00000000000449	4.48837035549185e-12	5	0	0	22	5448
SM00204	TGFB	1.00000000000449	4.48837035549185e-12	5	0	0	22	5448
SM00502	BBC	1.00000000000449	4.48837035549185e-12	5	0	0	22	5448
SM00968	SMC_hinge	1.00000000000449	4.48837035549185e-12	5	0	0	22	5448
SM00630	Sema	1.00000000000449	4.48837035549185e-12	5	0	0	22	5448
SM00257	LysM	1.00000000000449	4.48837035549185e-12	5	0	0	22	5448
SM00577	CPDc	1.00000000000449	4.48837035549185e-12	5	0	0	22	5448
SM01163	DUF1785	1.00000000000449	4.48837035549185e-12	5	0	0	22	5448
SM00638	LPD_N	1.00000000000449	4.48837035549185e-12	5	0	0	22	5448
SM00503	SynN	1.00000000000449	4.48837035549185e-12	5	0	0	22	5448
SM00222	Sec7	1.00000000000449	4.48837035549185e-12	5	0	0	22	5448
SM00186	FBG	1.00000000000449	4.48837035549185e-12	5	0	0	22	5448
SM00326	SH3	1.0000000000055	5.50025691899891e-12	57	0	0	22	5448
SM00044	CYCc	1.00000000000597	5.96629207886792e-12	37	0	0	22	5448
SM00583	SPK	1.00000000000597	5.96629207886792e-12	37	0	0	22	5448
SM00398	HMG	1.00000000000601	6.01162455022433e-12	16	0	0	22	5448
SM00064	FYVE	1.00000000000601	6.01162455022433e-12	16	0	0	22	5448
SM00462	PTB	1.00000000000601	6.01162455022433e-12	16	0	0	22	5448
SM00717	SANT	1.00000000000601	6.01162455022433e-12	16	0	0	22	5448
SM00864	Tubulin	1.00000000000601	6.01162455022433e-12	16	0	0	22	5448
SM01175	DUF4206	1.00000000000606	6.05959842578198e-12	3	0	0	22	5448
SM00863	tRNA_SAD	1.00000000000606	6.05959842578198e-12	3	0	0	22	5448
SM01161	DUF1767	1.00000000000606	6.05959842578198e-12	3	0	0	22	5448
SM00090	RIO	1.00000000000606	6.05959842578198e-12	3	0	0	22	5448
SM00809	Alpha_adaptinC2	1.00000000000606	6.05959842578198e-12	3	0	0	22	5448
SM00352	POU	1.00000000000606	6.05959842578198e-12	3	0	0	22	5448
SM00441	FF	1.00000000000606	6.05959842578198e-12	3	0	0	22	5448
SM00137	MAM	1.00000000000606	6.05959842578198e-12	3	0	0	22	5448
SM00773	WGR	1.00000000000606	6.05959842578198e-12	3	0	0	22	5448
SM00359	PUA	1.00000000000606	6.05959842578198e-12	3	0	0	22	5448
SM00053	DYNc	1.00000000000606	6.05959842578198e-12	3	0	0	22	5448
SM00823	PKS_PP	1.00000000000606	6.05959842578198e-12	3	0	0	22	5448
SM00704	ZnF_CDGSH	1.00000000000606	6.05959842578198e-12	3	0	0	22	5448
SM00021	DAX	1.00000000000606	6.05959842578198e-12	3	0	0	22	5448
SM00715	LA	1.00000000000606	6.05959842578198e-12	3	0	0	22	5448
SM00085	PA2c	1.00000000000606	6.05959842578198e-12	3	0	0	22	5448
SM00916	L51_S25_CI-B8	1.00000000000606	6.05959842578198e-12	3	0	0	22	5448
SM00166	UBX	1.00000000000606	6.05959842578198e-12	3	0	0	22	5448
SM01015	Arfaptin	1.00000000000606	6.05959842578198e-12	3	0	0	22	5448
SM00280	KAZAL	1.00000000000606	6.05959842578198e-12	3	0	0	22	5448
SM00931	NOSIC	1.00000000000606	6.05959842578198e-12	3	0	0	22	5448
SM01041	BRO1	1.00000000000606	6.05959842578198e-12	3	0	0	22	5448
SM00491	HELICc2	1.00000000000606	6.05959842578198e-12	3	0	0	22	5448
SM00825	PKS_KS	1.00000000000606	6.05959842578198e-12	3	0	0	22	5448
SM00872	Alpha-mann_mid	1.00000000000606	6.05959842578198e-12	3	0	0	22	5448
SM00262	GEL	1.00000000000606	6.05959842578198e-12	3	0	0	22	5448
SM00571	DDT	1.00000000000606	6.05959842578198e-12	3	0	0	22	5448
SM01007	Aldolase_II	1.00000000000606	6.05959842578198e-12	3	0	0	22	5448
SM00270	ChtBD1	1.00000000000606	6.05959842578198e-12	3	0	0	22	5448
SM00648	SWAP	1.00000000000606	6.05959842578198e-12	3	0	0	22	5448
SM00852	MoCF_biosynth	1.00000000000606	6.05959842578198e-12	3	0	0	22	5448
SM00330	PIPKc	1.00000000000606	6.05959842578198e-12	3	0	0	22	5448
SM00284	OLF	1.00000000000606	6.05959842578198e-12	3	0	0	22	5448
SM01139	Drf_FH3	1.00000000000606	6.05959842578198e-12	3	0	0	22	5448
SM00969	SOCS_box	1.00000000000606	6.05959842578198e-12	3	0	0	22	5448
SM00261	FU	1.00000000000606	6.05959842578198e-12	3	0	0	22	5448
SM00134	LU	1.00000000000606	6.05959842578198e-12	3	0	0	22	5448
SM00151	SWIB	1.00000000000606	6.05959842578198e-12	3	0	0	22	5448
SM00264	BAG	1.00000000000606	6.05959842578198e-12	3	0	0	22	5448
SM00433	TOP2c	1.00000000000606	6.05959842578198e-12	3	0	0	22	5448
SM00552	ADEAMc	1.00000000000606	6.05959842578198e-12	3	0	0	22	5448
SM00663	RPOLA_N	1.00000000000606	6.05959842578198e-12	3	0	0	22	5448
SM00130	KR	1.00000000000606	6.05959842578198e-12	3	0	0	22	5448
SM00723	AMOP	1.00000000000606	6.05959842578198e-12	3	0	0	22	5448
SM00139	MyTH4	1.00000000000606	6.05959842578198e-12	3	0	0	22	5448
SM00735	ZM	1.00000000000606	6.05959842578198e-12	3	0	0	22	5448
SM00464	LON	1.00000000000606	6.05959842578198e-12	3	0	0	22	5448
SM00392	PROF	1.00000000000606	6.05959842578198e-12	3	0	0	22	5448
SM00218	ZU5	1.00000000000606	6.05959842578198e-12	3	0	0	22	5448
SM00504	Ubox	1.00000000000606	6.05959842578198e-12	3	0	0	22	5448
SM00341	HRDC	1.00000000000606	6.05959842578198e-12	3	0	0	22	5448
SM00991	WHEP-TRS	1.00000000000606	6.05959842578198e-12	3	0	0	22	5448
SM01287	Rtt106	1.00000000000606	6.05959842578198e-12	3	0	0	22	5448
SM00393	R3H	1.00000000000606	6.05959842578198e-12	3	0	0	22	5448
SM01337	APC10	1.00000000000606	6.05959842578198e-12	3	0	0	22	5448
SM00693	DysFN	1.00000000000606	6.05959842578198e-12	3	0	0	22	5448
SM01140	Drf_GBD	1.00000000000606	6.05959842578198e-12	3	0	0	22	5448
SM01178	DUF4217	1.00000000000606	6.05959842578198e-12	3	0	0	22	5448
SM00540	LEM	1.00000000000606	6.05959842578198e-12	3	0	0	22	5448
SM00694	DysFC	1.00000000000606	6.05959842578198e-12	3	0	0	22	5448
SM01218	FoP_duplication	1.00000000000606	6.05959842578198e-12	3	0	0	22	5448
SM00041	CT	1.00000000000606	6.05959842578198e-12	3	0	0	22	5448
SM00237	Calx_beta	1.00000000000606	6.05959842578198e-12	3	0	0	22	5448
SM00973	Sec63	1.00000000000606	6.05959842578198e-12	3	0	0	22	5448
SM00243	GAS2	1.00000000000606	6.05959842578198e-12	3	0	0	22	5448
SM00686	DM13	1.00000000000606	6.05959842578198e-12	3	0	0	22	5448
SM00581	PSP	1.00000000000606	6.05959842578198e-12	3	0	0	22	5448
SM00673	CARP	1.00000000000606	6.05959842578198e-12	3	0	0	22	5448
SM00564	PQQ	1.00000000000606	6.05959842578198e-12	3	0	0	22	5448
SM00570	AWS	1.00000000000606	6.05959842578198e-12	3	0	0	22	5448
SM00827	PKS_AT	1.00000000000606	6.05959842578198e-12	3	0	0	22	5448
SM00231	FA58C	1.00000000000606	6.05959842578198e-12	3	0	0	22	5448
SM01403	Ribosomal_S10	1.00000000000606	6.05959842578198e-12	3	0	0	22	5448
SM00434	TOP4c	1.00000000000606	6.05959842578198e-12	3	0	0	22	5448
SM01073	CDC48_N	1.00000000000606	6.05959842578198e-12	3	0	0	22	5448
SM00488	DEXDc2	1.00000000000606	6.05959842578198e-12	3	0	0	22	5448
SM00980	THAP	1.00000000000606	6.05959842578198e-12	3	0	0	22	5448
SM00726	UIM	1.00000000000606	6.05959842578198e-12	3	0	0	22	5448
SM00142	PI3K_C2	1.00000000000606	6.05959842578198e-12	3	0	0	22	5448
SM00154	ZnF_AN1	1.00000000000606	6.05959842578198e-12	3	0	0	22	5448
SM00569	L27	1.00000000000606	6.05959842578198e-12	3	0	0	22	5448
SM01060	Catalase	1.00000000000606	6.05959842578198e-12	3	0	0	22	5448
SM01388	Mob1_phocein	1.00000000000629	6.28820226548237e-12	4	0	0	22	5448
SM00288	VHS	1.00000000000629	6.28820226548237e-12	4	0	0	22	5448
SM00484	XPGI	1.00000000000629	6.28820226548237e-12	4	0	0	22	5448
SM01330	Frizzled	1.00000000000629	6.28820226548237e-12	4	0	0	22	5448
SM00474	35EXOc	1.00000000000629	6.28820226548237e-12	4	0	0	22	5448
SM00889	EFG_IV	1.00000000000629	6.28820226548237e-12	4	0	0	22	5448
SM00427	H2B	1.00000000000629	6.28820226548237e-12	4	0	0	22	5448
SM00745	MIT	1.00000000000629	6.28820226548237e-12	4	0	0	22	5448
SM00145	PI3Ka	1.00000000000629	6.28820226548237e-12	4	0	0	22	5448
SM00013	LRRNT	1.00000000000629	6.28820226548237e-12	4	0	0	22	5448
SM00279	HhH2	1.00000000000629	6.28820226548237e-12	4	0	0	22	5448
SM00429	IPT	1.00000000000629	6.28820226548237e-12	4	0	0	22	5448
SM00390	GoLoco	1.00000000000629	6.28820226548237e-12	4	0	0	22	5448
SM00604	MD	1.00000000000629	6.28820226548237e-12	4	0	0	22	5448
SM00102	ADF	1.00000000000629	6.28820226548237e-12	4	0	0	22	5448
SM01053	CaMBD	1.00000000000629	6.28820226548237e-12	4	0	0	22	5448
SM00913	IBN_N	1.00000000000629	6.28820226548237e-12	4	0	0	22	5448
SM00387	HATPase_c	1.00000000000629	6.28820226548237e-12	4	0	0	22	5448
SM00440	ZnF_C2C2	1.00000000000629	6.28820226548237e-12	4	0	0	22	5448
SM00446	LRRcap	1.00000000000629	6.28820226548237e-12	4	0	0	22	5448
SM00674	CENPB	1.00000000000629	6.28820226548237e-12	4	0	0	22	5448
SM00258	SAND	1.00000000000629	6.28820226548237e-12	4	0	0	22	5448
SM00439	BAH	1.00000000000629	6.28820226548237e-12	4	0	0	22	5448
SM00444	GYF	1.00000000000629	6.28820226548237e-12	4	0	0	22	5448
SM00281	LamB	1.00000000000629	6.28820226548237e-12	4	0	0	22	5448
SM00679	CTNS	1.00000000000629	6.28820226548237e-12	4	0	0	22	5448
SM01026	Beach	1.00000000000629	6.28820226548237e-12	4	0	0	22	5448
SM00666	PB1	1.00000000000629	6.28820226548237e-12	4	0	0	22	5448
SM00642	Aamy	1.00000000000629	6.28820226548237e-12	4	0	0	22	5448
SM00463	SMR	1.00000000000629	6.28820226548237e-12	4	0	0	22	5448
SM00568	GRAM	1.00000000000629	6.28820226548237e-12	4	0	0	22	5448
SM00584	TLDc	1.00000000000629	6.28820226548237e-12	4	0	0	22	5448
SM00027	EH	1.00000000000629	6.28820226548237e-12	4	0	0	22	5448
SM00678	WWE	1.00000000000629	6.28820226548237e-12	4	0	0	22	5448
SM00546	CUE	1.00000000000629	6.28820226548237e-12	4	0	0	22	5448
SM00115	CASc	1.00000000000629	6.28820226548237e-12	4	0	0	22	5448
SM00335	ANX	1.00000000000629	6.28820226548237e-12	4	0	0	22	5448
SM00217	WAP	1.00000000000629	6.28820226548237e-12	4	0	0	22	5448
SM01372	E2F_TDP	1.00000000000629	6.28820226548237e-12	4	0	0	22	5448
SM01343	FATC	1.00000000000629	6.28820226548237e-12	4	0	0	22	5448
SM00406	IGv	1.00000000000629	6.28820226548237e-12	4	0	0	22	5448
SM00534	MUTSac	1.00000000000629	6.28820226548237e-12	4	0	0	22	5448
SM00533	MUTSd	1.00000000000629	6.28820226548237e-12	4	0	0	22	5448
SM00050	DISIN	1.00000000000629	6.28820226548237e-12	4	0	0	22	5448
SM00557	IG_FLMN	1.00000000000629	6.28820226548237e-12	4	0	0	22	5448
SM00727	STI1	1.00000000000629	6.28820226548237e-12	4	0	0	22	5448
SM00846	Gp_dh_N	1.00000000000629	6.28820226548237e-12	4	0	0	22	5448
SM00246	WH2	1.00000000000629	6.28820226548237e-12	4	0	0	22	5448
SM00224	GGL	1.00000000000629	6.28820226548237e-12	4	0	0	22	5448
SM00485	XPGN	1.00000000000629	6.28820226548237e-12	4	0	0	22	5448
SM01195	FA	1.00000000000629	6.28820226548237e-12	4	0	0	22	5448
SM01027	Beta-Casp	1.00000000000629	6.28820226548237e-12	4	0	0	22	5448
SM00918	Lig_chan-Glu_bd	1.00000000000645	6.44740448593292e-12	9	0	0	22	5448
SM00049	DEP	1.00000000000645	6.44740448593292e-12	9	0	0	22	5448
SM00314	RA	1.00000000000645	6.44740448593292e-12	9	0	0	22	5448
SM00702	P4Hc	1.00000000000645	6.44740448593292e-12	9	0	0	22	5448
SM00595	MADF	1.00000000000645	6.44740448593292e-12	9	0	0	22	5448
SM00724	TLC	1.00000000000645	6.44740448593292e-12	9	0	0	22	5448
SM00494	ChtBD2	1.00000000000645	6.44740448593292e-12	9	0	0	22	5448
SM00451	ZnF_U1	1.00000000000645	6.44740448593292e-12	9	0	0	22	5448
SM01117	Cyt-b5	1.00000000000645	6.44740448593292e-12	9	0	0	22	5448
SM00848	Inhibitor_I29	1.00000000000645	6.44740448593292e-12	9	0	0	22	5448
SM00471	HDc	1.00000000000645	6.44740448593292e-12	9	0	0	22	5448
SM01189	ELM2	1.00000000000645	6.44740448593292e-12	9	0	0	22	5448
SM00079	PBPe	1.00000000000645	6.44740448593292e-12	9	0	0	22	5448
SM00015	IQ	1.00000000000645	6.44740448593292e-12	9	0	0	22	5448
SM00119	HECTc	1.00000000000645	6.44740448593292e-12	9	0	0	22	5448
SM00116	CBS	1.00000000000645	6.44740448593292e-12	9	0	0	22	5448
SM00072	GuKc	1.00000000000645	6.44740448593292e-12	9	0	0	22	5448
SM00428	H3	1.00000000000645	6.44740448593292e-12	9	0	0	22	5448
SM00328	BPI1	1.00000000000645	6.44740448593292e-12	9	0	0	22	5448
SM00526	H15	1.00000000000722	7.22201446750935e-12	7	0	0	22	5448
SM00396	ZnF_UBR1	1.00000000000722	7.22201446750935e-12	7	0	0	22	5448
SM00234	START	1.00000000000722	7.22201446750935e-12	7	0	0	22	5448
SM00055	FCH	1.00000000000722	7.22201446750935e-12	7	0	0	22	5448
SM00150	SPEC	1.00000000000722	7.22201446750935e-12	7	0	0	22	5448
SM00386	HAT	1.00000000000722	7.22201446750935e-12	7	0	0	22	5448
SM00498	FH2	1.00000000000722	7.22201446750935e-12	7	0	0	22	5448
SM00232	JAB_MPN	1.00000000000722	7.22201446750935e-12	7	0	0	22	5448
SM00523	DWA	1.00000000000722	7.22201446750935e-12	7	0	0	22	5448
SM00948	Proteasome_A_N	1.00000000000722	7.22201446750935e-12	7	0	0	22	5448
SM00744	RINGv	1.00000000000722	7.22201446750935e-12	7	0	0	22	5448
SM00165	UBA	1.00000000000722	7.22201446750935e-12	7	0	0	22	5448
SM00513	SAP	1.00000000000722	7.22201446750935e-12	7	0	0	22	5448
SM00216	VWD	1.00000000000722	7.22201446750935e-12	7	0	0	22	5448
SM00032	CCP	1.00000000000722	7.22201446750935e-12	7	0	0	22	5448
SM00664	DoH	1.00000000000722	7.22201446750935e-12	7	0	0	22	5448
SM00182	CULLIN	1.00000000000722	7.22201446750935e-12	7	0	0	22	5448
SM00322	KH	1.00000000000745	7.45254193269781e-12	27	0	0	22	5448
SM01179	DUF862	1.00000000000755	7.5502000485006e-12	1	0	0	22	5448
SM01377	Ribosomal_L40e	1.00000000000755	7.5502000485006e-12	1	0	0	22	5448
SM01272	LsmAD	1.00000000000755	7.5502000485006e-12	1	0	0	22	5448
SM01250	KAT11	1.00000000000755	7.5502000485006e-12	1	0	0	22	5448
SM00536	AXH	1.00000000000755	7.5502000485006e-12	1	0	0	22	5448
SM01385	DSS1_SEM1	1.00000000000755	7.5502000485006e-12	1	0	0	22	5448
SM00798	AICARFT_IMPCHas	1.00000000000755	7.5502000485006e-12	1	0	0	22	5448
SM01408	ING	1.00000000000755	7.5502000485006e-12	1	0	0	22	5448
SM00808	FABD	1.00000000000755	7.5502000485006e-12	1	0	0	22	5448
SM01313	Sec3-PIP2_bind	1.00000000000755	7.5502000485006e-12	1	0	0	22	5448
SM00206	NTR	1.00000000000755	7.5502000485006e-12	1	0	0	22	5448
SM00874	B5	1.00000000000755	7.5502000485006e-12	1	0	0	22	5448
SM00706	TECPR	1.00000000000755	7.5502000485006e-12	1	0	0	22	5448
SM00226	LMWPc	1.00000000000755	7.5502000485006e-12	1	0	0	22	5448
SM01286	SPT16	1.00000000000755	7.5502000485006e-12	1	0	0	22	5448
SM01039	BRICHOS	1.00000000000755	7.5502000485006e-12	1	0	0	22	5448
SM01092	CO_deh_flav_C	1.00000000000755	7.5502000485006e-12	1	0	0	22	5448
SM01181	E2_bind	1.00000000000755	7.5502000485006e-12	1	0	0	22	5448
SM01144	DTW	1.00000000000755	7.5502000485006e-12	1	0	0	22	5448
SM00996	AdoHcyase	1.00000000000755	7.5502000485006e-12	1	0	0	22	5448
SM01274	malic	1.00000000000755	7.5502000485006e-12	1	0	0	22	5448
SM01036	BP28CT	1.00000000000755	7.5502000485006e-12	1	0	0	22	5448
SM01024	BCS1_N	1.00000000000755	7.5502000485006e-12	1	0	0	22	5448
SM01241	Integrin_b_cyt	1.00000000000755	7.5502000485006e-12	1	0	0	22	5448
SM01386	Ribosomal_S13_N	1.00000000000755	7.5502000485006e-12	1	0	0	22	5448
SM01138	DP	1.00000000000755	7.5502000485006e-12	1	0	0	22	5448
SM00711	TDU	1.00000000000755	7.5502000485006e-12	1	0	0	22	5448
SM00993	YL1_C	1.00000000000755	7.5502000485006e-12	1	0	0	22	5448
SM01097	CPSase_sm_chain	1.00000000000755	7.5502000485006e-12	1	0	0	22	5448
SM01033	BING4CT	1.00000000000755	7.5502000485006e-12	1	0	0	22	5448
SM00828	PKS_MT	1.00000000000755	7.5502000485006e-12	1	0	0	22	5448
SM01104	CTD	1.00000000000755	7.5502000485006e-12	1	0	0	22	5448
SM00882	CoA_trans	1.00000000000755	7.5502000485006e-12	1	0	0	22	5448
SM00946	ProRS-C_1	1.00000000000755	7.5502000485006e-12	1	0	0	22	5448
SM01085	CK_II_beta	1.00000000000755	7.5502000485006e-12	1	0	0	22	5448
SM00278	HhH1	1.00000000000755	7.5502000485006e-12	1	0	0	22	5448
SM01416	Ribosomal_L19e	1.00000000000755	7.5502000485006e-12	1	0	0	22	5448
SM01346	DUF3385	1.00000000000755	7.5502000485006e-12	1	0	0	22	5448
SM01168	DUF1907	1.00000000000755	7.5502000485006e-12	1	0	0	22	5448
SM00967	SpoU_sub_bind	1.00000000000755	7.5502000485006e-12	1	0	0	22	5448
SM01122	DBC1	1.00000000000755	7.5502000485006e-12	1	0	0	22	5448
SM00804	TAP_C	1.00000000000755	7.5502000485006e-12	1	0	0	22	5448
SM00986	UDG	1.00000000000755	7.5502000485006e-12	1	0	0	22	5448
SM01159	DUF1744	1.00000000000755	7.5502000485006e-12	1	0	0	22	5448
SM00478	ENDO3c	1.00000000000755	7.5502000485006e-12	1	0	0	22	5448
SM00762	Cog4	1.00000000000755	7.5502000485006e-12	1	0	0	22	5448
SM00062	PBPb	1.00000000000755	7.5502000485006e-12	1	0	0	22	5448
SM00099	btg1	1.00000000000755	7.5502000485006e-12	1	0	0	22	5448
SM00530	HTH_XRE	1.00000000000755	7.5502000485006e-12	1	0	0	22	5448
SM01020	B2-adapt-app_C	1.00000000000755	7.5502000485006e-12	1	0	0	22	5448
SM00615	EPH_lbd	1.00000000000755	7.5502000485006e-12	1	0	0	22	5448
SM00506	A1pp	1.00000000000755	7.5502000485006e-12	1	0	0	22	5448
SM01074	Cdc6_C	1.00000000000755	7.5502000485006e-12	1	0	0	22	5448
SM00734	ZnF_Rad18	1.00000000000755	7.5502000485006e-12	1	0	0	22	5448
SM00538	POP4	1.00000000000755	7.5502000485006e-12	1	0	0	22	5448
SM00684	DM15	1.00000000000755	7.5502000485006e-12	1	0	0	22	5448
SM00469	WIF	1.00000000000755	7.5502000485006e-12	1	0	0	22	5448
SM00549	TAFH	1.00000000000755	7.5502000485006e-12	1	0	0	22	5448
SM01001	AIRC	1.00000000000755	7.5502000485006e-12	1	0	0	22	5448
SM01285	FACT-Spt16_Nlob	1.00000000000755	7.5502000485006e-12	1	0	0	22	5448
SM01267	LAG1_DNAbind	1.00000000000755	7.5502000485006e-12	1	0	0	22	5448
SM01051	CAMSAP_CKK	1.00000000000755	7.5502000485006e-12	1	0	0	22	5448
SM00737	ML	1.00000000000755	7.5502000485006e-12	1	0	0	22	5448
SM01083	Cir_N	1.00000000000755	7.5502000485006e-12	1	0	0	22	5448
SM01071	CDC37_N	1.00000000000755	7.5502000485006e-12	1	0	0	22	5448
SM01023	BAF	1.00000000000755	7.5502000485006e-12	1	0	0	22	5448
SM01118	CYTH	1.00000000000755	7.5502000485006e-12	1	0	0	22	5448
SM01137	DMAP_binding	1.00000000000755	7.5502000485006e-12	1	0	0	22	5448
SM01302	Raptor_N	1.00000000000755	7.5502000485006e-12	1	0	0	22	5448
SM00208	TNFR	1.00000000000755	7.5502000485006e-12	1	0	0	22	5448
SM01016	Arg_tRNA_synt_N	1.00000000000755	7.5502000485006e-12	1	0	0	22	5448
SM01293	DUF3402	1.00000000000755	7.5502000485006e-12	1	0	0	22	5448
SM01253	Kin17_mid	1.00000000000755	7.5502000485006e-12	1	0	0	22	5448
SM01133	DeoC	1.00000000000755	7.5502000485006e-12	1	0	0	22	5448
SM01397	Ribosomal_S3Ae	1.00000000000755	7.5502000485006e-12	1	0	0	22	5448
SM00477	NUC	1.00000000000755	7.5502000485006e-12	1	0	0	22	5448
SM00683	DM16	1.00000000000755	7.5502000485006e-12	1	0	0	22	5448
SM00006	A4_EXTRA	1.00000000000755	7.5502000485006e-12	1	0	0	22	5448
SM00733	Mterf	1.00000000000755	7.5502000485006e-12	1	0	0	22	5448
SM00932	Nfu_N	1.00000000000755	7.5502000485006e-12	1	0	0	22	5448
SM00654	eIF6	1.00000000000755	7.5502000485006e-12	1	0	0	22	5448
SM00635	BID_2	1.00000000000755	7.5502000485006e-12	1	0	0	22	5448
SM00426	TEA	1.00000000000755	7.5502000485006e-12	1	0	0	22	5448
SM00553	SEP	1.00000000000755	7.5502000485006e-12	1	0	0	22	5448
SM00698	MORN	1.00000000000755	7.5502000485006e-12	1	0	0	22	5448
SM00459	Sorb	1.00000000000755	7.5502000485006e-12	1	0	0	22	5448
SM00227	NEBU	1.00000000000755	7.5502000485006e-12	1	0	0	22	5448
SM00985	UBA_e1_C	1.00000000000755	7.5502000485006e-12	1	0	0	22	5448
SM01292	N1221	1.00000000000755	7.5502000485006e-12	1	0	0	22	5448
SM00761	HDAC_interact	1.00000000000755	7.5502000485006e-12	1	0	0	22	5448
SM01000	Aha1_N	1.00000000000755	7.5502000485006e-12	1	0	0	22	5448
SM00998	ADSL_C	1.00000000000755	7.5502000485006e-12	1	0	0	22	5448
SM00515	eIF5C	1.00000000000755	7.5502000485006e-12	1	0	0	22	5448
SM01413	Ribosomal_S19e	1.00000000000755	7.5502000485006e-12	1	0	0	22	5448
SM00095	TR_THY	1.00000000000755	7.5502000485006e-12	1	0	0	22	5448
SM01359	A2M_N_2	1.00000000000755	7.5502000485006e-12	1	0	0	22	5448
SM00509	TFS2N	1.00000000000755	7.5502000485006e-12	1	0	0	22	5448
SM01398	Cornichon	1.00000000000755	7.5502000485006e-12	1	0	0	22	5448
SM01165	DUF1866	1.00000000000755	7.5502000485006e-12	1	0	0	22	5448
SM01220	FSA_C	1.00000000000755	7.5502000485006e-12	1	0	0	22	5448
SM00990	VRR_NUC	1.00000000000755	7.5502000485006e-12	1	0	0	22	5448
SM00554	FAS1	1.00000000000755	7.5502000485006e-12	1	0	0	22	5448
SM01389	Spt4	1.00000000000755	7.5502000485006e-12	1	0	0	22	5448
SM01387	Ribosomal_S15	1.00000000000755	7.5502000485006e-12	1	0	0	22	5448
SM00919	Malic_M	1.00000000000755	7.5502000485006e-12	1	0	0	22	5448
SM00826	PKS_DH	1.00000000000755	7.5502000485006e-12	1	0	0	22	5448
SM01254	KLRAQ	1.00000000000755	7.5502000485006e-12	1	0	0	22	5448
SM01028	Beta-TrCP_D	1.00000000000755	7.5502000485006e-12	1	0	0	22	5448
SM01152	DUF167	1.00000000000755	7.5502000485006e-12	1	0	0	22	5448
SM01136	DKCLD	1.00000000000755	7.5502000485006e-12	1	0	0	22	5448
SM00676	DM10	1.00000000000755	7.5502000485006e-12	1	0	0	22	5448
SM01402	Ribosomal_S27	1.00000000000755	7.5502000485006e-12	1	0	0	22	5448
SM00812	Alpha_L_fucos	1.00000000000755	7.5502000485006e-12	1	0	0	22	5448
SM01308	RICTOR_N	1.00000000000755	7.5502000485006e-12	1	0	0	22	5448
SM01102	CRM1_C	1.00000000000755	7.5502000485006e-12	1	0	0	22	5448
SM01123	DBP10CT	1.00000000000755	7.5502000485006e-12	1	0	0	22	5448
SM01013	APC2	1.00000000000755	7.5502000485006e-12	1	0	0	22	5448
SM01380	Ribosomal_L31e	1.00000000000755	7.5502000485006e-12	1	0	0	22	5448
SM00510	TFS2M	1.00000000000755	7.5502000485006e-12	1	0	0	22	5448
SM01031	BHD_2	1.00000000000755	7.5502000485006e-12	1	0	0	22	5448
SM00632	Aamy_C	1.00000000000755	7.5502000485006e-12	1	0	0	22	5448
SM01314	SnAC	1.00000000000755	7.5502000485006e-12	1	0	0	22	5448
SM01206	Fibrillarin	1.00000000000755	7.5502000485006e-12	1	0	0	22	5448
SM00265	BH4	1.00000000000755	7.5502000485006e-12	1	0	0	22	5448
SM01198	FBA	1.00000000000755	7.5502000485006e-12	1	0	0	22	5448
SM00659	RPOLCX	1.00000000000755	7.5502000485006e-12	1	0	0	22	5448
SM00707	RPEL	1.00000000000755	7.5502000485006e-12	1	0	0	22	5448
SM01035	BOP1NT	1.00000000000755	7.5502000485006e-12	1	0	0	22	5448
SM01044	Btz	1.00000000000755	7.5502000485006e-12	1	0	0	22	5448
SM00685	DM14	1.00000000000755	7.5502000485006e-12	1	0	0	22	5448
SM00777	Mad3_BUB1_I	1.00000000000755	7.5502000485006e-12	1	0	0	22	5448
SM01032	BHD_3	1.00000000000755	7.5502000485006e-12	1	0	0	22	5448
SM01076	CG-1	1.00000000000755	7.5502000485006e-12	1	0	0	22	5448
SM01192	Enolase_C	1.00000000000755	7.5502000485006e-12	1	0	0	22	5448
SM00542	FYRC	1.00000000000755	7.5502000485006e-12	1	0	0	22	5448
SM01233	HABP4_PAI-RBP1	1.00000000000755	7.5502000485006e-12	1	0	0	22	5448
SM00465	GIYc	1.00000000000755	7.5502000485006e-12	1	0	0	22	5448
SM00653	eIF2B_5	1.00000000000755	7.5502000485006e-12	1	0	0	22	5448
SM00121	IB	1.00000000000755	7.5502000485006e-12	1	0	0	22	5448
SM01335	PADR1	1.00000000000755	7.5502000485006e-12	1	0	0	22	5448
SM01296	N2227	1.00000000000755	7.5502000485006e-12	1	0	0	22	5448
SM00746	TRASH	1.00000000000755	7.5502000485006e-12	1	0	0	22	5448
SM00853	MutL_C	1.00000000000755	7.5502000485006e-12	1	0	0	22	5448
SM00937	PCRF	1.00000000000755	7.5502000485006e-12	1	0	0	22	5448
SM00518	AP2Ec	1.00000000000755	7.5502000485006e-12	1	0	0	22	5448
SM01350	6PGD	1.00000000000755	7.5502000485006e-12	1	0	0	22	5448
SM00318	SNc	1.00000000000755	7.5502000485006e-12	1	0	0	22	5448
SM01395	Tbf5	1.00000000000755	7.5502000485006e-12	1	0	0	22	5448
SM01361	A2M_recep	1.00000000000755	7.5502000485006e-12	1	0	0	22	5448
SM00896	FDX-ACB	1.00000000000755	7.5502000485006e-12	1	0	0	22	5448
SM00548	IRO	1.00000000000755	7.5502000485006e-12	1	0	0	22	5448
SM01384	Ribosomal_L15e	1.00000000000755	7.5502000485006e-12	1	0	0	22	5448
SM00859	Semialdhyde_dh	1.00000000000755	7.5502000485006e-12	1	0	0	22	5448
SM00719	Plus3	1.00000000000755	7.5502000485006e-12	1	0	0	22	5448
SM01124	DBR1	1.00000000000755	7.5502000485006e-12	1	0	0	22	5448
SM01393	Ribosomal_L32e	1.00000000000755	7.5502000485006e-12	1	0	0	22	5448
SM01214	Fmp27_GFWDK	1.00000000000755	7.5502000485006e-12	1	0	0	22	5448
SM01219	Frataxin_Cyay	1.00000000000755	7.5502000485006e-12	1	0	0	22	5448
SM01135	DIRP	1.00000000000755	7.5502000485006e-12	1	0	0	22	5448
SM01280	Mcm10	1.00000000000755	7.5502000485006e-12	1	0	0	22	5448
SM01120	Dak2	1.00000000000755	7.5502000485006e-12	1	0	0	22	5448
SM01278	MAPKK1_Int	1.00000000000755	7.5502000485006e-12	1	0	0	22	5448
SM00742	Hr1	1.00000000000755	7.5502000485006e-12	1	0	0	22	5448
SM00995	AD	1.00000000000755	7.5502000485006e-12	1	0	0	22	5448
SM00788	Adenylsucc_synt	1.00000000000755	7.5502000485006e-12	1	0	0	22	5448
SM01268	BTD	1.00000000000755	7.5502000485006e-12	1	0	0	22	5448
SM00541	FYRN	1.00000000000755	7.5502000485006e-12	1	0	0	22	5448
SM01310	RICTOR_V	1.00000000000755	7.5502000485006e-12	1	0	0	22	5448
SM00934	OMPdecase	1.00000000000755	7.5502000485006e-12	1	0	0	22	5448
SM01396	BC10	1.00000000000755	7.5502000485006e-12	1	0	0	22	5448
SM00984	UDPG_MGDP_dh_C	1.00000000000755	7.5502000485006e-12	1	0	0	22	5448
SM01047	C1_4	1.00000000000755	7.5502000485006e-12	1	0	0	22	5448
SM00682	G2F	1.00000000000755	7.5502000485006e-12	1	0	0	22	5448
SM00983	TPK_B1_binding	1.00000000000755	7.5502000485006e-12	1	0	0	22	5448
SM00321	WSC	1.00000000000755	7.5502000485006e-12	1	0	0	22	5448
SM01367	DUF3452	1.00000000000755	7.5502000485006e-12	1	0	0	22	5448
SM00643	C345C	1.00000000000755	7.5502000485006e-12	1	0	0	22	5448
SM00658	RPOL8c	1.00000000000755	7.5502000485006e-12	1	0	0	22	5448
SM01368	RB_A	1.00000000000755	7.5502000485006e-12	1	0	0	22	5448
SM01193	Enolase_N	1.00000000000755	7.5502000485006e-12	1	0	0	22	5448
SM01186	eIF3_N	1.00000000000755	7.5502000485006e-12	1	0	0	22	5448
SM00839	ELFV_dehydrog	1.00000000000755	7.5502000485006e-12	1	0	0	22	5448
SM01355	AP3B1_C	1.00000000000755	7.5502000485006e-12	1	0	0	22	5448
SM00567	EZ_HEAT	1.00000000000755	7.5502000485006e-12	1	0	0	22	5448
SM01273	Mago-bind	1.00000000000755	7.5502000485006e-12	1	0	0	22	5448
SM00143	PI3K_p85B	1.00000000000755	7.5502000485006e-12	1	0	0	22	5448
SM01180	DWNN	1.00000000000755	7.5502000485006e-12	1	0	0	22	5448
SM00738	NGN	1.00000000000755	7.5502000485006e-12	1	0	0	22	5448
SM00803	TAF	1.00000000000755	7.5502000485006e-12	1	0	0	22	5448
SM01199	FDF	1.00000000000755	7.5502000485006e-12	1	0	0	22	5448
SM00293	PWWP	1.00000000000755	7.5502000485006e-12	1	0	0	22	5448
SM01242	Integrin_B_tail	1.00000000000755	7.5502000485006e-12	1	0	0	22	5448
SM01307	RICTOR_M	1.00000000000755	7.5502000485006e-12	1	0	0	22	5448
SM01100	CRAL_TRIO_N	1.00000000000755	7.5502000485006e-12	1	0	0	22	5448
SM01405	Ribosomal_S6e	1.00000000000755	7.5502000485006e-12	1	0	0	22	5448
SM00555	GIT	1.00000000000755	7.5502000485006e-12	1	0	0	22	5448
SM01371	TFIIA	1.00000000000755	7.5502000485006e-12	1	0	0	22	5448
SM01281	Med12	1.00000000000755	7.5502000485006e-12	1	0	0	22	5448
SM01328	zf-3CxxC	1.00000000000755	7.5502000485006e-12	1	0	0	22	5448
SM01128	DDRGK	1.00000000000755	7.5502000485006e-12	1	0	0	22	5448
SM00250	PLEC	1.00000000000755	7.5502000485006e-12	1	0	0	22	5448
SM01265	Mab-21	1.00000000000755	7.5502000485006e-12	1	0	0	22	5448
SM00870	Asparaginase	1.00000000000755	7.5502000485006e-12	1	0	0	22	5448
SM00455	RBD	1.00000000000755	7.5502000485006e-12	1	0	0	22	5448
SM01087	COG6	1.00000000000755	7.5502000485006e-12	1	0	0	22	5448
SM00951	QLQ	1.00000000000755	7.5502000485006e-12	1	0	0	22	5448
SM01210	GARS_C	1.00000000000755	7.5502000485006e-12	1	0	0	22	5448
SM00531	TFIIE	1.00000000000755	7.5502000485006e-12	1	0	0	22	5448
SM00505	Knot1	1.00000000000755	7.5502000485006e-12	1	0	0	22	5448
SM01156	DUF1716	1.00000000000755	7.5502000485006e-12	1	0	0	22	5448
SM00187	INB	1.00000000000755	7.5502000485006e-12	1	0	0	22	5448
SM01183	EF1G	1.00000000000755	7.5502000485006e-12	1	0	0	22	5448
SM01153	DUF1693	1.00000000000755	7.5502000485006e-12	1	0	0	22	5448
SM01125	DCP2	1.00000000000755	7.5502000485006e-12	1	0	0	22	5448
SM01173	DUF4187	1.00000000000755	7.5502000485006e-12	1	0	0	22	5448
SM01075	CDT1	1.00000000000755	7.5502000485006e-12	1	0	0	22	5448
SM01030	BHD_1	1.00000000000755	7.5502000485006e-12	1	0	0	22	5448
SM00709	Zpr1	1.00000000000755	7.5502000485006e-12	1	0	0	22	5448
SM00435	TOPEUc	1.00000000000755	7.5502000485006e-12	1	0	0	22	5448
SM00152	THY	1.00000000000755	7.5502000485006e-12	1	0	0	22	5448
SM01069	CDC37_C	1.00000000000755	7.5502000485006e-12	1	0	0	22	5448
SM01098	CPSF73-100_C	1.00000000000755	7.5502000485006e-12	1	0	0	22	5448
SM01176	DUF4208	1.00000000000755	7.5502000485006e-12	1	0	0	22	5448
SM00078	IlGF	1.00000000000755	7.5502000485006e-12	1	0	0	22	5448
SM00750	KIND	1.00000000000755	7.5502000485006e-12	1	0	0	22	5448
SM00997	AdoHcyase_NAD	1.00000000000755	7.5502000485006e-12	1	0	0	22	5448
SM00692	DM3	1.00000000000755	7.5502000485006e-12	1	0	0	22	5448
SM00811	Alpha_kinase	1.00000000000755	7.5502000485006e-12	1	0	0	22	5448
SM00883	Cpn10	1.00000000000755	7.5502000485006e-12	1	0	0	22	5448
SM01360	A2M	1.00000000000755	7.5502000485006e-12	1	0	0	22	5448
SM01249	KASH	1.00000000000755	7.5502000485006e-12	1	0	0	22	5448
SM01018	B12-binding_2	1.00000000000755	7.5502000485006e-12	1	0	0	22	5448
SM00928	NADH_4Fe-4S	1.00000000000755	7.5502000485006e-12	1	0	0	22	5448
SM00310	PTBI	1.00000000000755	7.5502000485006e-12	1	0	0	22	5448
SM01115	cwf21	1.00000000000755	7.5502000485006e-12	1	0	0	22	5448
SM00892	Endonuclease_NS	1.00000000000755	7.5502000485006e-12	1	0	0	22	5448
SM01347	Mre11_DNA_bind	1.00000000000755	7.5502000485006e-12	1	0	0	22	5448
SM01077	Cg6151-P	1.00000000000755	7.5502000485006e-12	1	0	0	22	5448
SM01291	N-SET	1.00000000000755	7.5502000485006e-12	1	0	0	22	5448
SM01311	RPOL_N	1.00000000000755	7.5502000485006e-12	1	0	0	22	5448
SM00929	NADH-G_4Fe-4S_3	1.00000000000755	7.5502000485006e-12	1	0	0	22	5448
SM01284	ECSIT_Cterm	1.00000000000755	7.5502000485006e-12	1	0	0	22	5448
SM01096	CPSase_L_D3	1.00000000000755	7.5502000485006e-12	1	0	0	22	5448
SM00588	NEUZ	1.00000000000755	7.5502000485006e-12	1	0	0	22	5448
SM00904	Flavokinase	1.00000000000755	7.5502000485006e-12	1	0	0	22	5448
SM00324	RhoGAP	1.00000000000798	7.97710292753078e-12	23	0	0	22	5448
SM00741	SapB	1.00000000000798	7.97710292753078e-12	23	0	0	22	5448
SM00192	LDLa	1.00000000000798	7.97710292753078e-12	23	0	0	22	5448
SM00636	Glyco_18	1.00000000000803	8.02551190361581e-12	31	0	0	22	5448
SM00109	C1	1.00000000000803	8.02551190361581e-12	31	0	0	22	5448
SM00129	KISc	1.00000000000836	8.35874194037213e-12	19	0	0	22	5448
SM00292	BRCT	1.00000000000836	8.35874194037213e-12	19	0	0	22	5448
SM00456	WW	1.00000000000836	8.35874194037213e-12	19	0	0	22	5448
SM00164	TBC	1.00000000000836	8.35874194037213e-12	19	0	0	22	5448
SM00325	RhoGEF	1.00000000000836	8.35874194037213e-12	19	0	0	22	5448
SM01196	FERM_C	1.00000000000844	8.44458659142039e-12	10	0	0	22	5448
SM00240	FHA	1.00000000000844	8.44458659142039e-12	10	0	0	22	5448
SM00306	HintN	1.00000000000844	8.44458659142039e-12	10	0	0	22	5448
SM00351	PAX	1.00000000000844	8.44458659142039e-12	10	0	0	22	5448
SM00020	Tryp_SPc	1.00000000000844	8.44458659142039e-12	10	0	0	22	5448
SM00051	DSL	1.00000000000844	8.44458659142039e-12	10	0	0	22	5448
SM00479	EXOIII	1.00000000000844	8.44458659142039e-12	10	0	0	22	5448
SM00146	PI3Kc	1.00000000000844	8.44458659142039e-12	10	0	0	22	5448
SM00305	HintC	1.00000000000844	8.44458659142039e-12	10	0	0	22	5448
SM00329	BPI2	1.00000000000844	8.44458659142039e-12	10	0	0	22	5448
SM00291	ZnF_ZZ	1.00000000000844	8.44458659142039e-12	10	0	0	22	5448
SM01391	Filament	1.00000000000844	8.44458659142039e-12	10	0	0	22	5448
SM00185	ARM	1.00000000000844	8.44458659142039e-12	10	0	0	22	5448
SM00703	NRF	1.00000000000848	8.47791726479396e-12	15	0	0	22	5448
SM00297	BROMO	1.00000000000848	8.47791726479396e-12	15	0	0	22	5448
SM00563	PlsC	1.00000000000848	8.47791726479396e-12	15	0	0	22	5448
SM00865	Tubulin_C	1.00000000000848	8.47791726479396e-12	15	0	0	22	5448
SM00558	JmjC	1.00000000000925	9.2473298453361e-12	12	0	0	22	5448
SM00230	CysPc	1.00000000000925	9.2473298453361e-12	12	0	0	22	5448
SM00849	Lactamase_B	1.00000000000925	9.2473298453361e-12	12	0	0	22	5448
SM00829	PKS_ER	1.00000000000925	9.2473298453361e-12	12	0	0	22	5448
SM00382	AAA	1.00000000000928	9.28028355511397e-12	106	0	0	22	5448
SM00241	ZP	1.0000000000095	9.49909119966602e-12	38	0	0	22	5448
SM00369	LRR_TYP	1.0000000000095	9.49909119966602e-12	38	0	0	22	5448
SM00060	FN3	1.0000000000095	9.49909119966602e-12	38	0	0	22	5448
SM00425	TBOX	1.00000000001023	1.02347597902015e-11	21	0	0	22	5448
SM00336	BBOX	1.00000000001023	1.02347597902015e-11	21	0	0	22	5448
SM00473	PAN_AP	1.00000000001023	1.02347597902015e-11	21	0	0	22	5448
SM00950	Piwi	1.00000000001023	1.02347597902015e-11	21	0	0	22	5448
SM01088	Col_cuticle_N	1.00000000001024	1.02383663474723e-11	156	0	0	22	5448
SM01017	Arrestin_C	1.00000000001047	1.04741682163253e-11	25	0	0	22	5448
SM00213	UBQ	1.00000000001047	1.04741682163253e-11	25	0	0	22	5448
SM00908	Gal-bind_lectin	1.00000000001047	1.04741682163253e-11	25	0	0	22	5448
SM00276	GLECT	1.00000000001047	1.04741682163253e-11	25	0	0	22	5448
SM00353	HLH	1.00000000001073	1.07311273550565e-11	36	0	0	22	5448
SM00194	PTPc	1.00000000001075	1.07532262135417e-11	78	0	0	22	5448
SM00645	Pept_C1	1.00000000001078	1.07842979301022e-11	29	0	0	22	5448
SM00179	EGF_CA	1.00000000001093	1.0929038288396e-11	41	0	0	22	5448
SM00239	C2	1.00000000001093	1.0929038288396e-11	41	0	0	22	5448
SM00605	CW	1.0000000000112	1.12042480375492e-11	50	0	0	22	5448
SM00042	CUB	1.0000000000112	1.12042480375492e-11	50	0	0	22	5448
SM00408	IGc2	1.0000000000112	1.12042480375492e-11	50	0	0	22	5448
SM00112	CA	1.00000000001176	1.17595347066277e-11	11	0	0	22	5448
SM00180	EGF_Lam	1.00000000001176	1.17595347066277e-11	11	0	0	22	5448
SM00343	ZnF_C2HC	1.00000000001176	1.17595347066277e-11	11	0	0	22	5448
SM00831	Cation_ATPase_N	1.00000000001176	1.17595347066277e-11	11	0	0	22	5448
SM00268	ACTIN	1.00000000001176	1.17595347066277e-11	11	0	0	22	5448
SM00244	PHB	1.00000000001176	1.17595347066277e-11	11	0	0	22	5448
SM00449	SPRY	1.00000000001176	1.17595347066277e-11	11	0	0	22	5448
SM00847	HA2	1.00000000001176	1.17595347066277e-11	11	0	0	22	5448
SM00025	Pumilio	1.00000000001176	1.17595347066277e-11	11	0	0	22	5448
SM00312	PX	1.00000000001176	1.17595347066277e-11	11	0	0	22	5448
SM00647	IBR	1.00000000001176	1.17595347066277e-11	11	0	0	22	5448
SM00301	DM	1.00000000001176	1.17595347066277e-11	11	0	0	22	5448
SM00360	RRM	1.00000000001201	1.20124356073809e-11	100	0	0	22	5448
SM00131	KU	1.00000000001215	1.21461072629562e-11	35	0	0	22	5448
SM00249	PHD	1.00000000001215	1.21461072629562e-11	35	0	0	22	5448
SM00453	WSN	1.00000000001222	1.22214622458617e-11	39	0	0	22	5448
SM00289	WR1	1.00000000001222	1.22214622458617e-11	39	0	0	22	5448
SM00714	LITAF	1.0000000000125	1.24963995439581e-11	13	0	0	22	5448
SM00361	RRM_1	1.0000000000125	1.24963995439581e-11	13	0	0	22	5448
SM00631	Zn_pept	1.0000000000125	1.24963995439581e-11	13	0	0	22	5448
SM00450	RHOD	1.0000000000125	1.24963995439581e-11	13	0	0	22	5448
SM00088	PINT	1.0000000000125	1.24963995439581e-11	13	0	0	22	5448
SM00401	ZnF_GATA	1.0000000000125	1.24963995439581e-11	13	0	0	22	5448
SM00537	DCX	1.00000000001261	1.26108161815763e-11	6	0	0	22	5448
SM00508	PostSET	1.00000000001261	1.26108161815763e-11	6	0	0	22	5448
SM01109	CUT	1.00000000001261	1.26108161815763e-11	6	0	0	22	5448
SM00729	Elp3	1.00000000001261	1.26108161815763e-11	6	0	0	22	5448
SM01375	Dynein_light	1.00000000001261	1.26108161815763e-11	6	0	0	22	5448
SM00008	HormR	1.00000000001261	1.26108161815763e-11	6	0	0	22	5448
SM00668	CTLH	1.00000000001261	1.26108161815763e-11	6	0	0	22	5448
SM00350	MCM	1.00000000001261	1.26108161815763e-11	6	0	0	22	5448
SM00046	DAGKc	1.00000000001261	1.26108161815763e-11	6	0	0	22	5448
SM00593	RUN	1.00000000001261	1.26108161815763e-11	6	0	0	22	5448
SM00543	MIF4G	1.00000000001261	1.26108161815763e-11	6	0	0	22	5448
SM00229	RasGEFN	1.00000000001261	1.26108161815763e-11	6	0	0	22	5448
SM00105	ArfGap	1.00000000001261	1.26108161815763e-11	6	0	0	22	5448
SM00093	SERPIN	1.00000000001261	1.26108161815763e-11	6	0	0	22	5448
SM00665	B561	1.00000000001261	1.26108161815763e-11	6	0	0	22	5448
SM00211	TY	1.00000000001261	1.26108161815763e-11	6	0	0	22	5448
SM01057	Carb_anhydrase	1.00000000001261	1.26108161815763e-11	6	0	0	22	5448
SM00149	PLCYc	1.00000000001261	1.26108161815763e-11	6	0	0	22	5448
SM00551	ZnF_TAZ	1.00000000001261	1.26108161815763e-11	6	0	0	22	5448
SM00591	RWD	1.00000000001261	1.26108161815763e-11	6	0	0	22	5448
SM00539	NIDO	1.00000000001261	1.26108161815763e-11	6	0	0	22	5448
SM00091	PAS	1.00000000001261	1.26108161815763e-11	6	0	0	22	5448
SM00855	PGAM	1.00000000001261	1.26108161815763e-11	6	0	0	22	5448
SM00316	S1	1.00000000001261	1.26108161815763e-11	6	0	0	22	5448
SM00135	LY	1.00000000001261	1.26108161815763e-11	6	0	0	22	5448
SM00720	calpain_III	1.00000000001261	1.26108161815763e-11	6	0	0	22	5448
SM00838	EFG_C	1.00000000001261	1.26108161815763e-11	6	0	0	22	5448
SM00273	ENTH	1.00000000001261	1.26108161815763e-11	6	0	0	22	5448
SM00148	PLCXc	1.00000000001261	1.26108161815763e-11	6	0	0	22	5448
SM00884	Cullin_Nedd8	1.00000000001261	1.26108161815763e-11	6	0	0	22	5448
SM01329	Iso_dh	1.00000000001261	1.26108161815763e-11	6	0	0	22	5448
SM01332	Cyclin_C	1.00000000001261	1.26108161815763e-11	6	0	0	22	5448
SM00155	PLDc	1.00000000001261	1.26108161815763e-11	6	0	0	22	5448
SM00303	GPS	1.00000000001261	1.26108161815763e-11	6	0	0	22	5448
SM01008	Ald_Xan_dh_C	1.00000000001263	1.26324875920577e-11	2	0	0	22	5448
SM00331	PP2C_SIG	1.00000000001263	1.26324875920577e-11	2	0	0	22	5448
SM00712	PUR	1.00000000001263	1.26324875920577e-11	2	0	0	22	5448
SM00881	CoA_binding	1.00000000001263	1.26324875920577e-11	2	0	0	22	5448
SM01127	DDHD	1.00000000001263	1.26324875920577e-11	2	0	0	22	5448
SM00722	CASH	1.00000000001263	1.26324875920577e-11	2	0	0	22	5448
SM01382	Ribosomal_L2_C	1.00000000001263	1.26324875920577e-11	2	0	0	22	5448
SM00521	CBF	1.00000000001263	1.26324875920577e-11	2	0	0	22	5448
SM01166	DUF1899	1.00000000001263	1.26324875920577e-11	2	0	0	22	5448
SM00594	UAS	1.00000000001263	1.26324875920577e-11	2	0	0	22	5448
SM00432	MADS	1.00000000001263	1.26324875920577e-11	2	0	0	22	5448
SM00873	B3_4	1.00000000001263	1.26324875920577e-11	2	0	0	22	5448
SM00493	TOPRIM	1.00000000001263	1.26324875920577e-11	2	0	0	22	5448
SM01142	DSHCT	1.00000000001263	1.26324875920577e-11	2	0	0	22	5448
SM00442	FGF	1.00000000001263	1.26324875920577e-11	2	0	0	22	5448
SM01070	CDC37_M	1.00000000001263	1.26324875920577e-11	2	0	0	22	5448
SM00251	SAM_PNT	1.00000000001263	1.26324875920577e-11	2	0	0	22	5448
SM01270	Longin	1.00000000001263	1.26324875920577e-11	2	0	0	22	5448
SM00472	MIR	1.00000000001263	1.26324875920577e-11	2	0	0	22	5448
SM00576	BTP	1.00000000001263	1.26324875920577e-11	2	0	0	22	5448
SM00238	BIR	1.00000000001263	1.26324875920577e-11	2	0	0	22	5448
SM01269	Lipid_DES	1.00000000001263	1.26324875920577e-11	2	0	0	22	5448
SM00561	MBT	1.00000000001263	1.26324875920577e-11	2	0	0	22	5448
SM00384	AT_hook	1.00000000001263	1.26324875920577e-11	2	0	0	22	5448
SM00657	RPOL4c	1.00000000001263	1.26324875920577e-11	2	0	0	22	5448
SM01374	Ribosomal_L14	1.00000000001263	1.26324875920577e-11	2	0	0	22	5448
SM01141	DRY_EERY	1.00000000001263	1.26324875920577e-11	2	0	0	22	5448
SM01145	DUF1041	1.00000000001263	1.26324875920577e-11	2	0	0	22	5448
SM00736	CADG	1.00000000001263	1.26324875920577e-11	2	0	0	22	5448
SM00731	SprT	1.00000000001263	1.26324875920577e-11	2	0	0	22	5448
SM01338	NOD	1.00000000001263	1.26324875920577e-11	2	0	0	22	5448
SM00960	Robl_LC7	1.00000000001263	1.26324875920577e-11	2	0	0	22	5448
SM00650	rADc	1.00000000001263	1.26324875920577e-11	2	0	0	22	5448
SM01114	CXC	1.00000000001263	1.26324875920577e-11	2	0	0	22	5448
SM00907	GDNF	1.00000000001263	1.26324875920577e-11	2	0	0	22	5448
SM00468	PreSET	1.00000000001263	1.26324875920577e-11	2	0	0	22	5448
SM00438	ZnF_NFX	1.00000000001263	1.26324875920577e-11	2	0	0	22	5448
SM01062	Ca_chan_IQ	1.00000000001263	1.26324875920577e-11	2	0	0	22	5448
SM00018	PD	1.00000000001263	1.26324875920577e-11	2	0	0	22	5448
SM00160	RanBD	1.00000000001263	1.26324875920577e-11	2	0	0	22	5448
SM01132	DIL	1.00000000001263	1.26324875920577e-11	2	0	0	22	5448
SM00259	ZnF_A20	1.00000000001263	1.26324875920577e-11	2	0	0	22	5448
SM00302	GED	1.00000000001263	1.26324875920577e-11	2	0	0	22	5448
SM00153	VHP	1.00000000001263	1.26324875920577e-11	2	0	0	22	5448
SM01147	DUF1087	1.00000000001263	1.26324875920577e-11	2	0	0	22	5448
SM01011	AMP_N	1.00000000001263	1.26324875920577e-11	2	0	0	22	5448
SM00992	YccV-like	1.00000000001263	1.26324875920577e-11	2	0	0	22	5448
SM01200	FerA	1.00000000001263	1.26324875920577e-11	2	0	0	22	5448
SM00460	TGc	1.00000000001263	1.26324875920577e-11	2	0	0	22	5448
SM00559	Ku78	1.00000000001263	1.26324875920577e-11	2	0	0	22	5448
SM00004	NL	1.00000000001263	1.26324875920577e-11	2	0	0	22	5448
SM00978	Tim44	1.00000000001263	1.26324875920577e-11	2	0	0	22	5448
SM01086	ClpB_D2-small	1.00000000001263	1.26324875920577e-11	2	0	0	22	5448
SM00757	CRA	1.00000000001263	1.26324875920577e-11	2	0	0	22	5448
SM00580	PUG	1.00000000001263	1.26324875920577e-11	2	0	0	22	5448
SM00661	RPOL9	1.00000000001263	1.26324875920577e-11	2	0	0	22	5448
SM00671	SEL1	1.00000000001263	1.26324875920577e-11	2	0	0	22	5448
SM00956	RQC	1.00000000001263	1.26324875920577e-11	2	0	0	22	5448
SM01271	LSM14	1.00000000001263	1.26324875920577e-11	2	0	0	22	5448
SM00253	SOCS	1.00000000001263	1.26324875920577e-11	2	0	0	22	5448
SM01003	AlaDh_PNT_N	1.00000000001263	1.26324875920577e-11	2	0	0	22	5448
SM00200	SEA	1.00000000001263	1.26324875920577e-11	2	0	0	22	5448
SM00662	RPOLD	1.00000000001263	1.26324875920577e-11	2	0	0	22	5448
SM00394	RIIa	1.00000000001263	1.26324875920577e-11	2	0	0	22	5448
SM00652	eIF1a	1.00000000001263	1.26324875920577e-11	2	0	0	22	5448
SM00300	ChSh	1.00000000001263	1.26324875920577e-11	2	0	0	22	5448
SM00572	DZF	1.00000000001263	1.26324875920577e-11	2	0	0	22	5448
SM01340	DNA_mis_repair	1.00000000001263	1.26324875920577e-11	2	0	0	22	5448
SM00535	RIBOc	1.00000000001263	1.26324875920577e-11	2	0	0	22	5448
SM01246	Josephin	1.00000000001263	1.26324875920577e-11	2	0	0	22	5448
SM01283	Costars	1.00000000001263	1.26324875920577e-11	2	0	0	22	5448
SM00500	SFM	1.00000000001263	1.26324875920577e-11	2	0	0	22	5448
SM00608	ACR	1.00000000001263	1.26324875920577e-11	2	0	0	22	5448
SM01415	DUF106	1.00000000001263	1.26324875920577e-11	2	0	0	22	5448
SM00592	BRK	1.00000000001263	1.26324875920577e-11	2	0	0	22	5448
SM00947	Pro_CA	1.00000000001263	1.26324875920577e-11	2	0	0	22	5448
SM01146	DUF1086	1.00000000001263	1.26324875920577e-11	2	0	0	22	5448
SM01390	Ribosomal_S4	1.00000000001263	1.26324875920577e-11	2	0	0	22	5448
SM00751	BSD	1.00000000001263	1.26324875920577e-11	2	0	0	22	5448
SM00223	APPLE	1.00000000001263	1.26324875920577e-11	2	0	0	22	5448
SM01376	eIF-5a	1.00000000001263	1.26324875920577e-11	2	0	0	22	5448
SM00775	LNS2	1.00000000001263	1.26324875920577e-11	2	0	0	22	5448
SM00167	VPS9	1.00000000001263	1.26324875920577e-11	2	0	0	22	5448
SM00981	THUMP	1.00000000001263	1.26324875920577e-11	2	0	0	22	5448
SM01182	EF-1_beta_acid	1.00000000001263	1.26324875920577e-11	2	0	0	22	5448
SM00437	TOP1Ac	1.00000000001263	1.26324875920577e-11	2	0	0	22	5448
SM01084	CKS	1.00000000001263	1.26324875920577e-11	2	0	0	22	5448
SM01065	CBM_2	1.00000000001263	1.26324875920577e-11	2	0	0	22	5448
SM00649	RL11	1.00000000001263	1.26324875920577e-11	2	0	0	22	5448
SM01263	Leuk-A4-hydro_C	1.00000000001263	1.26324875920577e-11	2	0	0	22	5448
SM01072	CDC48_2	1.00000000001263	1.26324875920577e-11	2	0	0	22	5448
SM00323	RasGAP	1.00000000001263	1.26324875920577e-11	2	0	0	22	5448
SM00695	DUSP	1.00000000001263	1.26324875920577e-11	2	0	0	22	5448
SM00955	RNB	1.00000000001263	1.26324875920577e-11	2	0	0	22	5448
SM00562	NDK	1.00000000001263	1.26324875920577e-11	2	0	0	22	5448
SM01378	Romo1	1.00000000001263	1.26324875920577e-11	2	0	0	22	5448
SM01002	AlaDh_PNT_C	1.00000000001263	1.26324875920577e-11	2	0	0	22	5448
SM00277	GRAN	1.00000000001263	1.26324875920577e-11	2	0	0	22	5448
SM00893	ETF	1.00000000001263	1.26324875920577e-11	2	0	0	22	5448
SM00391	MBD	1.00000000001263	1.26324875920577e-11	2	0	0	22	5448
SM00191	Int_alpha	1.00000000001263	1.26324875920577e-11	2	0	0	22	5448
SM00313	PXA	1.00000000001263	1.26324875920577e-11	2	0	0	22	5448
SM00308	LH2	1.00000000001263	1.26324875920577e-11	2	0	0	22	5448
SM00482	POLAc	1.00000000001263	1.26324875920577e-11	2	0	0	22	5448
SM01407	NAC	1.00000000001263	1.26324875920577e-11	2	0	0	22	5448
SM00255	TIR	1.00000000001263	1.26324875920577e-11	2	0	0	22	5448
SM00436	TOP1Bc	1.00000000001263	1.26324875920577e-11	2	0	0	22	5448
SM00363	S4	1.00000000001263	1.26324875920577e-11	2	0	0	22	5448
SM00101	14_3_3	1.00000000001263	1.26324875920577e-11	2	0	0	22	5448
SM00311	PWI	1.00000000001263	1.26324875920577e-11	2	0	0	22	5448
SM00065	GAF	1.00000000001263	1.26324875920577e-11	2	0	0	22	5448
SM01399	Sybindin	1.00000000001263	1.26324875920577e-11	2	0	0	22	5448
SM00891	ERCC4	1.00000000001263	1.26324875920577e-11	2	0	0	22	5448
SM00086	PAC	1.00000000001263	1.26324875920577e-11	2	0	0	22	5448
SM01339	NODP	1.00000000001263	1.26324875920577e-11	2	0	0	22	5448
SM01370	TAFII55_N	1.00000000001263	1.26324875920577e-11	2	0	0	22	5448
SM00732	YqgFc	1.00000000001263	1.26324875920577e-11	2	0	0	22	5448
SM01194	eRF1_1	1.00000000001263	1.26324875920577e-11	2	0	0	22	5448
SM00202	SR	1.00000000001263	1.26324875920577e-11	2	0	0	22	5448
SM00785	AARP2CN	1.00000000001263	1.26324875920577e-11	2	0	0	22	5448
SM01362	DUF663	1.00000000001263	1.26324875920577e-11	2	0	0	22	5448
SM01010	AMPKBI	1.00000000001263	1.26324875920577e-11	2	0	0	22	5448
SM00545	JmjN	1.00000000001263	1.26324875920577e-11	2	0	0	22	5448
SM00888	EF1_GNE	1.00000000001263	1.26324875920577e-11	2	0	0	22	5448
SM00836	DALR_1	1.00000000001263	1.26324875920577e-11	2	0	0	22	5448
SM00573	HSA	1.00000000001263	1.26324875920577e-11	2	0	0	22	5448
SM01201	FerB	1.00000000001263	1.26324875920577e-11	2	0	0	22	5448
SM00963	SRP54_N	1.00000000001263	1.26324875920577e-11	2	0	0	22	5448
SM00851	MGS	1.00000000001263	1.26324875920577e-11	2	0	0	22	5448
SM00299	CLH	1.00000000001263	1.26324875920577e-11	2	0	0	22	5448
SM00517	PolyA	1.00000000001263	1.26324875920577e-11	2	0	0	22	5448
SM00214	VWC	1.00000000001263	1.26324875920577e-11	2	0	0	22	5448
SM00467	GS	1.00000000001263	1.26324875920577e-11	2	0	0	22	5448
SM01383	Ribosomal_L2	1.00000000001263	1.26324875920577e-11	2	0	0	22	5448
SM00755	Grip	1.00000000001263	1.26324875920577e-11	2	0	0	22	5448
SM00307	ILWEQ	1.00000000001263	1.26324875920577e-11	2	0	0	22	5448
SM00415	HSF	1.00000000001263	1.26324875920577e-11	2	0	0	22	5448
SM00544	MA3	1.00000000001263	1.26324875920577e-11	2	0	0	22	5448
SM01336	zf-PARP	1.00000000001263	1.26324875920577e-11	2	0	0	22	5448
SM01326	PTEN_C2	1.00000000001263	1.26324875920577e-11	2	0	0	22	5448
SM00043	CY	1.00000000001263	1.26324875920577e-11	2	0	0	22	5448
SM00962	SRP54	1.00000000001263	1.26324875920577e-11	2	0	0	22	5448
SM00144	PI3K_rbd	1.00000000001263	1.26324875920577e-11	2	0	0	22	5448
SM00114	CARD	1.00000000001263	1.26324875920577e-11	2	0	0	22	5448
SM00111	C4	1.00000000001263	1.26324875920577e-11	2	0	0	22	5448
SM00219	TyrKc	1.0000000000135	1.34999990373883e-11	67	0	0	22	5448
SM00220	S_TKc	1.00000000001352	1.35225153138962e-11	277	0	0	22	5448
SM00327	VWA	1.00000000001396	1.39643847584246e-11	43	0	0	22	5448
SM00298	CHROMO	1.00000000001416	1.41624204290851e-11	20	0	0	22	5448
SM00133	S_TK_X	1.00000000001416	1.41624204290851e-11	20	0	0	22	5448
SM00181	EGF	1.00000000001482	1.48208538070925e-11	73	0	0	22	5448
SM00100	cNMP	1.00000000001515	1.51512281070651e-11	14	0	0	22	5448
SM00195	DSPc	1.00000000001515	1.51512281070651e-11	14	0	0	22	5448
SM00282	LamG	1.00000000001515	1.51512281070651e-11	14	0	0	22	5448
SM00397	t_SNARE	1.00000000001515	1.51512281070651e-11	14	0	0	22	5448
SM00516	SEC14	1.00000000001515	1.51512281070651e-11	14	0	0	22	5448
SM00443	G_patch	1.00000000001515	1.51512281070651e-11	14	0	0	22	5448
SM00252	SH2	1.0000000000154	1.54030054036538e-11	53	0	0	22	5448
SM00054	EFh	1.0000000000154	1.54030054036538e-11	53	0	0	22	5448
SM00235	ZnMc	1.00000000001611	1.61088616096852e-11	46	0	0	22	5448
SM00156	PP2Ac	1.00000000001624	1.62383860247483e-11	45	0	0	22	5448
SM00028	TPR	1.00000000001624	1.62383860247483e-11	45	0	0	22	5448
SM00228	PDZ	1.00000000001655	1.65503723008105e-11	54	0	0	22	5448
SM00132	LIM	1.00000000001784	1.78415426930028e-11	30	0	0	22	5448
SM00317	SET	1.00000000001784	1.78415426930028e-11	30	0	0	22	5448
SM00404	PTPc_motif	1.00000000001802	1.80211236723759e-11	88	0	0	22	5448
SM00512	Skp1	1.00000000002398	2.39752312127415e-11	22	0	0	22	5448
SM00275	G_alpha	1.00000000002398	2.39752312127415e-11	22	0	0	22	5448
