TermID	Term	Enrichment	logP	Genes in Term	Target Genes in Term	Fraction of Targets in Term	Total Target Genes	Total Genes	Entrez Gene IDs	Gene Symbols
PR00457	ANPEROXIDASE	0.00680718474172805	-4.98977664492162	13	2	0.0869565217391304	23	2330	187708,179880	R08F11.7,hpx-2
PR00473	GALCTOKINASE	0.00987124463521482	-4.6181293306284	1	1	0.0434782608695652	23	2330	171755	tag-96
PR00850	GLHYDRLASE59	0.00987124463521482	-4.6181293306284	1	1	0.0434782608695652	23	2330	183002	C29E4.10
PR00625	JDOMAIN	0.0243664850663232	-3.71454665374076	25	2	0.0869565217391304	23	2330	172173,175540	dnj-4,dnj-16
PR00683	SPECTRINPH	0.0293348403195452	-3.52897937996171	3	1	0.0434782608695652	23	2330	179077	unc-70
PR01130	DERENTRNSPRT	0.0484321493134403	-3.02759144375741	5	1	0.0434782608695652	23	2330	177862	ent-7
PR00111	ABHYDROLASE	0.0484321493134403	-3.02759144375741	5	1	0.0434782608695652	23	2330	178877	abhd-5.2
PR01494	KV9CHANNEL	0.0578455086963255	-2.8499794654121	6	1	0.0434782608695652	23	2330	185719	kvs-3
PR00454	ETSDOMAIN	0.0764057001033051	-2.57169797691075	8	1	0.0434782608695652	23	2330	183631	ets-8
PR00177	NMDARECEPTOR	0.0764057001033051	-2.57169797691075	8	1	0.0434782608695652	23	2330	173929	nmr-1
PR00027	PAIREDBOX	0.0855541363215939	-2.45860593005712	9	1	0.0434782608695652	23	2330	185022	pax-3
PR00756	ALADIPTASE	0.0946158575039263	-2.35793019008072	10	1	0.0434782608695652	23	2330	173297	F49B2.6
PR00205	CADHERIN	0.103591648571718	-2.2672985646482	11	1	0.0434782608695652	23	2330	187783	cdh-1
PR01491	KVCHANNEL	0.103591648571718	-2.2672985646482	11	1	0.0434782608695652	23	2330	185719	kvs-3
PR01301	RGSPROTEIN	0.112482287676079	-2.18495951261239	12	1	0.0434782608695652	23	2330	180840	rgs-6
PR00109	TYRKINASE	0.150403618284479	-1.89443281001323	70	2	0.0869565217391304	23	2330	186632,174501	ver-4,R09D1.12
PR00193	MYOSINHEAVY	0.155684972125194	-1.85992072294298	17	1	0.0434782608695652	23	2330	172698	hum-1
PR00452	SH3DOMAIN	0.196871783594914	-1.62520260683137	22	1	0.0434782608695652	23	2330	172698	hum-1
PR01333	2POREKCHANEL	0.349805711354561	-1.05037738904505	43	1	0.0434782608695652	23	2330	178358	egl-23
PR00080	SDRFAMILY	0.381876688330112	-0.962657527907001	48	1	0.0434782608695652	23	2330	172810	dhs-4
PR00385	P450	0.510902753414229	-0.67157601331908	71	1	0.0434782608695652	23	2330	188362	cyp-13A7
PR00463	EP450I	0.515882495192342	-0.66187626192874	72	1	0.0434782608695652	23	2330	188362	cyp-13A7
PR00081	GDHRDH	0.515882495192342	-0.66187626192874	72	1	0.0434782608695652	23	2330	172810	dhs-4
PR00237	GPCRRHODOPSN	0.771102947180659	-0.259933390103245	144	1	0.0434782608695652	23	2330	183715	dop-4
PR00723	SUBTILISIN	0.99999999999732	-2.67972135168771e-12	5	0	0	23	2330
PR00371	FPNCR	0.99999999999732	-2.67972135168771e-12	5	0	0	23	2330
PR00405	REVINTRACTNG	0.99999999999732	-2.67972135168771e-12	5	0	0	23	2330
PR00661	ERMFAMILY	0.99999999999732	-2.67972135168771e-12	5	0	0	23	2330
PR00249	GPCRSECRETIN	0.99999999999732	-2.67972135168771e-12	5	0	0	23	2330
PR01125	FMOXYGENASE5	0.99999999999732	-2.67972135168771e-12	5	0	0	23	2330
PR00412	EPOXHYDRLASE	0.99999999999732	-2.67972135168771e-12	5	0	0	23	2330
PR00248	GPCRMGR	0.99999999999732	-2.67972135168771e-12	5	0	0	23	2330
PR01609	CD36FAMILY	0.99999999999732	-2.67972135168771e-12	5	0	0	23	2330
PR01349	WNTPROTEIN	0.99999999999732	-2.67972135168771e-12	5	0	0	23	2330
PR00744	GLHYDRLASE37	0.99999999999732	-2.67972135168771e-12	5	0	0	23	2330
PR00800	YHDCRBOXLASE	0.99999999999732	-2.67972135168771e-12	5	0	0	23	2330
PR01625	GSTRNSFRASEO	0.99999999999732	-2.67972135168771e-12	5	0	0	23	2330
PR00347	THAUMATIN	0.99999999999732	-2.67972135168771e-12	5	0	0	23	2330
PR00160	GLUTAREDOXIN	0.99999999999732	-2.67972135168771e-12	5	0	0	23	2330
PR00620	HISTONEH2A	0.99999999999732	-2.67972135168771e-12	5	0	0	23	2330
PR00689	ACOABINDINGP	0.99999999999831	-1.69033101472928e-12	6	0	0	23	2330
PR00387	PDIESTERASE1	0.99999999999831	-1.69033101472928e-12	6	0	0	23	2330
PR00348	UBIQUITIN	0.99999999999831	-1.69033101472928e-12	6	0	0	23	2330
PR00762	CLCHANNEL	0.99999999999831	-1.69033101472928e-12	6	0	0	23	2330
PR00632	SONICHHOG	0.99999999999831	-1.69033101472928e-12	6	0	0	23	2330
PR01657	MCMFAMILY	0.99999999999831	-1.69033101472928e-12	6	0	0	23	2330
PR00399	SYNAPTOTAGMN	0.99999999999831	-1.69033101472928e-12	6	0	0	23	2330
PR00633	RCCNDNSATION	0.99999999999831	-1.69033101472928e-12	6	0	0	23	2330
PR00094	ADENYLTKNASE	0.99999999999831	-1.69033101472928e-12	6	0	0	23	2330
PR01163	BETATUBULIN	0.99999999999831	-1.69033101472928e-12	6	0	0	23	2330
PR00092	TYROSINASE	0.99999999999831	-1.69033101472928e-12	6	0	0	23	2330
PR00390	PHPHLIPASEC	0.99999999999831	-1.69033101472928e-12	6	0	0	23	2330
PR00360	C2DOMAIN	0.99999999999879	-1.2102067291535e-12	11	0	0	23	2330
PR00301	HEATSHOCK70	0.99999999999879	-1.2102067291535e-12	11	0	0	23	2330
PR01271	HISDACETLASE	0.999999999998832	-1.16788409794248e-12	3	0	0	23	2330
PR00790	PAMONOXGNASE	0.999999999998832	-1.16788409794248e-12	3	0	0	23	2330
PR00391	PITRANSFER	0.999999999998832	-1.16788409794248e-12	3	0	0	23	2330
PR00067	CATALASE	0.999999999998832	-1.16788409794248e-12	3	0	0	23	2330
PR00369	FLAVODOXIN	0.999999999998832	-1.16788409794248e-12	3	0	0	23	2330
PR01097	TRNSRECEPTRP	0.999999999998832	-1.16788409794248e-12	3	0	0	23	2330
PR00775	HEATSHOCK90	0.999999999998832	-1.16788409794248e-12	3	0	0	23	2330
PR00305	1433ZETA	0.999999999998832	-1.16788409794248e-12	3	0	0	23	2330
PR00376	IL1BCENZYME	0.999999999998832	-1.16788409794248e-12	3	0	0	23	2330
PR00255	NATPEPTIDER	0.999999999998832	-1.16788409794248e-12	3	0	0	23	2330
PR01463	EAGCHANLFMLY	0.999999999998832	-1.16788409794248e-12	3	0	0	23	2330
PR00319	GPROTEINB	0.999999999998832	-1.16788409794248e-12	3	0	0	23	2330
PR00502	NUDIXFAMILY	0.999999999998832	-1.16788409794248e-12	3	0	0	23	2330
PR01320	KIRCHANNEL	0.999999999998832	-1.16788409794248e-12	3	0	0	23	2330
PR00489	FRIZZLED	0.999999999998832	-1.16788409794248e-12	3	0	0	23	2330
PR01347	EPHRIN	0.999999999998832	-1.16788409794248e-12	3	0	0	23	2330
PR00413	HADHALOGNASE	0.999999999998832	-1.16788409794248e-12	3	0	0	23	2330
PR00075	FACDDSATRASE	0.999999999998832	-1.16788409794248e-12	3	0	0	23	2330
PR00881	L7ARS6FAMILY	0.999999999998832	-1.16788409794248e-12	3	0	0	23	2330
PR00799	TRANSAMINASE	0.999999999998832	-1.16788409794248e-12	3	0	0	23	2330
PR00593	MTABOTROPICR	0.999999999998832	-1.16788409794248e-12	3	0	0	23	2330
PR02050	B14GALTRFASE	0.999999999998832	-1.16788409794248e-12	3	0	0	23	2330
PR00447	NATRESASSCMP	0.999999999998832	-1.16788409794248e-12	3	0	0	23	2330
PR01315	BATTENIN	0.999999999998832	-1.16788409794248e-12	3	0	0	23	2330
PR00195	DYNAMIN	0.999999999998832	-1.16788409794248e-12	3	0	0	23	2330
PR00167	CACHANNEL	0.999999999998832	-1.16788409794248e-12	3	0	0	23	2330
PR01772	JNKMAPKINASE	0.999999999998832	-1.16788409794248e-12	3	0	0	23	2330
PR00389	PHPHLIPASEA2	0.999999999998832	-1.16788409794248e-12	3	0	0	23	2330
PR00372	FYWHYDRXLASE	0.999999999998832	-1.16788409794248e-12	3	0	0	23	2330
PR01857	ADAMTSFAMILY	0.999999999998832	-1.16788409794248e-12	3	0	0	23	2330
PR01259	NACAEXCHNGR	0.999999999998832	-1.16788409794248e-12	3	0	0	23	2330
PR00106	DNAPOLB	0.999999999998832	-1.16788409794248e-12	3	0	0	23	2330
PR00406	CYTB5RDTASE	0.999999999998832	-1.16788409794248e-12	3	0	0	23	2330
PR00243	MUSCARINICR	0.999999999998832	-1.16788409794248e-12	3	0	0	23	2330
PR01498	SHAWCHANNEL	0.999999999998832	-1.16788409794248e-12	3	0	0	23	2330
PR00068	CUZNDISMTASE	0.999999999998832	-1.16788409794248e-12	3	0	0	23	2330
PR00987	TRNASYNTHGLU	0.999999999998832	-1.16788409794248e-12	3	0	0	23	2330
PR00028	POUDOMAIN	0.999999999998832	-1.16788409794248e-12	3	0	0	23	2330
PR00707	UBCTHYDRLASE	0.999999999998832	-1.16788409794248e-12	3	0	0	23	2330
PR00178	FATTYACIDBP	0.999999999998855	-1.14470037459774e-12	10	0	0	23	2330
PR00171	SUGRTRNSPORT	0.999999999998855	-1.14470037459774e-12	10	0	0	23	2330
PR01162	ALPHATUBULIN	0.999999999998855	-1.14470037459774e-12	10	0	0	23	2330
PR01011	GLUTPROXDASE	0.999999999998966	-1.03400837900424e-12	7	0	0	23	2330
PR00441	GPROTEINAI	0.999999999998966	-1.03400837900424e-12	7	0	0	23	2330
PR00370	FMOXYGENASE	0.999999999998966	-1.03400837900424e-12	7	0	0	23	2330
PR00747	GLYHDRLASE47	0.999999999998966	-1.03400837900424e-12	7	0	0	23	2330
PR00190	ACTIN	0.999999999998966	-1.03400837900424e-12	7	0	0	23	2330
PR00138	MATRIXIN	0.999999999998966	-1.03400837900424e-12	7	0	0	23	2330
PR00722	CHYMOTRYPSIN	0.999999999998966	-1.03400837900424e-12	7	0	0	23	2330
PR00837	V5TPXLIKE	0.999999999999058	-9.42306867897138e-13	25	0	0	23	2330
PR01262	INNEXIN	0.999999999999058	-9.42306867897138e-13	25	0	0	23	2330
PR00320	GPROTEINBRPT	0.999999999999135	-8.64643715076776e-13	41	0	0	23	2330
PR01415	ANKYRIN	0.999999999999257	-7.42704836778861e-13	16	0	0	23	2330
PR00926	MITOCARRIER	0.999999999999257	-7.42704836778861e-13	16	0	0	23	2330
PR01161	TUBULIN	0.999999999999257	-7.42704836778861e-13	16	0	0	23	2330
PR00253	GABAARECEPTR	0.999999999999289	-7.10598518390132e-13	37	0	0	23	2330
PR00176	NANEUSMPORT	0.999999999999324	-6.76351740438345e-13	12	0	0	23	2330
PR00765	CRBOXYPTASEA	0.999999999999324	-6.76351740438345e-13	12	0	0	23	2330
PR00069	ALDKETRDTASE	0.999999999999324	-6.76351740438345e-13	12	0	0	23	2330
PR00031	HTHREPRESSR	0.999999999999324	-6.76351740438345e-13	12	0	0	23	2330
PR00700	PRTYPHPHTASE	0.999999999999651	-3.48710453493166e-13	57	0	0	23	2330
PR00838	V5ALLERGEN	0.999999999999795	-2.04896805270964e-13	19	0	0	23	2330
PR00401	SH2DOMAIN	0.999999999999795	-2.04896805270964e-13	19	0	0	23	2330
PR00705	PAPAIN	1.00000000000028	2.79439930747484e-13	20	0	0	23	2330
PR00254	NICOTINICR	1.00000000000028	2.79439930747484e-13	20	0	0	23	2330
PR00759	BASICPTASE	1.00000000000028	2.79439930747484e-13	20	0	0	23	2330
PR00398	STRDHORMONER	1.00000000000048	4.76472781010391e-13	43	0	0	23	2330
PR01078	AMINACHANNEL	1.00000000000049	4.8740682207371e-13	21	0	0	23	2330
PR00699	TMPROTEINSRB	1.0000000000005	5.02126801987095e-13	14	0	0	23	2330
PR00053	FORKHEAD	1.0000000000005	5.02126801987095e-13	14	0	0	23	2330
PR00315	ELONGATNFCT	1.0000000000005	5.02126801987095e-13	14	0	0	23	2330
PR00792	PEPSIN	1.00000000000075	7.53733030965496e-13	17	0	0	23	2330
PR00380	KINESINHEAVY	1.00000000000075	7.53733030965496e-13	17	0	0	23	2330
PR00937	TBOX	1.00000000000075	7.53733030965496e-13	17	0	0	23	2330
PR00261	LDLRECEPTOR	1.00000000000094	9.42681876281438e-13	15	0	0	23	2330
PR00299	ACRYSTALLIN	1.00000000000094	9.42681876281438e-13	15	0	0	23	2330
PR00259	TMFOUR	1.00000000000097	9.73977518790315e-13	13	0	0	23	2330
PR00008	DAGPEDOMAIN	1.00000000000097	9.73977518790315e-13	13	0	0	23	2330
PR00328	SAR1GTPBP	1.00000000000097	9.73977518790315e-13	13	0	0	23	2330
PR00503	BROMODOMAIN	1.00000000000097	9.73977518790315e-13	13	0	0	23	2330
PR00704	CALPAIN	1.00000000000097	9.73977518790315e-13	13	0	0	23	2330
PR01012	NRPEPTIDEYR	1.00000000000097	9.73977518790315e-13	13	0	0	23	2330
PR01043	TRNASYNTHGLY	1.00000000000118	1.18342488586443e-12	1	0	0	23	2330
PR00003	4DISULPHCORE	1.00000000000118	1.18342488586443e-12	1	0	0	23	2330
PR00738	GLHYDRLASE20	1.00000000000118	1.18342488586443e-12	1	0	0	23	2330
PR01868	ABCEFAMILY	1.00000000000118	1.18342488586443e-12	1	0	0	23	2330
PR01243	NUCDPKINASE	1.00000000000118	1.18342488586443e-12	1	0	0	23	2330
PR01047	TRNASYNTHTHR	1.00000000000118	1.18342488586443e-12	1	0	0	23	2330
PR00545	RETINOIDXR	1.00000000000118	1.18342488586443e-12	1	0	0	23	2330
PR01433	POLYCYSTIN2	1.00000000000118	1.18342488586443e-12	1	0	0	23	2330
PR00465	EP450IV	1.00000000000118	1.18342488586443e-12	1	0	0	23	2330
PR00139	ASNGLNASE	1.00000000000118	1.18342488586443e-12	1	0	0	23	2330
PR00975	RIBOSOMALS19	1.00000000000118	1.18342488586443e-12	1	0	0	23	2330
PR00025	ANTENNAPEDIA	1.00000000000118	1.18342488586443e-12	1	0	0	23	2330
PR00321	GPROTEING	1.00000000000118	1.18342488586443e-12	1	0	0	23	2330
PR00298	CHAPERONIN60	1.00000000000118	1.18342488586443e-12	1	0	0	23	2330
PR01470	ERGCHANNEL	1.00000000000118	1.18342488586443e-12	1	0	0	23	2330
PR01797	SAPOSIN	1.00000000000118	1.18342488586443e-12	1	0	0	23	2330
PR00414	PPTHIESTRASE	1.00000000000118	1.18342488586443e-12	1	0	0	23	2330
PR01088	NAHEXCHNGR6	1.00000000000118	1.18342488586443e-12	1	0	0	23	2330
PR00978	STARPROTEIN	1.00000000000118	1.18342488586443e-12	1	0	0	23	2330
PR00720	MAMMALPTPASE	1.00000000000118	1.18342488586443e-12	1	0	0	23	2330
PR00220	SYNAPTOPHYSN	1.00000000000118	1.18342488586443e-12	1	0	0	23	2330
PR00983	TRNASYNTHCYS	1.00000000000118	1.18342488586443e-12	1	0	0	23	2330
PR01716	DEATHASSOCP3	1.00000000000118	1.18342488586443e-12	1	0	0	23	2330
PR00082	GLFDHDRGNASE	1.00000000000118	1.18342488586443e-12	1	0	0	23	2330
PR00071	HMGCOARDTASE	1.00000000000118	1.18342488586443e-12	1	0	0	23	2330
PR01848	U2AUXFACTOR	1.00000000000118	1.18342488586443e-12	1	0	0	23	2330
PR00932	AMINO1PTASE	1.00000000000118	1.18342488586443e-12	1	0	0	23	2330
PR00072	MALOXRDTASE	1.00000000000118	1.18342488586443e-12	1	0	0	23	2330
PR00741	GLHYDRLASE29	1.00000000000118	1.18342488586443e-12	1	0	0	23	2330
PR00989	ADENOKINASE	1.00000000000118	1.18342488586443e-12	1	0	0	23	2330
PR00779	INSP3RECEPTR	1.00000000000118	1.18342488586443e-12	1	0	0	23	2330
PR01164	GAMMATUBULIN	1.00000000000118	1.18342488586443e-12	1	0	0	23	2330
PR00332	HISTRIAD	1.00000000000118	1.18342488586443e-12	1	0	0	23	2330
PR00867	DNAPOLG	1.00000000000118	1.18342488586443e-12	1	0	0	23	2330
PR01629	TVDCCALPHA1	1.00000000000118	1.18342488586443e-12	1	0	0	23	2330
PR00623	HISTONEH4	1.00000000000118	1.18342488586443e-12	1	0	0	23	2330
PR00076	6PGDHDRGNASE	1.00000000000118	1.18342488586443e-12	1	0	0	23	2330
PR00217	POSTSYNAPTIC	1.00000000000118	1.18342488586443e-12	1	0	0	23	2330
PR01348	ICLNCHANNEL	1.00000000000118	1.18342488586443e-12	1	0	0	23	2330
PR00373	GLYCHORMONER	1.00000000000118	1.18342488586443e-12	1	0	0	23	2330
PR00960	LMBPPROTEIN	1.00000000000118	1.18342488586443e-12	1	0	0	23	2330
PR01849	UBIQUITINACT	1.00000000000118	1.18342488586443e-12	1	0	0	23	2330
PR00882	RIBOSOMALL7A	1.00000000000118	1.18342488586443e-12	1	0	0	23	2330
PR00052	FIBRILLARIN	1.00000000000118	1.18342488586443e-12	1	0	0	23	2330
PR01101	5HTRECEPTOR	1.00000000000118	1.18342488586443e-12	1	0	0	23	2330
PR01365	TELOMERASERT	1.00000000000118	1.18342488586443e-12	1	0	0	23	2330
PR00728	SIGNALPTASE	1.00000000000118	1.18342488586443e-12	1	0	0	23	2330
PR00322	G10	1.00000000000118	1.18342488586443e-12	1	0	0	23	2330
PR00442	GPROTEINAQ	1.00000000000118	1.18342488586443e-12	1	0	0	23	2330
PR00302	LUPUSLA	1.00000000000118	1.18342488586443e-12	1	0	0	23	2330
PR01846	TRHRFAMILY	1.00000000000118	1.18342488586443e-12	1	0	0	23	2330
PR00474	GLU5KINASE	1.00000000000118	1.18342488586443e-12	1	0	0	23	2330
PR01550	TOP6AFAMILY	1.00000000000118	1.18342488586443e-12	1	0	0	23	2330
PR00600	PP2APR55	1.00000000000118	1.18342488586443e-12	1	0	0	23	2330
PR01368	SYNAPSIN	1.00000000000118	1.18342488586443e-12	1	0	0	23	2330
PR00125	ATPASEDELTA	1.00000000000118	1.18342488586443e-12	1	0	0	23	2330
PR01640	PROFILINPLNT	1.00000000000118	1.18342488586443e-12	1	0	0	23	2330
PR01873	CYTCOXIDASE4	1.00000000000118	1.18342488586443e-12	1	0	0	23	2330
PR01653	TCTPROTEIN	1.00000000000118	1.18342488586443e-12	1	0	0	23	2330
PR00192	FACTINCAPB	1.00000000000118	1.18342488586443e-12	1	0	0	23	2330
PR01232	NAHCO3TRSPRT	1.00000000000118	1.18342488586443e-12	1	0	0	23	2330
PR01586	TWIKCHANNEL	1.00000000000118	1.18342488586443e-12	1	0	0	23	2330
PR01748	AP2TNSCPFCT	1.00000000000118	1.18342488586443e-12	1	0	0	23	2330
PR00773	GRPEPROTEIN	1.00000000000118	1.18342488586443e-12	1	0	0	23	2330
PR00492	RHOGDI	1.00000000000118	1.18342488586443e-12	1	0	0	23	2330
PR01838	NCAMFAMILY	1.00000000000118	1.18342488586443e-12	1	0	0	23	2330
PR01551	SPO11HOMOLOG	1.00000000000118	1.18342488586443e-12	1	0	0	23	2330
PR00162	RIESKE	1.00000000000118	1.18342488586443e-12	1	0	0	23	2330
PR00148	ENOLASE	1.00000000000118	1.18342488586443e-12	1	0	0	23	2330
PR01698	CYTOFMRPINTP	1.00000000000118	1.18342488586443e-12	1	0	0	23	2330
PR01658	MCMPROTEIN2	1.00000000000118	1.18342488586443e-12	1	0	0	23	2330
PR00961	HUDSXLRNA	1.00000000000118	1.18342488586443e-12	1	0	0	23	2330
PR00297	CHAPERONIN10	1.00000000000118	1.18342488586443e-12	1	0	0	23	2330
PR01662	MCMPROTEIN6	1.00000000000118	1.18342488586443e-12	1	0	0	23	2330
PR00627	GTPRANTC4	1.00000000000118	1.18342488586443e-12	1	0	0	23	2330
PR00185	EUKARYTPORIN	1.00000000000118	1.18342488586443e-12	1	0	0	23	2330
PR00896	VASOPRESSINR	1.00000000000118	1.18342488586443e-12	1	0	0	23	2330
PR00443	GPROTEINAS	1.00000000000118	1.18342488586443e-12	1	0	0	23	2330
PR01663	MCMPROTEIN7	1.00000000000118	1.18342488586443e-12	1	0	0	23	2330
PR00041	LEUZIPPRCREB	1.00000000000118	1.18342488586443e-12	1	0	0	23	2330
PR00967	ONCOGENEAML1	1.00000000000118	1.18342488586443e-12	1	0	0	23	2330
PR01839	RAD23PROTEIN	1.00000000000118	1.18342488586443e-12	1	0	0	23	2330
PR00392	PROFILIN	1.00000000000118	1.18342488586443e-12	1	0	0	23	2330
PR01405	TETRPHPHTASE	1.00000000000118	1.18342488586443e-12	1	0	0	23	2330
PR00662	G6PISOMERASE	1.00000000000118	1.18342488586443e-12	1	0	0	23	2330
PR00982	TRNASYNTHLYS	1.00000000000118	1.18342488586443e-12	1	0	0	23	2330
PR00416	EUTPISMRASEI	1.00000000000118	1.18342488586443e-12	1	0	0	23	2330
PR00664	OCTOPAMINER	1.00000000000118	1.18342488586443e-12	1	0	0	23	2330
PR00110	ALPHAAMYLASE	1.00000000000118	1.18342488586443e-12	1	0	0	23	2330
PR01245	RAD1REC1	1.00000000000118	1.18342488586443e-12	1	0	0	23	2330
PR00979	TAFAZZIN	1.00000000000118	1.18342488586443e-12	1	0	0	23	2330
PR00351	OM20RECEPTOR	1.00000000000118	1.18342488586443e-12	1	0	0	23	2330
PR00973	RIBOSOMALS17	1.00000000000118	1.18342488586443e-12	1	0	0	23	2330
PR00065	TEADOMAIN	1.00000000000118	1.18342488586443e-12	1	0	0	23	2330
PR00791	PEPDIPTASEA	1.00000000000118	1.18342488586443e-12	1	0	0	23	2330
PR01546	YEAST73DUF	1.00000000000118	1.18342488586443e-12	1	0	0	23	2330
PR01250	RIBOSOMALL34	1.00000000000118	1.18342488586443e-12	1	0	0	23	2330
PR00846	GLHYDRLASE56	1.00000000000118	1.18342488586443e-12	1	0	0	23	2330
PR00079	G6PDHDRGNASE	1.00000000000118	1.18342488586443e-12	1	0	0	23	2330
PR01760	DISHEVELLED	1.00000000000118	1.18342488586443e-12	1	0	0	23	2330
PR01075	PRESENILNSEL	1.00000000000118	1.18342488586443e-12	1	0	0	23	2330
PR00124	ATPASEC	1.00000000000118	1.18342488586443e-12	1	0	0	23	2330
PR02031	CYSSERRICHNP	1.00000000000118	1.18342488586443e-12	1	0	0	23	2330
PR00378	LIIMPHPHTASE	1.00000000000118	1.18342488586443e-12	1	0	0	23	2330
PR01854	BR22PROTEIN	1.00000000000118	1.18342488586443e-12	1	0	0	23	2330
PR02012	RCMTNOP2	1.00000000000118	1.18342488586443e-12	1	0	0	23	2330
PR00928	GRAVESDC	1.00000000000118	1.18342488586443e-12	1	0	0	23	2330
PR00355	ADRENODOXIN	1.00000000000118	1.18342488586443e-12	1	0	0	23	2330
PR01475	PARKIN	1.00000000000118	1.18342488586443e-12	1	0	0	23	2330
PR01183	RIBORDTASEM1	1.00000000000118	1.18342488586443e-12	1	0	0	23	2330
PR01049	PHOSPHBKNASE	1.00000000000118	1.18342488586443e-12	1	0	0	23	2330
PR01034	RIBOSOMALS12	1.00000000000118	1.18342488586443e-12	1	0	0	23	2330
PR00440	GPROTEINA12	1.00000000000118	1.18342488586443e-12	1	0	0	23	2330
PR01802	SYNEMBRYN	1.00000000000118	1.18342488586443e-12	1	0	0	23	2330
PR00472	CASNKINASEII	1.00000000000118	1.18342488586443e-12	1	0	0	23	2330
PR00456	RIBOSOMALP2	1.00000000000118	1.18342488586443e-12	1	0	0	23	2330
PR00740	GLHYDRLASE27	1.00000000000118	1.18342488586443e-12	1	0	0	23	2330
PR02011	RCMTNCL1	1.00000000000118	1.18342488586443e-12	1	0	0	23	2330
PR00104	CGMPKINASE	1.00000000000118	1.18342488586443e-12	1	0	0	23	2330
PR01588	THIKCHANNEL	1.00000000000118	1.18342488586443e-12	1	0	0	23	2330
PR01000	SREBPS2PTASE	1.00000000000118	1.18342488586443e-12	1	0	0	23	2330
PR00971	RIBOSOMALS10	1.00000000000118	1.18342488586443e-12	1	0	0	23	2330
PR00972	RIBSOMALS12E	1.00000000000118	1.18342488586443e-12	1	0	0	23	2330
PR01770	ERK1ERK2MAPK	1.00000000000118	1.18342488586443e-12	1	0	0	23	2330
PR00115	F16BPHPHTASE	1.00000000000118	1.18342488586443e-12	1	0	0	23	2330
PR01218	PSTLEXTENSIN	1.00000000000118	1.18342488586443e-12	1	0	0	23	2330
PR01464	EAGCHANNEL	1.00000000000118	1.18342488586443e-12	1	0	0	23	2330
PR00085	THFDHDRGNASE	1.00000000000118	1.18342488586443e-12	1	0	0	23	2330
PR00719	LMWPTPASE	1.00000000000118	1.18342488586443e-12	1	0	0	23	2330
PR01850	GROUCHOFAMLY	1.00000000000118	1.18342488586443e-12	1	0	0	23	2330
PR01443	TFIID30KDSUB	1.00000000000118	1.18342488586443e-12	1	0	0	23	2330
PR01659	MCMPROTEIN3	1.00000000000118	1.18342488586443e-12	1	0	0	23	2330
PR01692	LIPOCALINIMR	1.00000000000118	1.18342488586443e-12	1	0	0	23	2330
PR00784	MTUNCOUPLING	1.00000000000118	1.18342488586443e-12	1	0	0	23	2330
PR00044	LEUZIPPRMYC	1.00000000000118	1.18342488586443e-12	1	0	0	23	2330
PR00056	HSFDOMAIN	1.00000000000118	1.18342488586443e-12	1	0	0	23	2330
PR00785	NCTRNSLOCATR	1.00000000000118	1.18342488586443e-12	1	0	0	23	2330
PR00194	TROPOMYOSIN	1.00000000000118	1.18342488586443e-12	1	0	0	23	2330
PR00339	PCNACYCLIN	1.00000000000118	1.18342488586443e-12	1	0	0	23	2330
PR00990	RIBOKINASE	1.00000000000118	1.18342488586443e-12	1	0	0	23	2330
PR00938	BRACHYURY	1.00000000000118	1.18342488586443e-12	1	0	0	23	2330
PR00663	GALANINR	1.00000000000118	1.18342488586443e-12	1	0	0	23	2330
PR00127	CLPPROTEASEP	1.00000000000118	1.18342488586443e-12	1	0	0	23	2330
PR00985	TRNASYNTHLEU	1.00000000000118	1.18342488586443e-12	1	0	0	23	2330
PR00276	INSULINFAMLY	1.00000000000118	1.18342488586443e-12	1	0	0	23	2330
PR01251	AMPHIPHYSIN	1.00000000000118	1.18342488586443e-12	1	0	0	23	2330
PR00058	RIBOSOMALL5	1.00000000000118	1.18342488586443e-12	1	0	0	23	2330
PR00098	CPSASE	1.00000000000118	1.18342488586443e-12	1	0	0	23	2330
PR00309	ARRESTIN	1.00000000000118	1.18342488586443e-12	1	0	0	23	2330
PR00086	LLDHDRGNASE	1.00000000000118	1.18342488586443e-12	1	0	0	23	2330
PR00143	CITRTSNTHASE	1.00000000000118	1.18342488586443e-12	1	0	0	23	2330
PR00132	GLHYDRLASE2	1.00000000000118	1.18342488586443e-12	1	0	0	23	2330
PR00767	DBMONOXGNASE	1.00000000000118	1.18342488586443e-12	1	0	0	23	2330
PR00868	DNAPOLI	1.00000000000118	1.18342488586443e-12	1	0	0	23	2330
PR00904	FRATAXIN	1.00000000000118	1.18342488586443e-12	1	0	0	23	2330
PR00154	AMPBINDING	1.00000000000118	1.18342488586443e-12	1	0	0	23	2330
PR00603	CYTOCHROMEC1	1.00000000000118	1.18342488586443e-12	1	0	0	23	2330
PR00477	PHGLYCKINASE	1.00000000000118	1.18342488586443e-12	1	0	0	23	2330
PR00191	FACTINCAPA	1.00000000000118	1.18342488586443e-12	1	0	0	23	2330
PR00448	NSFATTACHMNT	1.00000000000118	1.18342488586443e-12	1	0	0	23	2330
PR00043	LEUZIPPRJUN	1.00000000000118	1.18342488586443e-12	1	0	0	23	2330
PR00464	EP450II	1.00000000000118	1.18342488586443e-12	1	0	0	23	2330
PR00108	THYMDSNTHASE	1.00000000000118	1.18342488586443e-12	1	0	0	23	2330
PR00203	AMYLOIDA4	1.00000000000118	1.18342488586443e-12	1	0	0	23	2330
PR01630	LVDCCALPHA1	1.00000000000118	1.18342488586443e-12	1	0	0	23	2330
PR01989	EUOM20RECPTR	1.00000000000118	1.18342488586443e-12	1	0	0	23	2330
PR00126	ATPASEGAMMA	1.00000000000118	1.18342488586443e-12	1	0	0	23	2330
PR00100	AOTCASE	1.00000000000118	1.18342488586443e-12	1	0	0	23	2330
PR01661	MCMPROTEIN5	1.00000000000118	1.18342488586443e-12	1	0	0	23	2330
PR01497	SHALCHANNEL	1.00000000000118	1.18342488586443e-12	1	0	0	23	2330
PR01738	RNABINDINGM8	1.00000000000118	1.18342488586443e-12	1	0	0	23	2330
PR00407	EUMOPTERIN	1.00000000000118	1.18342488586443e-12	1	0	0	23	2330
PR00336	LYSASSOCTDMP	1.00000000000118	1.18342488586443e-12	1	0	0	23	2330
PR01246	RAD1REPAIR	1.00000000000118	1.18342488586443e-12	1	0	0	23	2330
PR01660	MCMPROTEIN4	1.00000000000118	1.18342488586443e-12	1	0	0	23	2330
PR00318	GPROTEINA	1.00000000000128	1.27990952441991e-12	22	0	0	23	2330
PR00935	BAND41	1.00000000000145	1.44527837255538e-12	8	0	0	23	2330
PR00624	HISTONEH5	1.00000000000145	1.44527837255538e-12	8	0	0	23	2330
PR01270	HDASUPER	1.00000000000145	1.44527837255538e-12	8	0	0	23	2330
PR00619	GATAZNFINGER	1.00000000000145	1.44527837255538e-12	8	0	0	23	2330
PR00219	SYNAPTOBREVN	1.00000000000145	1.44527837255538e-12	8	0	0	23	2330
PR00786	NEPRILYSIN	1.00000000000145	1.44527837255538e-12	8	0	0	23	2330
PR00927	ADPTRNSLCASE	1.00000000000145	1.44527837255538e-12	8	0	0	23	2330
PR00721	STOMATIN	1.00000000000145	1.44527837255538e-12	8	0	0	23	2330
PR00326	GTP1OBG	1.00000000000169	1.69029022035806e-12	9	0	0	23	2330
PR01084	NAHEXCHNGR	1.00000000000169	1.69029022035806e-12	9	0	0	23	2330
PR00724	CRBOXYPTASEC	1.00000000000169	1.69029022035806e-12	9	0	0	23	2330
PR01095	TASKCHANNEL	1.00000000000169	1.69029022035806e-12	9	0	0	23	2330
PR00304	TCOMPLEXTCP1	1.00000000000169	1.69029022035806e-12	9	0	0	23	2330
PR00783	MINTRINSICP	1.00000000000169	1.69029022035806e-12	9	0	0	23	2330
PR00622	HISTONEH3	1.00000000000169	1.69029022035806e-12	9	0	0	23	2330
PR00883	NUCLEARHMG	1.0000000000018	1.79654437214381e-12	2	0	0	23	2330
PR00122	VACATPASE	1.0000000000018	1.79654437214381e-12	2	0	0	23	2330
PR00120	HATPASE	1.0000000000018	1.79654437214381e-12	2	0	0	23	2330
PR00702	ACRIFLAVINRP	1.0000000000018	1.79654437214381e-12	2	0	0	23	2330
PR00476	PHFRCTKINASE	1.0000000000018	1.79654437214381e-12	2	0	0	23	2330
PR01822	CCYSTOKININR	1.0000000000018	1.79654437214381e-12	2	0	0	23	2330
PR01773	P38MAPKINASE	1.0000000000018	1.79654437214381e-12	2	0	0	23	2330
PR01186	INTEGRINB	1.0000000000018	1.79654437214381e-12	2	0	0	23	2330
PR00415	ACONITASE	1.0000000000018	1.79654437214381e-12	2	0	0	23	2330
PR00742	GLHYDRLASE35	1.0000000000018	1.79654437214381e-12	2	0	0	23	2330
PR00962	LETHAL2GIANT	1.0000000000018	1.79654437214381e-12	2	0	0	23	2330
PR00986	TRNASYNTHVAL	1.0000000000018	1.79654437214381e-12	2	0	0	23	2330
PR00679	PROHIBITIN	1.0000000000018	1.79654437214381e-12	2	0	0	23	2330
PR01268	GSTRNSFRASEP	1.0000000000018	1.79654437214381e-12	2	0	0	23	2330
PR01703	MNSODISMTASE	1.0000000000018	1.79654437214381e-12	2	0	0	23	2330
PR00604	CYTCHRMECIAB	1.0000000000018	1.79654437214381e-12	2	0	0	23	2330
PR01182	ORNDCRBXLASE	1.0000000000018	1.79654437214381e-12	2	0	0	23	2330
PR00141	PROTEASOME	1.0000000000018	1.79654437214381e-12	2	0	0	23	2330
PR00805	ALPHACATENIN	1.0000000000018	1.79654437214381e-12	2	0	0	23	2330
PR01185	INTEGRINA	1.0000000000018	1.79654437214381e-12	2	0	0	23	2330
PR00653	ACTIVIN2R	1.0000000000018	1.79654437214381e-12	2	0	0	23	2330
PR01179	ODADCRBXLASE	1.0000000000018	1.79654437214381e-12	2	0	0	23	2330
PR00991	6PFRUCTKNASE	1.0000000000018	1.79654437214381e-12	2	0	0	23	2330
PR01072	PRESENILIN	1.0000000000018	1.79654437214381e-12	2	0	0	23	2330
PR01039	TRNASYNTHTRP	1.0000000000018	1.79654437214381e-12	2	0	0	23	2330
PR00616	CCAATSUBUNTB	1.0000000000018	1.79654437214381e-12	2	0	0	23	2330
PR00377	IMPHPHTASES	1.0000000000018	1.79654437214381e-12	2	0	0	23	2330
PR00509	PGMPMM	1.0000000000018	1.79654437214381e-12	2	0	0	23	2330
PR00981	TRNASYNTHSER	1.0000000000018	1.79654437214381e-12	2	0	0	23	2330
PR01764	MAPKPHPHTASE	1.0000000000018	1.79654437214381e-12	2	0	0	23	2330
PR01459	KCNQCHANNEL	1.0000000000018	1.79654437214381e-12	2	0	0	23	2330
PR00714	MAN6PISMRASE	1.0000000000018	1.79654437214381e-12	2	0	0	23	2330
PR00149	FUMRATELYASE	1.0000000000018	1.79654437214381e-12	2	0	0	23	2330
PR01869	BCATNINFAMLY	1.0000000000018	1.79654437214381e-12	2	0	0	23	2330
PR00686	TIFACTORIID	1.0000000000018	1.79654437214381e-12	2	0	0	23	2330
PR00597	GELSOLIN	1.0000000000018	1.79654437214381e-12	2	0	0	23	2330
PR00892	RABGDI	1.0000000000018	1.79654437214381e-12	2	0	0	23	2330
PR00626	CALRETICULIN	1.0000000000018	1.79654437214381e-12	2	0	0	23	2330
PR01038	TRNASYNTHARG	1.0000000000018	1.79654437214381e-12	2	0	0	23	2330
PR01040	TRNASYNTHTYR	1.0000000000018	1.79654437214381e-12	2	0	0	23	2330
PR00189	TRNSTHYRETIN	1.0000000000018	1.79654437214381e-12	2	0	0	23	2330
PR00296	CYCLINKINASE	1.0000000000018	1.79654437214381e-12	2	0	0	23	2330
PR01908	ADSPHPHTASE	1.0000000000018	1.79654437214381e-12	2	0	0	23	2330
PR00717	GPCRKINASE	1.0000000000018	1.79654437214381e-12	2	0	0	23	2330
PR00381	KINESINLIGHT	1.0000000000018	1.79654437214381e-12	2	0	0	23	2330
PR00776	HEMOGLOBNASE	1.0000000000018	1.79654437214381e-12	2	0	0	23	2330
PR01046	TRNASYNTHPRO	1.0000000000018	1.79654437214381e-12	2	0	0	23	2330
PR00887	SSRCOGNITION	1.0000000000018	1.79654437214381e-12	2	0	0	23	2330
PR00395	RIBOSOMALS2	1.0000000000018	1.79654437214381e-12	2	0	0	23	2330
PR00599	MAPEPTIDASE	1.0000000000018	1.79654437214381e-12	2	0	0	23	2330
PR01626	LCACHANNELB	1.0000000000018	1.79654437214381e-12	2	0	0	23	2330
PR00481	LAMNOPPTDASE	1.0000000000018	1.79654437214381e-12	2	0	0	23	2330
PR01001	FADG3PDH	1.0000000000018	1.79654437214381e-12	2	0	0	23	2330
PR00131	GLHYDRLASE1	1.0000000000018	1.79654437214381e-12	2	0	0	23	2330
PR00504	CHROMODOMAIN	1.0000000000018	1.79654437214381e-12	2	0	0	23	2330
PR01035	TCRTETA	1.0000000000018	1.79654437214381e-12	2	0	0	23	2330
PR00404	MADSDOMAIN	1.0000000000018	1.79654437214381e-12	2	0	0	23	2330
PR00342	RHESUSRHD	1.0000000000018	1.79654437214381e-12	2	0	0	23	2330
PR00660	ERLUMENR	1.0000000000018	1.79654437214381e-12	2	0	0	23	2330
PR01041	TRNASYNTHMET	1.0000000000018	1.79654437214381e-12	2	0	0	23	2330
PR01160	GABAARBETA	1.0000000000018	1.79654437214381e-12	2	0	0	23	2330
PR00876	MTNEMATODE	1.0000000000018	1.79654437214381e-12	2	0	0	23	2330
PR00891	RABGDIREP	1.0000000000018	1.79654437214381e-12	2	0	0	23	2330
PR01452	LNOTCHREPEAT	1.0000000000018	1.79654437214381e-12	2	0	0	23	2330
PR01573	SUPERTUBBY	1.0000000000018	1.79654437214381e-12	2	0	0	23	2330
PR00984	TRNASYNTHILE	1.0000000000018	1.79654437214381e-12	2	0	0	23	2330
PR00417	PRTPISMRASEI	1.0000000000018	1.79654437214381e-12	2	0	0	23	2330
PR01050	PYRUVTKNASE	1.0000000000018	1.79654437214381e-12	2	0	0	23	2330
PR00077	GPDHDRGNASE	1.0000000000018	1.79654437214381e-12	2	0	0	23	2330
PR00727	LEADERPTASE	1.0000000000018	1.79654437214381e-12	2	0	0	23	2330
PR00789	OSIALOPTASE	1.0000000000018	1.79654437214381e-12	2	0	0	23	2330
PR00685	TIFACTORIIB	1.0000000000018	1.79654437214381e-12	2	0	0	23	2330
PR00980	TRNASYNTHALA	1.0000000000018	1.79654437214381e-12	2	0	0	23	2330
PR00024	HOMEOBOX	1.00000000000208	2.07817005252185e-12	26	0	0	23	2330
PR00114	STPHPHTASE	1.00000000000208	2.08193716079042e-12	45	0	0	23	2330
PR00196	ANNEXIN	1.00000000000315	3.14624072328728e-12	4	0	0	23	2330
PR02008	RCMTFAMILY	1.00000000000315	3.14624072328728e-12	4	0	0	23	2330
PR02095	TRNSPORTRHRG	1.00000000000315	3.14624072328728e-12	4	0	0	23	2330
PR00363	CYTOCHROMEB5	1.00000000000315	3.14624072328728e-12	4	0	0	23	2330
PR00300	CLPPROTEASEA	1.00000000000315	3.14624072328728e-12	4	0	0	23	2330
PR00853	XPGRADSUPER	1.00000000000315	3.14624072328728e-12	4	0	0	23	2330
PR00621	HISTONEH2B	1.00000000000315	3.14624072328728e-12	4	0	0	23	2330
PR00878	CHOLNESTRASE	1.00000000000315	3.14624072328728e-12	4	0	0	23	2330
PR00929	ATHOOK	1.00000000000315	3.14624072328728e-12	4	0	0	23	2330
PR00050	COLDSHOCK	1.00000000000315	3.14624072328728e-12	4	0	0	23	2330
PR01042	TRNASYNTHASP	1.00000000000315	3.14624072328728e-12	4	0	0	23	2330
PR00078	G3PDHDRGNASE	1.00000000000315	3.14624072328728e-12	4	0	0	23	2330
PR00716	MPIPHPHTASE	1.00000000000315	3.14624072328728e-12	4	0	0	23	2330
PR00314	CLATHRINADPT	1.00000000000315	3.14624072328728e-12	4	0	0	23	2330
PR01231	HCO3TRNSPORT	1.00000000000315	3.14624072328728e-12	4	0	0	23	2330
PR00843	GLHYDRLASE30	1.00000000000315	3.14624072328728e-12	4	0	0	23	2330
PR00888	SM22CALPONIN	1.00000000000315	3.14624072328728e-12	4	0	0	23	2330
PR00697	TMPROTEINSRA	1.00000000000333	3.3295533834756e-12	29	0	0	23	2330
PR00153	CSAPPISMRASE	1.00000000000379	3.78697783928037e-12	18	0	0	23	2330
PR00252	NRIONCHANNEL	1.00000000000449	4.49091292054754e-12	84	0	0	23	2330
PR00698	TMPROTEINSRG	1.00000000000453	4.53214292345295e-12	39	0	0	23	2330
PR00480	ASTACIN	1.00000000000453	4.53214292345295e-12	39	0	0	23	2330
PR00047	STROIDFINGER	1.00000000001673	1.67283721777627e-11	231	0	0	23	2330
