TermID	Term	Enrichment	logP	Genes in Term	Target Genes in Term	Fraction of Targets in Term	Total Target Genes	Total Genes	Entrez Gene IDs	Gene Symbols
PR00380	KINESINHEAVY	0.00269893730745272	-5.91489717328099	17	3	0.075	40	2330	176179,177474,176511	unc-116,klp-18,klp-7
PR00320	GPROTEINBRPT	0.00477279823287258	-5.34482251445348	41	4	0.1	40	2330	176758,177779,173461,174803	lis-1,copb-2,T02H6.1,gpb-1
PR00318	GPROTEINA	0.00575914436438523	-5.15696636315845	22	3	0.075	40	2330	171751,171687,172505	egl-30,gsa-1,goa-1
PR00194	TROPOMYOSIN	0.0171673819742831	-4.06474409244382	1	1	0.025	40	2330	173319	lev-11
PR00298	CHAPERONIN60	0.0171673819742831	-4.06474409244382	1	1	0.025	40	2330	175316	hsp-60
PR00983	TRNASYNTHCYS	0.0171673819742831	-4.06474409244382	1	1	0.025	40	2330	171821	cars-1
PR00961	HUDSXLRNA	0.0171673819742831	-4.06474409244382	1	1	0.025	40	2330	174506	exc-7
PR00443	GPROTEINAS	0.0171673819742831	-4.06474409244382	1	1	0.025	40	2330	171687	gsa-1
PR00442	GPROTEINAQ	0.0171673819742831	-4.06474409244382	1	1	0.025	40	2330	171751	egl-30
PR00599	MAPEPTIDASE	0.0340472895397919	-3.38000485191065	2	1	0.025	40	2330	178468	map-2
PR01764	MAPKPHPHTASE	0.0340472895397919	-3.38000485191065	2	1	0.025	40	2330	191704	lip-1
PR01908	ADSPHPHTASE	0.0340472895397919	-3.38000485191065	2	1	0.025	40	2330	191704	lip-1
PR00195	DYNAMIN	0.0506444151493018	-2.98292631795425	3	1	0.025	40	2330	181644	dyn-1
PR01259	NACAEXCHNGR	0.0506444151493018	-2.98292631795425	3	1	0.025	40	2330	178918	ncx-2
PR00319	GPROTEINB	0.0506444151493018	-2.98292631795425	3	1	0.025	40	2330	174803	gpb-1
PR00314	CLATHRINADPT	0.0669633766425889	-2.70360942631565	4	1	0.025	40	2330	180713	dpy-23
PR00050	COLDSHOCK	0.0669633766425889	-2.70360942631565	4	1	0.025	40	2330	174690	cey-1
PR00625	JDOMAIN	0.0672578203687105	-2.69922197925055	25	2	0.05	40	2330	3565862,175745	dnj-19,dnj-24
PR00248	GPCRMGR	0.0830087184027689	-2.48880963570474	5	1	0.025	40	2330	177627	F35H10.10
PR00723	SUBTILISIN	0.0830087184027689	-2.48880963570474	5	1	0.025	40	2330	173051	kpc-1
PR00405	REVINTRACTNG	0.0830087184027689	-2.48880963570474	5	1	0.025	40	2330	174848	cnt-1
PR00387	PDIESTERASE1	0.0987849124944962	-2.31481039343488	6	1	0.025	40	2330	174235	pde-4
PR00190	ACTIN	0.11429635978447	-2.16896055659343	7	1	0.025	40	2330	175162	arp-1
PR00441	GPROTEINAI	0.11429635978447	-2.16896055659343	7	1	0.025	40	2330	172505	goa-1
PR00027	PAIREDBOX	0.144542268025539	-1.93418330191556	9	1	0.025	40	2330	181251	vab-3
PR00304	TCOMPLEXTCP1	0.144542268025539	-1.93418330191556	9	1	0.025	40	2330	175316	hsp-60
PR00114	STPHPHTASE	0.179778452594085	-1.71603000509339	45	2	0.05	40	2330	178117,180263	let-92,pph-5
PR00503	BROMODOMAIN	0.202043112650773	-1.59927417538943	13	1	0.025	40	2330	173257	taf-1
PR00704	CALPAIN	0.202043112650773	-1.59927417538943	13	1	0.025	40	2330	176122	clp-1
PR00008	DAGPEDOMAIN	0.202043112650773	-1.59927417538943	13	1	0.025	40	2330	176825	tpa-1
PR00259	TMFOUR	0.202043112650773	-1.59927417538943	13	1	0.025	40	2330	180761	tsp-14
PR00315	ELONGATNFCT	0.215818803411835	-1.53331609644226	14	1	0.025	40	2330	181044	eef-1A.2
PR00261	LDLRECEPTOR	0.229362520106083	-1.47245146991035	15	1	0.025	40	2330	174116	T13C2.6
PR00401	SH2DOMAIN	0.281292894240838	-1.2683588242361	19	1	0.025	40	2330	3565745	shc-1
PR00398	STRDHORMONER	0.528323093066009	-0.638047263736149	43	1	0.025	40	2330	172460	nhr-23
PR00700	PRTYPHPHTASE	0.631826543215999	-0.459140379442188	57	1	0.025	40	2330	176981	Y41D4A.5
PR00047	STROIDFINGER	0.918851882082144	-0.084630342540963	231	2	0.05	40	2330	181661,172460	nhr-48,nhr-23
PR00620	HISTONEH2A	0.999999999999131	-8.69176766891665e-13	5	0	0	40	2330
PR01125	FMOXYGENASE5	0.999999999999131	-8.69176766891665e-13	5	0	0	40	2330
PR01625	GSTRNSFRASEO	0.999999999999131	-8.69176766891665e-13	5	0	0	40	2330
PR00800	YHDCRBOXLASE	0.999999999999131	-8.69176766891665e-13	5	0	0	40	2330
PR00412	EPOXHYDRLASE	0.999999999999131	-8.69176766891665e-13	5	0	0	40	2330
PR00371	FPNCR	0.999999999999131	-8.69176766891665e-13	5	0	0	40	2330
PR01349	WNTPROTEIN	0.999999999999131	-8.69176766891665e-13	5	0	0	40	2330
PR01609	CD36FAMILY	0.999999999999131	-8.69176766891665e-13	5	0	0	40	2330
PR01130	DERENTRNSPRT	0.999999999999131	-8.69176766891665e-13	5	0	0	40	2330
PR00347	THAUMATIN	0.999999999999131	-8.69176766891665e-13	5	0	0	40	2330
PR00661	ERMFAMILY	0.999999999999131	-8.69176766891665e-13	5	0	0	40	2330
PR00744	GLHYDRLASE37	0.999999999999131	-8.69176766891665e-13	5	0	0	40	2330
PR00249	GPCRSECRETIN	0.999999999999131	-8.69176766891665e-13	5	0	0	40	2330
PR00111	ABHYDROLASE	0.999999999999131	-8.69176766891665e-13	5	0	0	40	2330
PR00160	GLUTAREDOXIN	0.999999999999131	-8.69176766891665e-13	5	0	0	40	2330
PR00305	1433ZETA	0.999999999999268	-7.31944324215087e-13	3	0	0	40	2330
PR00167	CACHANNEL	0.999999999999268	-7.31944324215087e-13	3	0	0	40	2330
PR00391	PITRANSFER	0.999999999999268	-7.31944324215087e-13	3	0	0	40	2330
PR01347	EPHRIN	0.999999999999268	-7.31944324215087e-13	3	0	0	40	2330
PR00413	HADHALOGNASE	0.999999999999268	-7.31944324215087e-13	3	0	0	40	2330
PR01315	BATTENIN	0.999999999999268	-7.31944324215087e-13	3	0	0	40	2330
PR00243	MUSCARINICR	0.999999999999268	-7.31944324215087e-13	3	0	0	40	2330
PR00502	NUDIXFAMILY	0.999999999999268	-7.31944324215087e-13	3	0	0	40	2330
PR00068	CUZNDISMTASE	0.999999999999268	-7.31944324215087e-13	3	0	0	40	2330
PR00376	IL1BCENZYME	0.999999999999268	-7.31944324215087e-13	3	0	0	40	2330
PR01772	JNKMAPKINASE	0.999999999999268	-7.31944324215087e-13	3	0	0	40	2330
PR00683	SPECTRINPH	0.999999999999268	-7.31944324215087e-13	3	0	0	40	2330
PR00593	MTABOTROPICR	0.999999999999268	-7.31944324215087e-13	3	0	0	40	2330
PR01463	EAGCHANLFMLY	0.999999999999268	-7.31944324215087e-13	3	0	0	40	2330
PR00987	TRNASYNTHGLU	0.999999999999268	-7.31944324215087e-13	3	0	0	40	2330
PR00389	PHPHLIPASEA2	0.999999999999268	-7.31944324215087e-13	3	0	0	40	2330
PR00881	L7ARS6FAMILY	0.999999999999268	-7.31944324215087e-13	3	0	0	40	2330
PR00707	UBCTHYDRLASE	0.999999999999268	-7.31944324215087e-13	3	0	0	40	2330
PR00369	FLAVODOXIN	0.999999999999268	-7.31944324215087e-13	3	0	0	40	2330
PR00028	POUDOMAIN	0.999999999999268	-7.31944324215087e-13	3	0	0	40	2330
PR00372	FYWHYDRXLASE	0.999999999999268	-7.31944324215087e-13	3	0	0	40	2330
PR01320	KIRCHANNEL	0.999999999999268	-7.31944324215087e-13	3	0	0	40	2330
PR02050	B14GALTRFASE	0.999999999999268	-7.31944324215087e-13	3	0	0	40	2330
PR01097	TRNSRECEPTRP	0.999999999999268	-7.31944324215087e-13	3	0	0	40	2330
PR00075	FACDDSATRASE	0.999999999999268	-7.31944324215087e-13	3	0	0	40	2330
PR00406	CYTB5RDTASE	0.999999999999268	-7.31944324215087e-13	3	0	0	40	2330
PR01498	SHAWCHANNEL	0.999999999999268	-7.31944324215087e-13	3	0	0	40	2330
PR00799	TRANSAMINASE	0.999999999999268	-7.31944324215087e-13	3	0	0	40	2330
PR00790	PAMONOXGNASE	0.999999999999268	-7.31944324215087e-13	3	0	0	40	2330
PR01271	HISDACETLASE	0.999999999999268	-7.31944324215087e-13	3	0	0	40	2330
PR01857	ADAMTSFAMILY	0.999999999999268	-7.31944324215087e-13	3	0	0	40	2330
PR00067	CATALASE	0.999999999999268	-7.31944324215087e-13	3	0	0	40	2330
PR00775	HEATSHOCK90	0.999999999999268	-7.31944324215087e-13	3	0	0	40	2330
PR00106	DNAPOLB	0.999999999999268	-7.31944324215087e-13	3	0	0	40	2330
PR00447	NATRESASSCMP	0.999999999999268	-7.31944324215087e-13	3	0	0	40	2330
PR00255	NATPEPTIDER	0.999999999999268	-7.31944324215087e-13	3	0	0	40	2330
PR00489	FRIZZLED	0.999999999999268	-7.31944324215087e-13	3	0	0	40	2330
PR00705	PAPAIN	0.999999999999312	-6.87944821369073e-13	20	0	0	40	2330
PR00759	BASICPTASE	0.999999999999312	-6.87944821369073e-13	20	0	0	40	2330
PR00254	NICOTINICR	0.999999999999312	-6.87944821369073e-13	20	0	0	40	2330
PR01078	AMINACHANNEL	0.999999999999489	-5.10577748957203e-13	21	0	0	40	2330
PR00838	V5ALLERGEN	0.999999999999509	-4.91172402148599e-13	19	0	0	40	2330
PR01262	INNEXIN	0.999999999999683	-3.17139645826003e-13	25	0	0	40	2330
PR00837	V5TPXLIKE	0.999999999999683	-3.17139645826003e-13	25	0	0	40	2330
PR00981	TRNASYNTHSER	0.999999999999972	-2.82749626663581e-14	2	0	0	40	2330
PR00776	HEMOGLOBNASE	0.999999999999972	-2.82749626663581e-14	2	0	0	40	2330
PR01035	TCRTETA	0.999999999999972	-2.82749626663581e-14	2	0	0	40	2330
PR01182	ORNDCRBXLASE	0.999999999999972	-2.82749626663581e-14	2	0	0	40	2330
PR01040	TRNASYNTHTYR	0.999999999999972	-2.82749626663581e-14	2	0	0	40	2330
PR00504	CHROMODOMAIN	0.999999999999972	-2.82749626663581e-14	2	0	0	40	2330
PR00626	CALRETICULIN	0.999999999999972	-2.82749626663581e-14	2	0	0	40	2330
PR00984	TRNASYNTHILE	0.999999999999972	-2.82749626663581e-14	2	0	0	40	2330
PR01573	SUPERTUBBY	0.999999999999972	-2.82749626663581e-14	2	0	0	40	2330
PR01773	P38MAPKINASE	0.999999999999972	-2.82749626663581e-14	2	0	0	40	2330
PR00122	VACATPASE	0.999999999999972	-2.82749626663581e-14	2	0	0	40	2330
PR01001	FADG3PDH	0.999999999999972	-2.82749626663581e-14	2	0	0	40	2330
PR00805	ALPHACATENIN	0.999999999999972	-2.82749626663581e-14	2	0	0	40	2330
PR00717	GPCRKINASE	0.999999999999972	-2.82749626663581e-14	2	0	0	40	2330
PR00342	RHESUSRHD	0.999999999999972	-2.82749626663581e-14	2	0	0	40	2330
PR01050	PYRUVTKNASE	0.999999999999972	-2.82749626663581e-14	2	0	0	40	2330
PR00476	PHFRCTKINASE	0.999999999999972	-2.82749626663581e-14	2	0	0	40	2330
PR01459	KCNQCHANNEL	0.999999999999972	-2.82749626663581e-14	2	0	0	40	2330
PR00714	MAN6PISMRASE	0.999999999999972	-2.82749626663581e-14	2	0	0	40	2330
PR01869	BCATNINFAMLY	0.999999999999972	-2.82749626663581e-14	2	0	0	40	2330
PR01039	TRNASYNTHTRP	0.999999999999972	-2.82749626663581e-14	2	0	0	40	2330
PR01041	TRNASYNTHMET	0.999999999999972	-2.82749626663581e-14	2	0	0	40	2330
PR01626	LCACHANNELB	0.999999999999972	-2.82749626663581e-14	2	0	0	40	2330
PR01452	LNOTCHREPEAT	0.999999999999972	-2.82749626663581e-14	2	0	0	40	2330
PR00404	MADSDOMAIN	0.999999999999972	-2.82749626663581e-14	2	0	0	40	2330
PR00686	TIFACTORIID	0.999999999999972	-2.82749626663581e-14	2	0	0	40	2330
PR00685	TIFACTORIIB	0.999999999999972	-2.82749626663581e-14	2	0	0	40	2330
PR00986	TRNASYNTHVAL	0.999999999999972	-2.82749626663581e-14	2	0	0	40	2330
PR00131	GLHYDRLASE1	0.999999999999972	-2.82749626663581e-14	2	0	0	40	2330
PR01268	GSTRNSFRASEP	0.999999999999972	-2.82749626663581e-14	2	0	0	40	2330
PR00415	ACONITASE	0.999999999999972	-2.82749626663581e-14	2	0	0	40	2330
PR00616	CCAATSUBUNTB	0.999999999999972	-2.82749626663581e-14	2	0	0	40	2330
PR00789	OSIALOPTASE	0.999999999999972	-2.82749626663581e-14	2	0	0	40	2330
PR00120	HATPASE	0.999999999999972	-2.82749626663581e-14	2	0	0	40	2330
PR00149	FUMRATELYASE	0.999999999999972	-2.82749626663581e-14	2	0	0	40	2330
PR00679	PROHIBITIN	0.999999999999972	-2.82749626663581e-14	2	0	0	40	2330
PR01822	CCYSTOKININR	0.999999999999972	-2.82749626663581e-14	2	0	0	40	2330
PR00660	ERLUMENR	0.999999999999972	-2.82749626663581e-14	2	0	0	40	2330
PR00991	6PFRUCTKNASE	0.999999999999972	-2.82749626663581e-14	2	0	0	40	2330
PR00395	RIBOSOMALS2	0.999999999999972	-2.82749626663581e-14	2	0	0	40	2330
PR00377	IMPHPHTASES	0.999999999999972	-2.82749626663581e-14	2	0	0	40	2330
PR00417	PRTPISMRASEI	0.999999999999972	-2.82749626663581e-14	2	0	0	40	2330
PR00604	CYTCHRMECIAB	0.999999999999972	-2.82749626663581e-14	2	0	0	40	2330
PR01186	INTEGRINB	0.999999999999972	-2.82749626663581e-14	2	0	0	40	2330
PR00892	RABGDI	0.999999999999972	-2.82749626663581e-14	2	0	0	40	2330
PR00597	GELSOLIN	0.999999999999972	-2.82749626663581e-14	2	0	0	40	2330
PR00883	NUCLEARHMG	0.999999999999972	-2.82749626663581e-14	2	0	0	40	2330
PR00876	MTNEMATODE	0.999999999999972	-2.82749626663581e-14	2	0	0	40	2330
PR00296	CYCLINKINASE	0.999999999999972	-2.82749626663581e-14	2	0	0	40	2330
PR01160	GABAARBETA	0.999999999999972	-2.82749626663581e-14	2	0	0	40	2330
PR00509	PGMPMM	0.999999999999972	-2.82749626663581e-14	2	0	0	40	2330
PR00962	LETHAL2GIANT	0.999999999999972	-2.82749626663581e-14	2	0	0	40	2330
PR00887	SSRCOGNITION	0.999999999999972	-2.82749626663581e-14	2	0	0	40	2330
PR00381	KINESINLIGHT	0.999999999999972	-2.82749626663581e-14	2	0	0	40	2330
PR01072	PRESENILIN	0.999999999999972	-2.82749626663581e-14	2	0	0	40	2330
PR01179	ODADCRBXLASE	0.999999999999972	-2.82749626663581e-14	2	0	0	40	2330
PR00727	LEADERPTASE	0.999999999999972	-2.82749626663581e-14	2	0	0	40	2330
PR00077	GPDHDRGNASE	0.999999999999972	-2.82749626663581e-14	2	0	0	40	2330
PR00980	TRNASYNTHALA	0.999999999999972	-2.82749626663581e-14	2	0	0	40	2330
PR00189	TRNSTHYRETIN	0.999999999999972	-2.82749626663581e-14	2	0	0	40	2330
PR00891	RABGDIREP	0.999999999999972	-2.82749626663581e-14	2	0	0	40	2330
PR00742	GLHYDRLASE35	0.999999999999972	-2.82749626663581e-14	2	0	0	40	2330
PR01703	MNSODISMTASE	0.999999999999972	-2.82749626663581e-14	2	0	0	40	2330
PR00141	PROTEASOME	0.999999999999972	-2.82749626663581e-14	2	0	0	40	2330
PR00702	ACRIFLAVINRP	0.999999999999972	-2.82749626663581e-14	2	0	0	40	2330
PR00481	LAMNOPPTDASE	0.999999999999972	-2.82749626663581e-14	2	0	0	40	2330
PR01185	INTEGRINA	0.999999999999972	-2.82749626663581e-14	2	0	0	40	2330
PR00653	ACTIVIN2R	0.999999999999972	-2.82749626663581e-14	2	0	0	40	2330
PR01038	TRNASYNTHARG	0.999999999999972	-2.82749626663581e-14	2	0	0	40	2330
PR01046	TRNASYNTHPRO	0.999999999999972	-2.82749626663581e-14	2	0	0	40	2330
PR00721	STOMATIN	1.00000000000013	1.28540738327397e-13	8	0	0	40	2330
PR00219	SYNAPTOBREVN	1.00000000000013	1.28540738327397e-13	8	0	0	40	2330
PR01270	HDASUPER	1.00000000000013	1.28540738327397e-13	8	0	0	40	2330
PR00619	GATAZNFINGER	1.00000000000013	1.28540738327397e-13	8	0	0	40	2330
PR00927	ADPTRNSLCASE	1.00000000000013	1.28540738327397e-13	8	0	0	40	2330
PR00454	ETSDOMAIN	1.00000000000013	1.28540738327397e-13	8	0	0	40	2330
PR00177	NMDARECEPTOR	1.00000000000013	1.28540738327397e-13	8	0	0	40	2330
PR00624	HISTONEH5	1.00000000000013	1.28540738327397e-13	8	0	0	40	2330
PR00935	BAND41	1.00000000000013	1.28540738327397e-13	8	0	0	40	2330
PR00786	NEPRILYSIN	1.00000000000013	1.28540738327397e-13	8	0	0	40	2330
PR00762	CLCHANNEL	1.00000000000028	2.8373897186734e-13	6	0	0	40	2330
PR01657	MCMFAMILY	1.00000000000028	2.8373897186734e-13	6	0	0	40	2330
PR00348	UBIQUITIN	1.00000000000028	2.8373897186734e-13	6	0	0	40	2330
PR01163	BETATUBULIN	1.00000000000028	2.8373897186734e-13	6	0	0	40	2330
PR00094	ADENYLTKNASE	1.00000000000028	2.8373897186734e-13	6	0	0	40	2330
PR00633	RCCNDNSATION	1.00000000000028	2.8373897186734e-13	6	0	0	40	2330
PR00399	SYNAPTOTAGMN	1.00000000000028	2.8373897186734e-13	6	0	0	40	2330
PR00390	PHPHLIPASEC	1.00000000000028	2.8373897186734e-13	6	0	0	40	2330
PR00092	TYROSINASE	1.00000000000028	2.8373897186734e-13	6	0	0	40	2330
PR00689	ACOABINDINGP	1.00000000000028	2.8373897186734e-13	6	0	0	40	2330
PR01494	KV9CHANNEL	1.00000000000028	2.8373897186734e-13	6	0	0	40	2330
PR00632	SONICHHOG	1.00000000000028	2.8373897186734e-13	6	0	0	40	2330
PR00299	ACRYSTALLIN	1.00000000000043	4.26250934674819e-13	15	0	0	40	2330
PR00053	FORKHEAD	1.00000000000083	8.31893109997006e-13	14	0	0	40	2330
PR00699	TMPROTEINSRB	1.00000000000083	8.31893109997006e-13	14	0	0	40	2330
PR00722	CHYMOTRYPSIN	1.00000000000106	1.06210587296302e-12	7	0	0	40	2330
PR00370	FMOXYGENASE	1.00000000000106	1.06210587296302e-12	7	0	0	40	2330
PR00747	GLYHDRLASE47	1.00000000000106	1.06210587296302e-12	7	0	0	40	2330
PR01011	GLUTPROXDASE	1.00000000000106	1.06210587296302e-12	7	0	0	40	2330
PR00138	MATRIXIN	1.00000000000106	1.06210587296302e-12	7	0	0	40	2330
PR00301	HEATSHOCK70	1.0000000000013	1.29990530883679e-12	11	0	0	40	2330
PR00360	C2DOMAIN	1.0000000000013	1.29990530883679e-12	11	0	0	40	2330
PR01491	KVCHANNEL	1.0000000000013	1.29990530883679e-12	11	0	0	40	2330
PR00205	CADHERIN	1.0000000000013	1.29990530883679e-12	11	0	0	40	2330
PR00024	HOMEOBOX	1.00000000000132	1.31690175073932e-12	26	0	0	40	2330
PR00178	FATTYACIDBP	1.00000000000187	1.8661904446387e-12	10	0	0	40	2330
PR00171	SUGRTRNSPORT	1.00000000000187	1.8661904446387e-12	10	0	0	40	2330
PR00756	ALADIPTASE	1.00000000000187	1.8661904446387e-12	10	0	0	40	2330
PR01162	ALPHATUBULIN	1.00000000000187	1.8661904446387e-12	10	0	0	40	2330
PR00697	TMPROTEINSRA	1.00000000000217	2.17242344784398e-12	29	0	0	40	2330
PR01161	TUBULIN	1.00000000000221	2.20908023714628e-12	16	0	0	40	2330
PR00926	MITOCARRIER	1.00000000000221	2.20908023714628e-12	16	0	0	40	2330
PR01415	ANKYRIN	1.00000000000221	2.20908023714628e-12	16	0	0	40	2330
PR00328	SAR1GTPBP	1.00000000000275	2.74672533718659e-12	13	0	0	40	2330
PR00457	ANPEROXIDASE	1.00000000000275	2.74672533718659e-12	13	0	0	40	2330
PR01012	NRPEPTIDEYR	1.00000000000275	2.74672533718659e-12	13	0	0	40	2330
PR00031	HTHREPRESSR	1.00000000000287	2.87027620823947e-12	12	0	0	40	2330
PR00069	ALDKETRDTASE	1.00000000000287	2.87027620823947e-12	12	0	0	40	2330
PR00765	CRBOXYPTASEA	1.00000000000287	2.87027620823947e-12	12	0	0	40	2330
PR00176	NANEUSMPORT	1.00000000000287	2.87027620823947e-12	12	0	0	40	2330
PR01301	RGSPROTEIN	1.00000000000287	2.87027620823947e-12	12	0	0	40	2330
PR00724	CRBOXYPTASEC	1.00000000000295	2.95365383864673e-12	9	0	0	40	2330
PR00783	MINTRINSICP	1.00000000000295	2.95365383864673e-12	9	0	0	40	2330
PR00622	HISTONEH3	1.00000000000295	2.95365383864673e-12	9	0	0	40	2330
PR01095	TASKCHANNEL	1.00000000000295	2.95365383864673e-12	9	0	0	40	2330
PR00326	GTP1OBG	1.00000000000295	2.95365383864673e-12	9	0	0	40	2330
PR01084	NAHEXCHNGR	1.00000000000295	2.95365383864673e-12	9	0	0	40	2330
PR00351	OM20RECEPTOR	1.00000000000308	3.07617820105577e-12	1	0	0	40	2330
PR01630	LVDCCALPHA1	1.00000000000308	3.07617820105577e-12	1	0	0	40	2330
PR01850	GROUCHOFAMLY	1.00000000000308	3.07617820105577e-12	1	0	0	40	2330
PR01588	THIKCHANNEL	1.00000000000308	3.07617820105577e-12	1	0	0	40	2330
PR01368	SYNAPSIN	1.00000000000308	3.07617820105577e-12	1	0	0	40	2330
PR01873	CYTCOXIDASE4	1.00000000000308	3.07617820105577e-12	1	0	0	40	2330
PR00972	RIBSOMALS12E	1.00000000000308	3.07617820105577e-12	1	0	0	40	2330
PR00767	DBMONOXGNASE	1.00000000000308	3.07617820105577e-12	1	0	0	40	2330
PR00086	LLDHDRGNASE	1.00000000000308	3.07617820105577e-12	1	0	0	40	2330
PR00276	INSULINFAMLY	1.00000000000308	3.07617820105577e-12	1	0	0	40	2330
PR00867	DNAPOLG	1.00000000000308	3.07617820105577e-12	1	0	0	40	2330
PR00472	CASNKINASEII	1.00000000000308	3.07617820105577e-12	1	0	0	40	2330
PR01443	TFIID30KDSUB	1.00000000000308	3.07617820105577e-12	1	0	0	40	2330
PR00076	6PGDHDRGNASE	1.00000000000308	3.07617820105577e-12	1	0	0	40	2330
PR01661	MCMPROTEIN5	1.00000000000308	3.07617820105577e-12	1	0	0	40	2330
PR00416	EUTPISMRASEI	1.00000000000308	3.07617820105577e-12	1	0	0	40	2330
PR00882	RIBOSOMALL7A	1.00000000000308	3.07617820105577e-12	1	0	0	40	2330
PR00125	ATPASEDELTA	1.00000000000308	3.07617820105577e-12	1	0	0	40	2330
PR00846	GLHYDRLASE56	1.00000000000308	3.07617820105577e-12	1	0	0	40	2330
PR00603	CYTOCHROMEC1	1.00000000000308	3.07617820105577e-12	1	0	0	40	2330
PR00056	HSFDOMAIN	1.00000000000308	3.07617820105577e-12	1	0	0	40	2330
PR00025	ANTENNAPEDIA	1.00000000000308	3.07617820105577e-12	1	0	0	40	2330
PR01640	PROFILINPLNT	1.00000000000308	3.07617820105577e-12	1	0	0	40	2330
PR00309	ARRESTIN	1.00000000000308	3.07617820105577e-12	1	0	0	40	2330
PR00868	DNAPOLI	1.00000000000308	3.07617820105577e-12	1	0	0	40	2330
PR01692	LIPOCALINIMR	1.00000000000308	3.07617820105577e-12	1	0	0	40	2330
PR01497	SHALCHANNEL	1.00000000000308	3.07617820105577e-12	1	0	0	40	2330
PR00302	LUPUSLA	1.00000000000308	3.07617820105577e-12	1	0	0	40	2330
PR01653	TCTPROTEIN	1.00000000000308	3.07617820105577e-12	1	0	0	40	2330
PR01000	SREBPS2PTASE	1.00000000000308	3.07617820105577e-12	1	0	0	40	2330
PR00052	FIBRILLARIN	1.00000000000308	3.07617820105577e-12	1	0	0	40	2330
PR00784	MTUNCOUPLING	1.00000000000308	3.07617820105577e-12	1	0	0	40	2330
PR00600	PP2APR55	1.00000000000308	3.07617820105577e-12	1	0	0	40	2330
PR00979	TAFAZZIN	1.00000000000308	3.07617820105577e-12	1	0	0	40	2330
PR01232	NAHCO3TRSPRT	1.00000000000308	3.07617820105577e-12	1	0	0	40	2330
PR00071	HMGCOARDTASE	1.00000000000308	3.07617820105577e-12	1	0	0	40	2330
PR01846	TRHRFAMILY	1.00000000000308	3.07617820105577e-12	1	0	0	40	2330
PR01470	ERGCHANNEL	1.00000000000308	3.07617820105577e-12	1	0	0	40	2330
PR00738	GLHYDRLASE20	1.00000000000308	3.07617820105577e-12	1	0	0	40	2330
PR02011	RCMTNCL1	1.00000000000308	3.07617820105577e-12	1	0	0	40	2330
PR01464	EAGCHANNEL	1.00000000000308	3.07617820105577e-12	1	0	0	40	2330
PR00456	RIBOSOMALP2	1.00000000000308	3.07617820105577e-12	1	0	0	40	2330
PR00414	PPTHIESTRASE	1.00000000000308	3.07617820105577e-12	1	0	0	40	2330
PR00975	RIBOSOMALS19	1.00000000000308	3.07617820105577e-12	1	0	0	40	2330
PR00115	F16BPHPHTASE	1.00000000000308	3.07617820105577e-12	1	0	0	40	2330
PR00127	CLPPROTEASEP	1.00000000000308	3.07617820105577e-12	1	0	0	40	2330
PR01586	TWIKCHANNEL	1.00000000000308	3.07617820105577e-12	1	0	0	40	2330
PR00928	GRAVESDC	1.00000000000308	3.07617820105577e-12	1	0	0	40	2330
PR02031	CYSSERRICHNP	1.00000000000308	3.07617820105577e-12	1	0	0	40	2330
PR00971	RIBOSOMALS10	1.00000000000308	3.07617820105577e-12	1	0	0	40	2330
PR00850	GLHYDRLASE59	1.00000000000308	3.07617820105577e-12	1	0	0	40	2330
PR00192	FACTINCAPB	1.00000000000308	3.07617820105577e-12	1	0	0	40	2330
PR00407	EUMOPTERIN	1.00000000000308	3.07617820105577e-12	1	0	0	40	2330
PR00473	GALCTOKINASE	1.00000000000308	3.07617820105577e-12	1	0	0	40	2330
PR01243	NUCDPKINASE	1.00000000000308	3.07617820105577e-12	1	0	0	40	2330
PR00791	PEPDIPTASEA	1.00000000000308	3.07617820105577e-12	1	0	0	40	2330
PR00973	RIBOSOMALS17	1.00000000000308	3.07617820105577e-12	1	0	0	40	2330
PR00720	MAMMALPTPASE	1.00000000000308	3.07617820105577e-12	1	0	0	40	2330
PR00126	ATPASEGAMMA	1.00000000000308	3.07617820105577e-12	1	0	0	40	2330
PR00785	NCTRNSLOCATR	1.00000000000308	3.07617820105577e-12	1	0	0	40	2330
PR00124	ATPASEC	1.00000000000308	3.07617820105577e-12	1	0	0	40	2330
PR00154	AMPBINDING	1.00000000000308	3.07617820105577e-12	1	0	0	40	2330
PR00474	GLU5KINASE	1.00000000000308	3.07617820105577e-12	1	0	0	40	2330
PR01049	PHOSPHBKNASE	1.00000000000308	3.07617820105577e-12	1	0	0	40	2330
PR00332	HISTRIAD	1.00000000000308	3.07617820105577e-12	1	0	0	40	2330
PR00108	THYMDSNTHASE	1.00000000000308	3.07617820105577e-12	1	0	0	40	2330
PR01164	GAMMATUBULIN	1.00000000000308	3.07617820105577e-12	1	0	0	40	2330
PR00663	GALANINR	1.00000000000308	3.07617820105577e-12	1	0	0	40	2330
PR00896	VASOPRESSINR	1.00000000000308	3.07617820105577e-12	1	0	0	40	2330
PR00079	G6PDHDRGNASE	1.00000000000308	3.07617820105577e-12	1	0	0	40	2330
PR01738	RNABINDINGM8	1.00000000000308	3.07617820105577e-12	1	0	0	40	2330
PR00719	LMWPTPASE	1.00000000000308	3.07617820105577e-12	1	0	0	40	2330
PR01475	PARKIN	1.00000000000308	3.07617820105577e-12	1	0	0	40	2330
PR01034	RIBOSOMALS12	1.00000000000308	3.07617820105577e-12	1	0	0	40	2330
PR00082	GLFDHDRGNASE	1.00000000000308	3.07617820105577e-12	1	0	0	40	2330
PR00741	GLHYDRLASE29	1.00000000000308	3.07617820105577e-12	1	0	0	40	2330
PR00098	CPSASE	1.00000000000308	3.07617820105577e-12	1	0	0	40	2330
PR00960	LMBPPROTEIN	1.00000000000308	3.07617820105577e-12	1	0	0	40	2330
PR01629	TVDCCALPHA1	1.00000000000308	3.07617820105577e-12	1	0	0	40	2330
PR00740	GLHYDRLASE27	1.00000000000308	3.07617820105577e-12	1	0	0	40	2330
PR00904	FRATAXIN	1.00000000000308	3.07617820105577e-12	1	0	0	40	2330
PR00104	CGMPKINASE	1.00000000000308	3.07617820105577e-12	1	0	0	40	2330
PR01218	PSTLEXTENSIN	1.00000000000308	3.07617820105577e-12	1	0	0	40	2330
PR00664	OCTOPAMINER	1.00000000000308	3.07617820105577e-12	1	0	0	40	2330
PR00662	G6PISOMERASE	1.00000000000308	3.07617820105577e-12	1	0	0	40	2330
PR01550	TOP6AFAMILY	1.00000000000308	3.07617820105577e-12	1	0	0	40	2330
PR00336	LYSASSOCTDMP	1.00000000000308	3.07617820105577e-12	1	0	0	40	2330
PR00339	PCNACYCLIN	1.00000000000308	3.07617820105577e-12	1	0	0	40	2330
PR01043	TRNASYNTHGLY	1.00000000000308	3.07617820105577e-12	1	0	0	40	2330
PR00043	LEUZIPPRJUN	1.00000000000308	3.07617820105577e-12	1	0	0	40	2330
PR00185	EUKARYTPORIN	1.00000000000308	3.07617820105577e-12	1	0	0	40	2330
PR00985	TRNASYNTHLEU	1.00000000000308	3.07617820105577e-12	1	0	0	40	2330
PR00203	AMYLOIDA4	1.00000000000308	3.07617820105577e-12	1	0	0	40	2330
PR01246	RAD1REPAIR	1.00000000000308	3.07617820105577e-12	1	0	0	40	2330
PR01075	PRESENILNSEL	1.00000000000308	3.07617820105577e-12	1	0	0	40	2330
PR00978	STARPROTEIN	1.00000000000308	3.07617820105577e-12	1	0	0	40	2330
PR01868	ABCEFAMILY	1.00000000000308	3.07617820105577e-12	1	0	0	40	2330
PR00373	GLYCHORMONER	1.00000000000308	3.07617820105577e-12	1	0	0	40	2330
PR00065	TEADOMAIN	1.00000000000308	3.07617820105577e-12	1	0	0	40	2330
PR00355	ADRENODOXIN	1.00000000000308	3.07617820105577e-12	1	0	0	40	2330
PR01849	UBIQUITINACT	1.00000000000308	3.07617820105577e-12	1	0	0	40	2330
PR01663	MCMPROTEIN7	1.00000000000308	3.07617820105577e-12	1	0	0	40	2330
PR01662	MCMPROTEIN6	1.00000000000308	3.07617820105577e-12	1	0	0	40	2330
PR01848	U2AUXFACTOR	1.00000000000308	3.07617820105577e-12	1	0	0	40	2330
PR01698	CYTOFMRPINTP	1.00000000000308	3.07617820105577e-12	1	0	0	40	2330
PR00044	LEUZIPPRMYC	1.00000000000308	3.07617820105577e-12	1	0	0	40	2330
PR00545	RETINOIDXR	1.00000000000308	3.07617820105577e-12	1	0	0	40	2330
PR00989	ADENOKINASE	1.00000000000308	3.07617820105577e-12	1	0	0	40	2330
PR01251	AMPHIPHYSIN	1.00000000000308	3.07617820105577e-12	1	0	0	40	2330
PR00217	POSTSYNAPTIC	1.00000000000308	3.07617820105577e-12	1	0	0	40	2330
PR00297	CHAPERONIN10	1.00000000000308	3.07617820105577e-12	1	0	0	40	2330
PR00143	CITRTSNTHASE	1.00000000000308	3.07617820105577e-12	1	0	0	40	2330
PR00085	THFDHDRGNASE	1.00000000000308	3.07617820105577e-12	1	0	0	40	2330
PR01250	RIBOSOMALL34	1.00000000000308	3.07617820105577e-12	1	0	0	40	2330
PR00322	G10	1.00000000000308	3.07617820105577e-12	1	0	0	40	2330
PR01659	MCMPROTEIN3	1.00000000000308	3.07617820105577e-12	1	0	0	40	2330
PR00465	EP450IV	1.00000000000308	3.07617820105577e-12	1	0	0	40	2330
PR00627	GTPRANTC4	1.00000000000308	3.07617820105577e-12	1	0	0	40	2330
PR00132	GLHYDRLASE2	1.00000000000308	3.07617820105577e-12	1	0	0	40	2330
PR00623	HISTONEH4	1.00000000000308	3.07617820105577e-12	1	0	0	40	2330
PR01245	RAD1REC1	1.00000000000308	3.07617820105577e-12	1	0	0	40	2330
PR00477	PHGLYCKINASE	1.00000000000308	3.07617820105577e-12	1	0	0	40	2330
PR00392	PROFILIN	1.00000000000308	3.07617820105577e-12	1	0	0	40	2330
PR00110	ALPHAAMYLASE	1.00000000000308	3.07617820105577e-12	1	0	0	40	2330
PR00100	AOTCASE	1.00000000000308	3.07617820105577e-12	1	0	0	40	2330
PR00448	NSFATTACHMNT	1.00000000000308	3.07617820105577e-12	1	0	0	40	2330
PR01546	YEAST73DUF	1.00000000000308	3.07617820105577e-12	1	0	0	40	2330
PR00779	INSP3RECEPTR	1.00000000000308	3.07617820105577e-12	1	0	0	40	2330
PR01748	AP2TNSCPFCT	1.00000000000308	3.07617820105577e-12	1	0	0	40	2330
PR01047	TRNASYNTHTHR	1.00000000000308	3.07617820105577e-12	1	0	0	40	2330
PR01658	MCMPROTEIN2	1.00000000000308	3.07617820105577e-12	1	0	0	40	2330
PR01770	ERK1ERK2MAPK	1.00000000000308	3.07617820105577e-12	1	0	0	40	2330
PR00378	LIIMPHPHTASE	1.00000000000308	3.07617820105577e-12	1	0	0	40	2330
PR01405	TETRPHPHTASE	1.00000000000308	3.07617820105577e-12	1	0	0	40	2330
PR01989	EUOM20RECPTR	1.00000000000308	3.07617820105577e-12	1	0	0	40	2330
PR01797	SAPOSIN	1.00000000000308	3.07617820105577e-12	1	0	0	40	2330
PR00139	ASNGLNASE	1.00000000000308	3.07617820105577e-12	1	0	0	40	2330
PR01760	DISHEVELLED	1.00000000000308	3.07617820105577e-12	1	0	0	40	2330
PR00220	SYNAPTOPHYSN	1.00000000000308	3.07617820105577e-12	1	0	0	40	2330
PR01433	POLYCYSTIN2	1.00000000000308	3.07617820105577e-12	1	0	0	40	2330
PR01839	RAD23PROTEIN	1.00000000000308	3.07617820105577e-12	1	0	0	40	2330
PR00932	AMINO1PTASE	1.00000000000308	3.07617820105577e-12	1	0	0	40	2330
PR00938	BRACHYURY	1.00000000000308	3.07617820105577e-12	1	0	0	40	2330
PR00058	RIBOSOMALL5	1.00000000000308	3.07617820105577e-12	1	0	0	40	2330
PR00773	GRPEPROTEIN	1.00000000000308	3.07617820105577e-12	1	0	0	40	2330
PR00072	MALOXRDTASE	1.00000000000308	3.07617820105577e-12	1	0	0	40	2330
PR01183	RIBORDTASEM1	1.00000000000308	3.07617820105577e-12	1	0	0	40	2330
PR01838	NCAMFAMILY	1.00000000000308	3.07617820105577e-12	1	0	0	40	2330
PR01716	DEATHASSOCP3	1.00000000000308	3.07617820105577e-12	1	0	0	40	2330
PR00148	ENOLASE	1.00000000000308	3.07617820105577e-12	1	0	0	40	2330
PR00982	TRNASYNTHLYS	1.00000000000308	3.07617820105577e-12	1	0	0	40	2330
PR00464	EP450II	1.00000000000308	3.07617820105577e-12	1	0	0	40	2330
PR00728	SIGNALPTASE	1.00000000000308	3.07617820105577e-12	1	0	0	40	2330
PR00492	RHOGDI	1.00000000000308	3.07617820105577e-12	1	0	0	40	2330
PR01101	5HTRECEPTOR	1.00000000000308	3.07617820105577e-12	1	0	0	40	2330
PR00003	4DISULPHCORE	1.00000000000308	3.07617820105577e-12	1	0	0	40	2330
PR01551	SPO11HOMOLOG	1.00000000000308	3.07617820105577e-12	1	0	0	40	2330
PR02012	RCMTNOP2	1.00000000000308	3.07617820105577e-12	1	0	0	40	2330
PR01854	BR22PROTEIN	1.00000000000308	3.07617820105577e-12	1	0	0	40	2330
PR01088	NAHEXCHNGR6	1.00000000000308	3.07617820105577e-12	1	0	0	40	2330
PR01660	MCMPROTEIN4	1.00000000000308	3.07617820105577e-12	1	0	0	40	2330
PR00191	FACTINCAPA	1.00000000000308	3.07617820105577e-12	1	0	0	40	2330
PR00041	LEUZIPPRCREB	1.00000000000308	3.07617820105577e-12	1	0	0	40	2330
PR01365	TELOMERASERT	1.00000000000308	3.07617820105577e-12	1	0	0	40	2330
PR00990	RIBOKINASE	1.00000000000308	3.07617820105577e-12	1	0	0	40	2330
PR00440	GPROTEINA12	1.00000000000308	3.07617820105577e-12	1	0	0	40	2330
PR00967	ONCOGENEAML1	1.00000000000308	3.07617820105577e-12	1	0	0	40	2330
PR00321	GPROTEING	1.00000000000308	3.07617820105577e-12	1	0	0	40	2330
PR01802	SYNEMBRYN	1.00000000000308	3.07617820105577e-12	1	0	0	40	2330
PR00162	RIESKE	1.00000000000308	3.07617820105577e-12	1	0	0	40	2330
PR01348	ICLNCHANNEL	1.00000000000308	3.07617820105577e-12	1	0	0	40	2330
PR00452	SH3DOMAIN	1.00000000000334	3.34490521229174e-12	22	0	0	40	2330
PR00300	CLPPROTEASEA	1.00000000000344	3.44179693488089e-12	4	0	0	40	2330
PR01042	TRNASYNTHASP	1.00000000000344	3.44179693488089e-12	4	0	0	40	2330
PR00196	ANNEXIN	1.00000000000344	3.44179693488089e-12	4	0	0	40	2330
PR01231	HCO3TRNSPORT	1.00000000000344	3.44179693488089e-12	4	0	0	40	2330
PR00621	HISTONEH2B	1.00000000000344	3.44179693488089e-12	4	0	0	40	2330
PR02008	RCMTFAMILY	1.00000000000344	3.44179693488089e-12	4	0	0	40	2330
PR00929	ATHOOK	1.00000000000344	3.44179693488089e-12	4	0	0	40	2330
PR00853	XPGRADSUPER	1.00000000000344	3.44179693488089e-12	4	0	0	40	2330
PR00078	G3PDHDRGNASE	1.00000000000344	3.44179693488089e-12	4	0	0	40	2330
PR00843	GLHYDRLASE30	1.00000000000344	3.44179693488089e-12	4	0	0	40	2330
PR00878	CHOLNESTRASE	1.00000000000344	3.44179693488089e-12	4	0	0	40	2330
PR00716	MPIPHPHTASE	1.00000000000344	3.44179693488089e-12	4	0	0	40	2330
PR00363	CYTOCHROMEB5	1.00000000000344	3.44179693488089e-12	4	0	0	40	2330
PR02095	TRNSPORTRHRG	1.00000000000344	3.44179693488089e-12	4	0	0	40	2330
PR00888	SM22CALPONIN	1.00000000000344	3.44179693488089e-12	4	0	0	40	2330
PR00193	MYOSINHEAVY	1.00000000000384	3.84117630420536e-12	17	0	0	40	2330
PR00937	TBOX	1.00000000000384	3.84117630420536e-12	17	0	0	40	2330
PR00792	PEPSIN	1.00000000000384	3.84117630420536e-12	17	0	0	40	2330
PR00153	CSAPPISMRASE	1.00000000000448	4.4786224183676e-12	18	0	0	40	2330
PR01333	2POREKCHANEL	1.00000000000478	4.78199630979251e-12	43	0	0	40	2330
PR00253	GABAARECEPTR	1.00000000000497	4.97069732869456e-12	37	0	0	40	2330
PR00480	ASTACIN	1.0000000000059	5.89610393957998e-12	39	0	0	40	2330
PR00698	TMPROTEINSRG	1.0000000000059	5.89610393957998e-12	39	0	0	40	2330
PR00080	SDRFAMILY	1.00000000000657	6.57267703129712e-12	48	0	0	40	2330
PR00385	P450	1.00000000000884	8.84182200516136e-12	71	0	0	40	2330
PR00252	NRIONCHANNEL	1.00000000000951	9.50583822896355e-12	84	0	0	40	2330
PR00463	EP450I	1.00000000001183	1.18317667482487e-11	72	0	0	40	2330
PR00081	GDHRDH	1.00000000001183	1.18317667482487e-11	72	0	0	40	2330
PR00109	TYRKINASE	1.00000000001222	1.22184000889489e-11	70	0	0	40	2330
PR00237	GPCRRHODOPSN	1.00000000002124	2.12417255668341e-11	144	0	0	40	2330
