TermID	Term	Enrichment	logP	Genes in Term	Target Genes in Term	Fraction of Targets in Term	Total Target Genes	Total Genes	Entrez Gene IDs	Gene Symbols
SM00254	ShKT	1.50125012288308e-07	-15.7117974746924	103	8	0.235294117647059	34	5448	188838,178809,177177,175049,177176,186062,178574,186063	T24B8.5,phat-3,F49F1.7,F01D5.1,drd-50,F49F1.5,C14C6.5,mul-1
SM00034	CLECT	0.00146765893725374	-6.52408670735399	205	6	0.176470588235294	34	5448	189943,171967,189944,180189,181855,175261	clec-174,clec-53,clec-70,clec-42,clec-52,clec-150
SM00152	THY	0.00624082232014131	-5.07664332320937	1	1	0.0294117647058824	34	5448	181097	tth-1
SM00741	SapB	0.00881152849489777	-4.73169435863454	23	2	0.0588235294117647	34	5448	176879,176452	asm-3,spp-1
SM00587	CHK	0.00957520700080072	-4.64857812526653	24	2	0.0588235294117647	34	5448	181463,179513	C29F7.2,F58B4.5
SM01011	AMP_N	0.0124438353621485	-4.38652993033413	2	1	0.0294117647058824	34	5448	187899	R119.2
SM00086	PAC	0.0124438353621485	-4.38652993033413	2	1	0.0294117647058824	34	5448	177416	paqr-1
SM00303	GPS	0.0368822190713147	-3.3000257120574	6	1	0.0294117647058824	34	5448	185152	mth-1
SM00093	SERPIN	0.0368822190713147	-3.3000257120574	6	1	0.0294117647058824	34	5448	178586	srp-2
SM00328	BPI1	0.0548247700316796	-2.90361317927559	9	1	0.0294117647058824	34	5448	191194	ZC513.2
SM00329	BPI2	0.0607332013276704	-2.80126475635578	10	1	0.0294117647058824	34	5448	191194	ZC513.2
SM00829	PKS_ER	0.0724427106402952	-2.62495922755746	12	1	0.0294117647058824	34	5448	179628	sodh-2
SM00100	cNMP	0.0840104830821145	-2.47681368932892	14	1	0.0294117647058824	34	5448	176225	ZK370.4
SM00703	NRF	0.0897417388009907	-2.41081930263593	15	1	0.0294117647058824	34	5448	185375	oac-20
SM00338	BRLZ	0.101100020503916	-2.29164495014746	17	1	0.0294117647058824	34	5448	177099	zip-11
SM00132	LIM	0.171645922174667	-1.76232151598943	30	1	0.0294117647058824	34	5448	180459	lim-6
SM00241	ZP	0.212355523025423	-1.54949341349387	38	1	0.0294117647058824	34	5448	182018	cutl-14
SM00179	EGF_CA	0.227115329915977	-1.48229732921632	41	1	0.0294117647058824	34	5448	177788	fbl-1
SM00327	VWA	0.236805684555712	-1.44051537053528	43	1	0.0294117647058824	34	5448	182693	C16E9.1
SM00042	CUB	0.269802039763928	-1.31006677495564	50	1	0.0294117647058824	34	5448	180189	clec-42
SM00219	TyrKc	0.344275772408484	-1.06631227879152	67	1	0.0294117647058824	34	5448	174498	kin-15
SM00181	EGF	0.368756848782234	-0.997617798531812	73	1	0.0294117647058824	34	5448	177788	fbl-1
SM00389	HOX	0.454643243638026	-0.788242247499045	96	1	0.0294117647058824	34	5448	180459	lim-6
SM00430	HOLI	0.798529227101494	-0.224983709490358	250	1	0.0294117647058824	34	5448	187409	nhr-202
SM00399	ZnF_C4	0.805035140782803	-0.216869349370005	255	1	0.0294117647058824	34	5448	187409	nhr-202
SM00005	DEATH	0.999999999987889	-1.21108724686851e-11	5	0	0	34	5448
SM00710	PbH1	0.999999999987889	-1.21108724686851e-11	5	0	0	34	5448
SM00014	acidPPc	0.999999999987889	-1.21108724686851e-11	5	0	0	34	5448
SM00502	BBC	0.999999999987889	-1.21108724686851e-11	5	0	0	34	5448
SM00120	HX	0.999999999987889	-1.21108724686851e-11	5	0	0	34	5448
SM00290	ZnF_UBP	0.999999999987889	-1.21108724686851e-11	5	0	0	34	5448
SM00204	TGFB	0.999999999987889	-1.21108724686851e-11	5	0	0	34	5448
SM00799	DENN	0.999999999987889	-1.21108724686851e-11	5	0	0	34	5448
SM00257	LysM	0.999999999987889	-1.21108724686851e-11	5	0	0	34	5448
SM00614	ZnF_BED	0.999999999987889	-1.21108724686851e-11	5	0	0	34	5448
SM00063	FRI	0.999999999987889	-1.21108724686851e-11	5	0	0	34	5448
SM01052	CAP_GLY	0.999999999987889	-1.21108724686851e-11	5	0	0	34	5448
SM00577	CPDc	0.999999999987889	-1.21108724686851e-11	5	0	0	34	5448
SM00638	LPD_N	0.999999999987889	-1.21108724686851e-11	5	0	0	34	5448
SM00968	SMC_hinge	0.999999999987889	-1.21108724686851e-11	5	0	0	34	5448
SM00670	PINc	0.999999999987889	-1.21108724686851e-11	5	0	0	34	5448
SM01163	DUF1785	0.999999999987889	-1.21108724686851e-11	5	0	0	34	5448
SM01169	DUF1943	0.999999999987889	-1.21108724686851e-11	5	0	0	34	5448
SM00486	POLBc	0.999999999987889	-1.21108724686851e-11	5	0	0	34	5448
SM00503	SynN	0.999999999987889	-1.21108724686851e-11	5	0	0	34	5448
SM00878	Biotin_carb_C	0.999999999987889	-1.21108724686851e-11	5	0	0	34	5448
SM00205	THN	0.999999999987889	-1.21108724686851e-11	5	0	0	34	5448
SM00186	FBG	0.999999999987889	-1.21108724686851e-11	5	0	0	34	5448
SM00501	BRIGHT	0.999999999987889	-1.21108724686851e-11	5	0	0	34	5448
SM00721	BAR	0.999999999987889	-1.21108724686851e-11	5	0	0	34	5448
SM00367	LRR_CC	0.999999999987889	-1.21108724686851e-11	5	0	0	34	5448
SM00128	IPPc	0.999999999987889	-1.21108724686851e-11	5	0	0	34	5448
SM00739	KOW	0.999999999987889	-1.21108724686851e-11	5	0	0	34	5448
SM00097	WNT1	0.999999999987889	-1.21108724686851e-11	5	0	0	34	5448
SM00800	uDENN	0.999999999987889	-1.21108724686851e-11	5	0	0	34	5448
SM01230	Gln-synt_C	0.999999999987889	-1.21108724686851e-11	5	0	0	34	5448
SM00136	LamNT	0.999999999987889	-1.21108724686851e-11	5	0	0	34	5448
SM00222	Sec7	0.999999999987889	-1.21108724686851e-11	5	0	0	34	5448
SM00357	CSP	0.999999999987889	-1.21108724686851e-11	5	0	0	34	5448
SM00582	RPR	0.999999999987889	-1.21108724686851e-11	5	0	0	34	5448
SM00036	CNH	0.999999999987889	-1.21108724686851e-11	5	0	0	34	5448
SM00730	PSN	0.999999999987889	-1.21108724686851e-11	5	0	0	34	5448
SM00414	H2A	0.999999999987889	-1.21108724686851e-11	5	0	0	34	5448
SM00879	Brix	0.999999999987889	-1.21108724686851e-11	5	0	0	34	5448
SM00461	WH1	0.999999999987889	-1.21108724686851e-11	5	0	0	34	5448
SM00861	Transket_pyr	0.999999999987889	-1.21108724686851e-11	5	0	0	34	5448
SM01411	Ephrin_rec_like	0.999999999987889	-1.21108724686851e-11	5	0	0	34	5448
SM00045	DAGKa	0.999999999987889	-1.21108724686851e-11	5	0	0	34	5448
SM00630	Sema	0.999999999987889	-1.21108724686851e-11	5	0	0	34	5448
SM00801	dDENN	0.999999999987889	-1.21108724686851e-11	5	0	0	34	5448
SM00423	PSI	0.999999999987889	-1.21108724686851e-11	5	0	0	34	5448
SM00451	ZnF_U1	0.999999999989377	-1.06227418697401e-11	9	0	0	34	5448
SM00314	RA	0.999999999989377	-1.06227418697401e-11	9	0	0	34	5448
SM00918	Lig_chan-Glu_bd	0.999999999989377	-1.06227418697401e-11	9	0	0	34	5448
SM00072	GuKc	0.999999999989377	-1.06227418697401e-11	9	0	0	34	5448
SM00494	ChtBD2	0.999999999989377	-1.06227418697401e-11	9	0	0	34	5448
SM00079	PBPe	0.999999999989377	-1.06227418697401e-11	9	0	0	34	5448
SM00724	TLC	0.999999999989377	-1.06227418697401e-11	9	0	0	34	5448
SM00116	CBS	0.999999999989377	-1.06227418697401e-11	9	0	0	34	5448
SM00471	HDc	0.999999999989377	-1.06227418697401e-11	9	0	0	34	5448
SM01189	ELM2	0.999999999989377	-1.06227418697401e-11	9	0	0	34	5448
SM01117	Cyt-b5	0.999999999989377	-1.06227418697401e-11	9	0	0	34	5448
SM00428	H3	0.999999999989377	-1.06227418697401e-11	9	0	0	34	5448
SM00015	IQ	0.999999999989377	-1.06227418697401e-11	9	0	0	34	5448
SM00702	P4Hc	0.999999999989377	-1.06227418697401e-11	9	0	0	34	5448
SM00119	HECTc	0.999999999989377	-1.06227418697401e-11	9	0	0	34	5448
SM00595	MADF	0.999999999989377	-1.06227418697401e-11	9	0	0	34	5448
SM00049	DEP	0.999999999989377	-1.06227418697401e-11	9	0	0	34	5448
SM00848	Inhibitor_I29	0.999999999989377	-1.06227418697401e-11	9	0	0	34	5448
SM00025	Pumilio	0.999999999990265	-9.73463290397125e-12	11	0	0	34	5448
SM00301	DM	0.999999999990265	-9.73463290397125e-12	11	0	0	34	5448
SM00268	ACTIN	0.999999999990265	-9.73463290397125e-12	11	0	0	34	5448
SM00112	CA	0.999999999990265	-9.73463290397125e-12	11	0	0	34	5448
SM00847	HA2	0.999999999990265	-9.73463290397125e-12	11	0	0	34	5448
SM00312	PX	0.999999999990265	-9.73463290397125e-12	11	0	0	34	5448
SM00449	SPRY	0.999999999990265	-9.73463290397125e-12	11	0	0	34	5448
SM00180	EGF_Lam	0.999999999990265	-9.73463290397125e-12	11	0	0	34	5448
SM00647	IBR	0.999999999990265	-9.73463290397125e-12	11	0	0	34	5448
SM00244	PHB	0.999999999990265	-9.73463290397125e-12	11	0	0	34	5448
SM00831	Cation_ATPase_N	0.999999999990265	-9.73463290397125e-12	11	0	0	34	5448
SM00343	ZnF_C2HC	0.999999999990265	-9.73463290397125e-12	11	0	0	34	5448
SM00332	PP2Cc	0.999999999990265	-9.73463290397125e-12	11	0	0	34	5448
SM00061	MATH	0.999999999990985	-9.01527134760575e-12	75	0	0	34	5448
SM00485	XPGN	0.99999999999152	-8.47976859233853e-12	4	0	0	34	5448
SM00666	PB1	0.99999999999152	-8.47976859233853e-12	4	0	0	34	5448
SM00642	Aamy	0.99999999999152	-8.47976859233853e-12	4	0	0	34	5448
SM00027	EH	0.99999999999152	-8.47976859233853e-12	4	0	0	34	5448
SM00427	H2B	0.99999999999152	-8.47976859233853e-12	4	0	0	34	5448
SM00484	XPGI	0.99999999999152	-8.47976859233853e-12	4	0	0	34	5448
SM00533	MUTSd	0.99999999999152	-8.47976859233853e-12	4	0	0	34	5448
SM00406	IGv	0.99999999999152	-8.47976859233853e-12	4	0	0	34	5448
SM00145	PI3Ka	0.99999999999152	-8.47976859233853e-12	4	0	0	34	5448
SM00440	ZnF_C2C2	0.99999999999152	-8.47976859233853e-12	4	0	0	34	5448
SM00115	CASc	0.99999999999152	-8.47976859233853e-12	4	0	0	34	5448
SM00604	MD	0.99999999999152	-8.47976859233853e-12	4	0	0	34	5448
SM01343	FATC	0.99999999999152	-8.47976859233853e-12	4	0	0	34	5448
SM00674	CENPB	0.99999999999152	-8.47976859233853e-12	4	0	0	34	5448
SM00279	HhH2	0.99999999999152	-8.47976859233853e-12	4	0	0	34	5448
SM00568	GRAM	0.99999999999152	-8.47976859233853e-12	4	0	0	34	5448
SM00679	CTNS	0.99999999999152	-8.47976859233853e-12	4	0	0	34	5448
SM00846	Gp_dh_N	0.99999999999152	-8.47976859233853e-12	4	0	0	34	5448
SM00050	DISIN	0.99999999999152	-8.47976859233853e-12	4	0	0	34	5448
SM00557	IG_FLMN	0.99999999999152	-8.47976859233853e-12	4	0	0	34	5448
SM00727	STI1	0.99999999999152	-8.47976859233853e-12	4	0	0	34	5448
SM00390	GoLoco	0.99999999999152	-8.47976859233853e-12	4	0	0	34	5448
SM00913	IBN_N	0.99999999999152	-8.47976859233853e-12	4	0	0	34	5448
SM01330	Frizzled	0.99999999999152	-8.47976859233853e-12	4	0	0	34	5448
SM00281	LamB	0.99999999999152	-8.47976859233853e-12	4	0	0	34	5448
SM00439	BAH	0.99999999999152	-8.47976859233853e-12	4	0	0	34	5448
SM00546	CUE	0.99999999999152	-8.47976859233853e-12	4	0	0	34	5448
SM01053	CaMBD	0.99999999999152	-8.47976859233853e-12	4	0	0	34	5448
SM01372	E2F_TDP	0.99999999999152	-8.47976859233853e-12	4	0	0	34	5448
SM00335	ANX	0.99999999999152	-8.47976859233853e-12	4	0	0	34	5448
SM00745	MIT	0.99999999999152	-8.47976859233853e-12	4	0	0	34	5448
SM00474	35EXOc	0.99999999999152	-8.47976859233853e-12	4	0	0	34	5448
SM00102	ADF	0.99999999999152	-8.47976859233853e-12	4	0	0	34	5448
SM01026	Beach	0.99999999999152	-8.47976859233853e-12	4	0	0	34	5448
SM00224	GGL	0.99999999999152	-8.47976859233853e-12	4	0	0	34	5448
SM00258	SAND	0.99999999999152	-8.47976859233853e-12	4	0	0	34	5448
SM00446	LRRcap	0.99999999999152	-8.47976859233853e-12	4	0	0	34	5448
SM01195	FA	0.99999999999152	-8.47976859233853e-12	4	0	0	34	5448
SM00678	WWE	0.99999999999152	-8.47976859233853e-12	4	0	0	34	5448
SM00387	HATPase_c	0.99999999999152	-8.47976859233853e-12	4	0	0	34	5448
SM00889	EFG_IV	0.99999999999152	-8.47976859233853e-12	4	0	0	34	5448
SM01027	Beta-Casp	0.99999999999152	-8.47976859233853e-12	4	0	0	34	5448
SM00429	IPT	0.99999999999152	-8.47976859233853e-12	4	0	0	34	5448
SM00217	WAP	0.99999999999152	-8.47976859233853e-12	4	0	0	34	5448
SM01388	Mob1_phocein	0.99999999999152	-8.47976859233853e-12	4	0	0	34	5448
SM00444	GYF	0.99999999999152	-8.47976859233853e-12	4	0	0	34	5448
SM00013	LRRNT	0.99999999999152	-8.47976859233853e-12	4	0	0	34	5448
SM00534	MUTSac	0.99999999999152	-8.47976859233853e-12	4	0	0	34	5448
SM00288	VHS	0.99999999999152	-8.47976859233853e-12	4	0	0	34	5448
SM00584	TLDc	0.99999999999152	-8.47976859233853e-12	4	0	0	34	5448
SM00463	SMR	0.99999999999152	-8.47976859233853e-12	4	0	0	34	5448
SM00246	WH2	0.99999999999152	-8.47976859233853e-12	4	0	0	34	5448
SM00033	CH	0.999999999992111	-7.88909615244305e-12	24	0	0	34	5448
SM00216	VWD	0.999999999992477	-7.52299810552791e-12	7	0	0	34	5448
SM00523	DWA	0.999999999992477	-7.52299810552791e-12	7	0	0	34	5448
SM00234	START	0.999999999992477	-7.52299810552791e-12	7	0	0	34	5448
SM00032	CCP	0.999999999992477	-7.52299810552791e-12	7	0	0	34	5448
SM00165	UBA	0.999999999992477	-7.52299810552791e-12	7	0	0	34	5448
SM00386	HAT	0.999999999992477	-7.52299810552791e-12	7	0	0	34	5448
SM00526	H15	0.999999999992477	-7.52299810552791e-12	7	0	0	34	5448
SM00664	DoH	0.999999999992477	-7.52299810552791e-12	7	0	0	34	5448
SM00182	CULLIN	0.999999999992477	-7.52299810552791e-12	7	0	0	34	5448
SM00150	SPEC	0.999999999992477	-7.52299810552791e-12	7	0	0	34	5448
SM00498	FH2	0.999999999992477	-7.52299810552791e-12	7	0	0	34	5448
SM00948	Proteasome_A_N	0.999999999992477	-7.52299810552791e-12	7	0	0	34	5448
SM00744	RINGv	0.999999999992477	-7.52299810552791e-12	7	0	0	34	5448
SM00513	SAP	0.999999999992477	-7.52299810552791e-12	7	0	0	34	5448
SM00055	FCH	0.999999999992477	-7.52299810552791e-12	7	0	0	34	5448
SM00232	JAB_MPN	0.999999999992477	-7.52299810552791e-12	7	0	0	34	5448
SM00396	ZnF_UBR1	0.999999999992477	-7.52299810552791e-12	7	0	0	34	5448
SM00326	SH3	0.999999999993796	-6.20446438136392e-12	57	0	0	34	5448
SM00729	Elp3	0.999999999994172	-5.82792028874679e-12	6	0	0	34	5448
SM00229	RasGEFN	0.999999999994172	-5.82792028874679e-12	6	0	0	34	5448
SM00591	RWD	0.999999999994172	-5.82792028874679e-12	6	0	0	34	5448
SM00155	PLDc	0.999999999994172	-5.82792028874679e-12	6	0	0	34	5448
SM01109	CUT	0.999999999994172	-5.82792028874679e-12	6	0	0	34	5448
SM00316	S1	0.999999999994172	-5.82792028874679e-12	6	0	0	34	5448
SM00008	HormR	0.999999999994172	-5.82792028874679e-12	6	0	0	34	5448
SM00105	ArfGap	0.999999999994172	-5.82792028874679e-12	6	0	0	34	5448
SM00551	ZnF_TAZ	0.999999999994172	-5.82792028874679e-12	6	0	0	34	5448
SM00273	ENTH	0.999999999994172	-5.82792028874679e-12	6	0	0	34	5448
SM00668	CTLH	0.999999999994172	-5.82792028874679e-12	6	0	0	34	5448
SM01057	Carb_anhydrase	0.999999999994172	-5.82792028874679e-12	6	0	0	34	5448
SM00855	PGAM	0.999999999994172	-5.82792028874679e-12	6	0	0	34	5448
SM00884	Cullin_Nedd8	0.999999999994172	-5.82792028874679e-12	6	0	0	34	5448
SM00593	RUN	0.999999999994172	-5.82792028874679e-12	6	0	0	34	5448
SM00508	PostSET	0.999999999994172	-5.82792028874679e-12	6	0	0	34	5448
SM00350	MCM	0.999999999994172	-5.82792028874679e-12	6	0	0	34	5448
SM00665	B561	0.999999999994172	-5.82792028874679e-12	6	0	0	34	5448
SM00539	NIDO	0.999999999994172	-5.82792028874679e-12	6	0	0	34	5448
SM00211	TY	0.999999999994172	-5.82792028874679e-12	6	0	0	34	5448
SM01332	Cyclin_C	0.999999999994172	-5.82792028874679e-12	6	0	0	34	5448
SM01375	Dynein_light	0.999999999994172	-5.82792028874679e-12	6	0	0	34	5448
SM00135	LY	0.999999999994172	-5.82792028874679e-12	6	0	0	34	5448
SM00149	PLCYc	0.999999999994172	-5.82792028874679e-12	6	0	0	34	5448
SM00537	DCX	0.999999999994172	-5.82792028874679e-12	6	0	0	34	5448
SM00838	EFG_C	0.999999999994172	-5.82792028874679e-12	6	0	0	34	5448
SM00148	PLCXc	0.999999999994172	-5.82792028874679e-12	6	0	0	34	5448
SM01329	Iso_dh	0.999999999994172	-5.82792028874679e-12	6	0	0	34	5448
SM00720	calpain_III	0.999999999994172	-5.82792028874679e-12	6	0	0	34	5448
SM00091	PAS	0.999999999994172	-5.82792028874679e-12	6	0	0	34	5448
SM00046	DAGKc	0.999999999994172	-5.82792028874679e-12	6	0	0	34	5448
SM00543	MIF4G	0.999999999994172	-5.82792028874679e-12	6	0	0	34	5448
SM00500	SFM	0.999999999994217	-5.7826780812246e-12	2	0	0	34	5448
SM00018	PD	0.999999999994217	-5.7826780812246e-12	2	0	0	34	5448
SM00562	NDK	0.999999999994217	-5.7826780812246e-12	2	0	0	34	5448
SM01200	FerA	0.999999999994217	-5.7826780812246e-12	2	0	0	34	5448
SM01336	zf-PARP	0.999999999994217	-5.7826780812246e-12	2	0	0	34	5448
SM00432	MADS	0.999999999994217	-5.7826780812246e-12	2	0	0	34	5448
SM00956	RQC	0.999999999994217	-5.7826780812246e-12	2	0	0	34	5448
SM00978	Tim44	0.999999999994217	-5.7826780812246e-12	2	0	0	34	5448
SM00384	AT_hook	0.999999999994217	-5.7826780812246e-12	2	0	0	34	5448
SM00191	Int_alpha	0.999999999994217	-5.7826780812246e-12	2	0	0	34	5448
SM00722	CASH	0.999999999994217	-5.7826780812246e-12	2	0	0	34	5448
SM01362	DUF663	0.999999999994217	-5.7826780812246e-12	2	0	0	34	5448
SM01147	DUF1087	0.999999999994217	-5.7826780812246e-12	2	0	0	34	5448
SM01062	Ca_chan_IQ	0.999999999994217	-5.7826780812246e-12	2	0	0	34	5448
SM00851	MGS	0.999999999994217	-5.7826780812246e-12	2	0	0	34	5448
SM00652	eIF1a	0.999999999994217	-5.7826780812246e-12	2	0	0	34	5448
SM00561	MBT	0.999999999994217	-5.7826780812246e-12	2	0	0	34	5448
SM00214	VWC	0.999999999994217	-5.7826780812246e-12	2	0	0	34	5448
SM00662	RPOLD	0.999999999994217	-5.7826780812246e-12	2	0	0	34	5448
SM01246	Josephin	0.999999999994217	-5.7826780812246e-12	2	0	0	34	5448
SM00535	RIBOc	0.999999999994217	-5.7826780812246e-12	2	0	0	34	5448
SM00559	Ku78	0.999999999994217	-5.7826780812246e-12	2	0	0	34	5448
SM00785	AARP2CN	0.999999999994217	-5.7826780812246e-12	2	0	0	34	5448
SM01407	NAC	0.999999999994217	-5.7826780812246e-12	2	0	0	34	5448
SM00755	Grip	0.999999999994217	-5.7826780812246e-12	2	0	0	34	5448
SM00657	RPOL4c	0.999999999994217	-5.7826780812246e-12	2	0	0	34	5448
SM00468	PreSET	0.999999999994217	-5.7826780812246e-12	2	0	0	34	5448
SM01142	DSHCT	0.999999999994217	-5.7826780812246e-12	2	0	0	34	5448
SM00114	CARD	0.999999999994217	-5.7826780812246e-12	2	0	0	34	5448
SM00111	C4	0.999999999994217	-5.7826780812246e-12	2	0	0	34	5448
SM01378	Romo1	0.999999999994217	-5.7826780812246e-12	2	0	0	34	5448
SM01270	Longin	0.999999999994217	-5.7826780812246e-12	2	0	0	34	5448
SM00517	PolyA	0.999999999994217	-5.7826780812246e-12	2	0	0	34	5448
SM01383	Ribosomal_L2	0.999999999994217	-5.7826780812246e-12	2	0	0	34	5448
SM00277	GRAN	0.999999999994217	-5.7826780812246e-12	2	0	0	34	5448
SM01132	DIL	0.999999999994217	-5.7826780812246e-12	2	0	0	34	5448
SM00649	RL11	0.999999999994217	-5.7826780812246e-12	2	0	0	34	5448
SM01145	DUF1041	0.999999999994217	-5.7826780812246e-12	2	0	0	34	5448
SM01340	DNA_mis_repair	0.999999999994217	-5.7826780812246e-12	2	0	0	34	5448
SM01003	AlaDh_PNT_N	0.999999999994217	-5.7826780812246e-12	2	0	0	34	5448
SM00521	CBF	0.999999999994217	-5.7826780812246e-12	2	0	0	34	5448
SM01415	DUF106	0.999999999994217	-5.7826780812246e-12	2	0	0	34	5448
SM00955	RNB	0.999999999994217	-5.7826780812246e-12	2	0	0	34	5448
SM00251	SAM_PNT	0.999999999994217	-5.7826780812246e-12	2	0	0	34	5448
SM00732	YqgFc	0.999999999994217	-5.7826780812246e-12	2	0	0	34	5448
SM00300	ChSh	0.999999999994217	-5.7826780812246e-12	2	0	0	34	5448
SM00576	BTP	0.999999999994217	-5.7826780812246e-12	2	0	0	34	5448
SM00313	PXA	0.999999999994217	-5.7826780812246e-12	2	0	0	34	5448
SM00757	CRA	0.999999999994217	-5.7826780812246e-12	2	0	0	34	5448
SM01166	DUF1899	0.999999999994217	-5.7826780812246e-12	2	0	0	34	5448
SM01263	Leuk-A4-hydro_C	0.999999999994217	-5.7826780812246e-12	2	0	0	34	5448
SM00442	FGF	0.999999999994217	-5.7826780812246e-12	2	0	0	34	5448
SM00873	B3_4	0.999999999994217	-5.7826780812246e-12	2	0	0	34	5448
SM00167	VPS9	0.999999999994217	-5.7826780812246e-12	2	0	0	34	5448
SM00299	CLH	0.999999999994217	-5.7826780812246e-12	2	0	0	34	5448
SM00363	S4	0.999999999994217	-5.7826780812246e-12	2	0	0	34	5448
SM00238	BIR	0.999999999994217	-5.7826780812246e-12	2	0	0	34	5448
SM01114	CXC	0.999999999994217	-5.7826780812246e-12	2	0	0	34	5448
SM00101	14_3_3	0.999999999994217	-5.7826780812246e-12	2	0	0	34	5448
SM01271	LSM14	0.999999999994217	-5.7826780812246e-12	2	0	0	34	5448
SM01338	NOD	0.999999999994217	-5.7826780812246e-12	2	0	0	34	5448
SM00202	SR	0.999999999994217	-5.7826780812246e-12	2	0	0	34	5448
SM00981	THUMP	0.999999999994217	-5.7826780812246e-12	2	0	0	34	5448
SM01141	DRY_EERY	0.999999999994217	-5.7826780812246e-12	2	0	0	34	5448
SM01010	AMPKBI	0.999999999994217	-5.7826780812246e-12	2	0	0	34	5448
SM01390	Ribosomal_S4	0.999999999994217	-5.7826780812246e-12	2	0	0	34	5448
SM00592	BRK	0.999999999994217	-5.7826780812246e-12	2	0	0	34	5448
SM01146	DUF1086	0.999999999994217	-5.7826780812246e-12	2	0	0	34	5448
SM00253	SOCS	0.999999999994217	-5.7826780812246e-12	2	0	0	34	5448
SM01072	CDC48_2	0.999999999994217	-5.7826780812246e-12	2	0	0	34	5448
SM00751	BSD	0.999999999994217	-5.7826780812246e-12	2	0	0	34	5448
SM01269	Lipid_DES	0.999999999994217	-5.7826780812246e-12	2	0	0	34	5448
SM00331	PP2C_SIG	0.999999999994217	-5.7826780812246e-12	2	0	0	34	5448
SM00065	GAF	0.999999999994217	-5.7826780812246e-12	2	0	0	34	5448
SM00394	RIIa	0.999999999994217	-5.7826780812246e-12	2	0	0	34	5448
SM00308	LH2	0.999999999994217	-5.7826780812246e-12	2	0	0	34	5448
SM01382	Ribosomal_L2_C	0.999999999994217	-5.7826780812246e-12	2	0	0	34	5448
SM00467	GS	0.999999999994217	-5.7826780812246e-12	2	0	0	34	5448
SM00436	TOP1Bc	0.999999999994217	-5.7826780812246e-12	2	0	0	34	5448
SM00992	YccV-like	0.999999999994217	-5.7826780812246e-12	2	0	0	34	5448
SM00311	PWI	0.999999999994217	-5.7826780812246e-12	2	0	0	34	5448
SM00482	POLAc	0.999999999994217	-5.7826780812246e-12	2	0	0	34	5448
SM00580	PUG	0.999999999994217	-5.7826780812246e-12	2	0	0	34	5448
SM00661	RPOL9	0.999999999994217	-5.7826780812246e-12	2	0	0	34	5448
SM00960	Robl_LC7	0.999999999994217	-5.7826780812246e-12	2	0	0	34	5448
SM00736	CADG	0.999999999994217	-5.7826780812246e-12	2	0	0	34	5448
SM00438	ZnF_NFX	0.999999999994217	-5.7826780812246e-12	2	0	0	34	5448
SM01339	NODP	0.999999999994217	-5.7826780812246e-12	2	0	0	34	5448
SM00153	VHP	0.999999999994217	-5.7826780812246e-12	2	0	0	34	5448
SM01283	Costars	0.999999999994217	-5.7826780812246e-12	2	0	0	34	5448
SM00545	JmjN	0.999999999994217	-5.7826780812246e-12	2	0	0	34	5448
SM00836	DALR_1	0.999999999994217	-5.7826780812246e-12	2	0	0	34	5448
SM00437	TOP1Ac	0.999999999994217	-5.7826780812246e-12	2	0	0	34	5448
SM00460	TGc	0.999999999994217	-5.7826780812246e-12	2	0	0	34	5448
SM00259	ZnF_A20	0.999999999994217	-5.7826780812246e-12	2	0	0	34	5448
SM00962	SRP54	0.999999999994217	-5.7826780812246e-12	2	0	0	34	5448
SM01376	eIF-5a	0.999999999994217	-5.7826780812246e-12	2	0	0	34	5448
SM00695	DUSP	0.999999999994217	-5.7826780812246e-12	2	0	0	34	5448
SM00255	TIR	0.999999999994217	-5.7826780812246e-12	2	0	0	34	5448
SM00608	ACR	0.999999999994217	-5.7826780812246e-12	2	0	0	34	5448
SM01002	AlaDh_PNT_C	0.999999999994217	-5.7826780812246e-12	2	0	0	34	5448
SM00043	CY	0.999999999994217	-5.7826780812246e-12	2	0	0	34	5448
SM01201	FerB	0.999999999994217	-5.7826780812246e-12	2	0	0	34	5448
SM00893	ETF	0.999999999994217	-5.7826780812246e-12	2	0	0	34	5448
SM00493	TOPRIM	0.999999999994217	-5.7826780812246e-12	2	0	0	34	5448
SM00307	ILWEQ	0.999999999994217	-5.7826780812246e-12	2	0	0	34	5448
SM01070	CDC37_M	0.999999999994217	-5.7826780812246e-12	2	0	0	34	5448
SM00963	SRP54_N	0.999999999994217	-5.7826780812246e-12	2	0	0	34	5448
SM00160	RanBD	0.999999999994217	-5.7826780812246e-12	2	0	0	34	5448
SM00472	MIR	0.999999999994217	-5.7826780812246e-12	2	0	0	34	5448
SM00415	HSF	0.999999999994217	-5.7826780812246e-12	2	0	0	34	5448
SM00323	RasGAP	0.999999999994217	-5.7826780812246e-12	2	0	0	34	5448
SM00881	CoA_binding	0.999999999994217	-5.7826780812246e-12	2	0	0	34	5448
SM00907	GDNF	0.999999999994217	-5.7826780812246e-12	2	0	0	34	5448
SM00544	MA3	0.999999999994217	-5.7826780812246e-12	2	0	0	34	5448
SM01399	Sybindin	0.999999999994217	-5.7826780812246e-12	2	0	0	34	5448
SM01086	ClpB_D2-small	0.999999999994217	-5.7826780812246e-12	2	0	0	34	5448
SM01182	EF-1_beta_acid	0.999999999994217	-5.7826780812246e-12	2	0	0	34	5448
SM00891	ERCC4	0.999999999994217	-5.7826780812246e-12	2	0	0	34	5448
SM00200	SEA	0.999999999994217	-5.7826780812246e-12	2	0	0	34	5448
SM00004	NL	0.999999999994217	-5.7826780812246e-12	2	0	0	34	5448
SM00888	EF1_GNE	0.999999999994217	-5.7826780812246e-12	2	0	0	34	5448
SM00712	PUR	0.999999999994217	-5.7826780812246e-12	2	0	0	34	5448
SM01065	CBM_2	0.999999999994217	-5.7826780812246e-12	2	0	0	34	5448
SM00775	LNS2	0.999999999994217	-5.7826780812246e-12	2	0	0	34	5448
SM00391	MBD	0.999999999994217	-5.7826780812246e-12	2	0	0	34	5448
SM01127	DDHD	0.999999999994217	-5.7826780812246e-12	2	0	0	34	5448
SM00573	HSA	0.999999999994217	-5.7826780812246e-12	2	0	0	34	5448
SM00671	SEL1	0.999999999994217	-5.7826780812246e-12	2	0	0	34	5448
SM00594	UAS	0.999999999994217	-5.7826780812246e-12	2	0	0	34	5448
SM00947	Pro_CA	0.999999999994217	-5.7826780812246e-12	2	0	0	34	5448
SM01194	eRF1_1	0.999999999994217	-5.7826780812246e-12	2	0	0	34	5448
SM00302	GED	0.999999999994217	-5.7826780812246e-12	2	0	0	34	5448
SM00731	SprT	0.999999999994217	-5.7826780812246e-12	2	0	0	34	5448
SM01326	PTEN_C2	0.999999999994217	-5.7826780812246e-12	2	0	0	34	5448
SM00572	DZF	0.999999999994217	-5.7826780812246e-12	2	0	0	34	5448
SM01084	CKS	0.999999999994217	-5.7826780812246e-12	2	0	0	34	5448
SM00650	rADc	0.999999999994217	-5.7826780812246e-12	2	0	0	34	5448
SM00223	APPLE	0.999999999994217	-5.7826780812246e-12	2	0	0	34	5448
SM01370	TAFII55_N	0.999999999994217	-5.7826780812246e-12	2	0	0	34	5448
SM01374	Ribosomal_L14	0.999999999994217	-5.7826780812246e-12	2	0	0	34	5448
SM01008	Ald_Xan_dh_C	0.999999999994217	-5.7826780812246e-12	2	0	0	34	5448
SM00144	PI3K_rbd	0.999999999994217	-5.7826780812246e-12	2	0	0	34	5448
SM00147	RasGEF	0.99999999999473	-5.27001534103214e-12	8	0	0	34	5448
SM01190	EMP24_GP25L	0.99999999999473	-5.27001534103214e-12	8	0	0	34	5448
SM00524	DWB	0.99999999999473	-5.27001534103214e-12	8	0	0	34	5448
SM00082	LRRCT	0.99999999999473	-5.27001534103214e-12	8	0	0	34	5448
SM00274	FOLN	0.99999999999473	-5.27001534103214e-12	8	0	0	34	5448
SM00667	LisH	0.99999999999473	-5.27001534103214e-12	8	0	0	34	5448
SM00285	PBD	0.99999999999473	-5.27001534103214e-12	8	0	0	34	5448
SM00458	RICIN	0.99999999999473	-5.27001534103214e-12	8	0	0	34	5448
SM00413	ETS	0.99999999999473	-5.27001534103214e-12	8	0	0	34	5448
SM00333	TUDOR	0.99999999999473	-5.27001534103214e-12	8	0	0	34	5448
SM01349	TOG	0.99999999999473	-5.27001534103214e-12	8	0	0	34	5448
SM00358	DSRM	0.99999999999473	-5.27001534103214e-12	8	0	0	34	5448
SM00547	ZnF_RBZ	0.99999999999473	-5.27001534103214e-12	8	0	0	34	5448
SM00322	KH	0.999999999994734	-5.26648861317681e-12	27	0	0	34	5448
SM00276	GLECT	0.999999999994735	-5.26465852526699e-12	25	0	0	34	5448
SM00213	UBQ	0.999999999994735	-5.26465852526699e-12	25	0	0	34	5448
SM01017	Arrestin_C	0.999999999994735	-5.26465852526699e-12	25	0	0	34	5448
SM00908	Gal-bind_lectin	0.999999999994735	-5.26465852526699e-12	25	0	0	34	5448
SM00131	KU	0.999999999994752	-5.24784642118957e-12	35	0	0	34	5448
SM00249	PHD	0.999999999994752	-5.24784642118957e-12	35	0	0	34	5448
SM00723	AMOP	0.999999999994804	-5.19577626093411e-12	3	0	0	34	5448
SM00540	LEM	0.999999999994804	-5.19577626093411e-12	3	0	0	34	5448
SM01218	FoP_duplication	0.999999999994804	-5.19577626093411e-12	3	0	0	34	5448
SM00488	DEXDc2	0.999999999994804	-5.19577626093411e-12	3	0	0	34	5448
SM00726	UIM	0.999999999994804	-5.19577626093411e-12	3	0	0	34	5448
SM00827	PKS_AT	0.999999999994804	-5.19577626093411e-12	3	0	0	34	5448
SM00980	THAP	0.999999999994804	-5.19577626093411e-12	3	0	0	34	5448
SM00237	Calx_beta	0.999999999994804	-5.19577626093411e-12	3	0	0	34	5448
SM01041	BRO1	0.999999999994804	-5.19577626093411e-12	3	0	0	34	5448
SM00231	FA58C	0.999999999994804	-5.19577626093411e-12	3	0	0	34	5448
SM00393	R3H	0.999999999994804	-5.19577626093411e-12	3	0	0	34	5448
SM00872	Alpha-mann_mid	0.999999999994804	-5.19577626093411e-12	3	0	0	34	5448
SM00570	AWS	0.999999999994804	-5.19577626093411e-12	3	0	0	34	5448
SM00973	Sec63	0.999999999994804	-5.19577626093411e-12	3	0	0	34	5448
SM00142	PI3K_C2	0.999999999994804	-5.19577626093411e-12	3	0	0	34	5448
SM00491	HELICc2	0.999999999994804	-5.19577626093411e-12	3	0	0	34	5448
SM00139	MyTH4	0.999999999994804	-5.19577626093411e-12	3	0	0	34	5448
SM01073	CDC48_N	0.999999999994804	-5.19577626093411e-12	3	0	0	34	5448
SM00581	PSP	0.999999999994804	-5.19577626093411e-12	3	0	0	34	5448
SM00261	FU	0.999999999994804	-5.19577626093411e-12	3	0	0	34	5448
SM01139	Drf_FH3	0.999999999994804	-5.19577626093411e-12	3	0	0	34	5448
SM00137	MAM	0.999999999994804	-5.19577626093411e-12	3	0	0	34	5448
SM00825	PKS_KS	0.999999999994804	-5.19577626093411e-12	3	0	0	34	5448
SM00673	CARP	0.999999999994804	-5.19577626093411e-12	3	0	0	34	5448
SM00441	FF	0.999999999994804	-5.19577626093411e-12	3	0	0	34	5448
SM01178	DUF4217	0.999999999994804	-5.19577626093411e-12	3	0	0	34	5448
SM00571	DDT	0.999999999994804	-5.19577626093411e-12	3	0	0	34	5448
SM00085	PA2c	0.999999999994804	-5.19577626093411e-12	3	0	0	34	5448
SM00243	GAS2	0.999999999994804	-5.19577626093411e-12	3	0	0	34	5448
SM00041	CT	0.999999999994804	-5.19577626093411e-12	3	0	0	34	5448
SM00916	L51_S25_CI-B8	0.999999999994804	-5.19577626093411e-12	3	0	0	34	5448
SM01161	DUF1767	0.999999999994804	-5.19577626093411e-12	3	0	0	34	5448
SM00154	ZnF_AN1	0.999999999994804	-5.19577626093411e-12	3	0	0	34	5448
SM00564	PQQ	0.999999999994804	-5.19577626093411e-12	3	0	0	34	5448
SM00809	Alpha_adaptinC2	0.999999999994804	-5.19577626093411e-12	3	0	0	34	5448
SM00464	LON	0.999999999994804	-5.19577626093411e-12	3	0	0	34	5448
SM00686	DM13	0.999999999994804	-5.19577626093411e-12	3	0	0	34	5448
SM00264	BAG	0.999999999994804	-5.19577626093411e-12	3	0	0	34	5448
SM00852	MoCF_biosynth	0.999999999994804	-5.19577626093411e-12	3	0	0	34	5448
SM00341	HRDC	0.999999999994804	-5.19577626093411e-12	3	0	0	34	5448
SM00053	DYNc	0.999999999994804	-5.19577626093411e-12	3	0	0	34	5448
SM00969	SOCS_box	0.999999999994804	-5.19577626093411e-12	3	0	0	34	5448
SM00931	NOSIC	0.999999999994804	-5.19577626093411e-12	3	0	0	34	5448
SM00166	UBX	0.999999999994804	-5.19577626093411e-12	3	0	0	34	5448
SM00280	KAZAL	0.999999999994804	-5.19577626093411e-12	3	0	0	34	5448
SM00773	WGR	0.999999999994804	-5.19577626093411e-12	3	0	0	34	5448
SM00021	DAX	0.999999999994804	-5.19577626093411e-12	3	0	0	34	5448
SM00330	PIPKc	0.999999999994804	-5.19577626093411e-12	3	0	0	34	5448
SM00504	Ubox	0.999999999994804	-5.19577626093411e-12	3	0	0	34	5448
SM00704	ZnF_CDGSH	0.999999999994804	-5.19577626093411e-12	3	0	0	34	5448
SM00552	ADEAMc	0.999999999994804	-5.19577626093411e-12	3	0	0	34	5448
SM00663	RPOLA_N	0.999999999994804	-5.19577626093411e-12	3	0	0	34	5448
SM00693	DysFN	0.999999999994804	-5.19577626093411e-12	3	0	0	34	5448
SM00392	PROF	0.999999999994804	-5.19577626093411e-12	3	0	0	34	5448
SM00433	TOP2c	0.999999999994804	-5.19577626093411e-12	3	0	0	34	5448
SM00434	TOP4c	0.999999999994804	-5.19577626093411e-12	3	0	0	34	5448
SM00134	LU	0.999999999994804	-5.19577626093411e-12	3	0	0	34	5448
SM00090	RIO	0.999999999994804	-5.19577626093411e-12	3	0	0	34	5448
SM00270	ChtBD1	0.999999999994804	-5.19577626093411e-12	3	0	0	34	5448
SM00715	LA	0.999999999994804	-5.19577626093411e-12	3	0	0	34	5448
SM00991	WHEP-TRS	0.999999999994804	-5.19577626093411e-12	3	0	0	34	5448
SM01287	Rtt106	0.999999999994804	-5.19577626093411e-12	3	0	0	34	5448
SM00569	L27	0.999999999994804	-5.19577626093411e-12	3	0	0	34	5448
SM00863	tRNA_SAD	0.999999999994804	-5.19577626093411e-12	3	0	0	34	5448
SM00130	KR	0.999999999994804	-5.19577626093411e-12	3	0	0	34	5448
SM00284	OLF	0.999999999994804	-5.19577626093411e-12	3	0	0	34	5448
SM01403	Ribosomal_S10	0.999999999994804	-5.19577626093411e-12	3	0	0	34	5448
SM00352	POU	0.999999999994804	-5.19577626093411e-12	3	0	0	34	5448
SM00262	GEL	0.999999999994804	-5.19577626093411e-12	3	0	0	34	5448
SM00359	PUA	0.999999999994804	-5.19577626093411e-12	3	0	0	34	5448
SM00694	DysFC	0.999999999994804	-5.19577626093411e-12	3	0	0	34	5448
SM00151	SWIB	0.999999999994804	-5.19577626093411e-12	3	0	0	34	5448
SM01060	Catalase	0.999999999994804	-5.19577626093411e-12	3	0	0	34	5448
SM01015	Arfaptin	0.999999999994804	-5.19577626093411e-12	3	0	0	34	5448
SM00218	ZU5	0.999999999994804	-5.19577626093411e-12	3	0	0	34	5448
SM00823	PKS_PP	0.999999999994804	-5.19577626093411e-12	3	0	0	34	5448
SM01175	DUF4206	0.999999999994804	-5.19577626093411e-12	3	0	0	34	5448
SM00648	SWAP	0.999999999994804	-5.19577626093411e-12	3	0	0	34	5448
SM01140	Drf_GBD	0.999999999994804	-5.19577626093411e-12	3	0	0	34	5448
SM01007	Aldolase_II	0.999999999994804	-5.19577626093411e-12	3	0	0	34	5448
SM00735	ZM	0.999999999994804	-5.19577626093411e-12	3	0	0	34	5448
SM01337	APC10	0.999999999994804	-5.19577626093411e-12	3	0	0	34	5448
SM00233	PH	0.999999999994984	-5.01558274736978e-12	66	0	0	34	5448
SM00462	PTB	0.999999999996128	-3.87188569448569e-12	16	0	0	34	5448
SM00064	FYVE	0.999999999996128	-3.87188569448569e-12	16	0	0	34	5448
SM00717	SANT	0.999999999996128	-3.87188569448569e-12	16	0	0	34	5448
SM00864	Tubulin	0.999999999996128	-3.87188569448569e-12	16	0	0	34	5448
SM00398	HMG	0.999999999996128	-3.87188569448569e-12	16	0	0	34	5448
SM00320	WD40	0.999999999996244	-3.75589705801107e-12	127	0	0	34	5448
SM00645	Pept_C1	0.999999999996273	-3.72686694755543e-12	29	0	0	34	5448
SM00636	Glyco_18	0.999999999996658	-3.34192684599783e-12	31	0	0	34	5448
SM00109	C1	0.999999999996658	-3.34192684599783e-12	31	0	0	34	5448
SM00382	AAA	0.99999999999685	-3.1497224955585e-12	106	0	0	34	5448
SM00297	BROMO	0.999999999996937	-3.06286081623622e-12	15	0	0	34	5448
SM00563	PlsC	0.999999999996937	-3.06286081623622e-12	15	0	0	34	5448
SM00865	Tubulin_C	0.999999999996937	-3.06286081623622e-12	15	0	0	34	5448
SM00558	JmjC	0.999999999997009	-2.99147628874269e-12	12	0	0	34	5448
SM00849	Lactamase_B	0.999999999997009	-2.99147628874269e-12	12	0	0	34	5448
SM00230	CysPc	0.999999999997009	-2.99147628874269e-12	12	0	0	34	5448
SM00408	IGc2	0.99999999999711	-2.89037975280482e-12	50	0	0	34	5448
SM00605	CW	0.99999999999711	-2.89037975280482e-12	50	0	0	34	5448
SM00044	CYCc	0.999999999997322	-2.67788192680977e-12	37	0	0	34	5448
SM00583	SPK	0.999999999997322	-2.67788192680977e-12	37	0	0	34	5448
SM00409	IG	0.999999999997358	-2.64175776698627e-12	51	0	0	34	5448
SM00242	MYSc	0.999999999997795	-2.20550017701073e-12	18	0	0	34	5448
SM00385	CYCLIN	0.999999999997795	-2.20550017701073e-12	18	0	0	34	5448
SM00949	PAZ	0.999999999997795	-2.20550017701073e-12	18	0	0	34	5448
SM00295	B41	0.999999999997795	-2.20550017701073e-12	18	0	0	34	5448
SM00339	FH	0.999999999997795	-2.20550017701073e-12	18	0	0	34	5448
SM00315	RGS	0.999999999997795	-2.20550017701073e-12	18	0	0	34	5448
SM00353	HLH	0.99999999999791	-2.08967642706411e-12	36	0	0	34	5448
SM00235	ZnMc	0.999999999998828	-1.17171233911094e-12	46	0	0	34	5448
SM00054	EFh	0.999999999998928	-1.07225049166545e-12	53	0	0	34	5448
SM00252	SH2	0.999999999998928	-1.07225049166545e-12	53	0	0	34	5448
SM00133	S_TK_X	0.999999999998961	-1.03896402566859e-12	20	0	0	34	5448
SM00298	CHROMO	0.999999999998961	-1.03896402566859e-12	20	0	0	34	5448
SM00271	DnaJ	0.999999999999461	-5.39332981212588e-13	32	0	0	34	5448
SM00356	ZnF_C3H1	0.999999999999461	-5.39332981212588e-13	32	0	0	34	5448
SM00198	SCP	0.999999999999461	-5.39332981212588e-13	32	0	0	34	5448
SM00487	DEXDc	0.999999999999978	-2.19838929878134e-14	79	0	0	34	5448
SM00225	BTB	1	1.16656343454903e-15	126	0	0	34	5448
SM00248	ANK	1.00000000000008	7.76748122821901e-14	77	0	0	34	5448
SM00209	TSP1	1.00000000000064	6.42084269852095e-13	28	0	0	34	5448
SM00454	SAM	1.00000000000092	9.17818511259355e-13	17	0	0	34	5448
SM00651	Sm	1.00000000000092	9.17818511259355e-13	17	0	0	34	5448
SM01048	C6	1.00000000000092	9.17818511259355e-13	17	0	0	34	5448
SM00401	ZnF_GATA	1.00000000000176	1.76472812085727e-12	13	0	0	34	5448
SM00450	RHOD	1.00000000000176	1.76472812085727e-12	13	0	0	34	5448
SM00613	PAW	1.00000000000176	1.76472812085727e-12	13	0	0	34	5448
SM00631	Zn_pept	1.00000000000176	1.76472812085727e-12	13	0	0	34	5448
SM00875	BACK	1.00000000000176	1.76472812085727e-12	13	0	0	34	5448
SM00714	LITAF	1.00000000000176	1.76472812085727e-12	13	0	0	34	5448
SM00361	RRM_1	1.00000000000176	1.76472812085727e-12	13	0	0	34	5448
SM00088	PINT	1.00000000000176	1.76472812085727e-12	13	0	0	34	5448
SM00060	FN3	1.00000000000186	1.85851693364055e-12	38	0	0	34	5448
SM00369	LRR_TYP	1.00000000000186	1.85851693364055e-12	38	0	0	34	5448
SM00870	Asparaginase	1.00000000000188	1.87982528848663e-12	1	0	0	34	5448
SM01028	Beta-TrCP_D	1.00000000000188	1.87982528848663e-12	1	0	0	34	5448
SM01302	Raptor_N	1.00000000000188	1.87982528848663e-12	1	0	0	34	5448
SM00506	A1pp	1.00000000000188	1.87982528848663e-12	1	0	0	34	5448
SM00548	IRO	1.00000000000188	1.87982528848663e-12	1	0	0	34	5448
SM01272	LsmAD	1.00000000000188	1.87982528848663e-12	1	0	0	34	5448
SM00990	VRR_NUC	1.00000000000188	1.87982528848663e-12	1	0	0	34	5448
SM01313	Sec3-PIP2_bind	1.00000000000188	1.87982528848663e-12	1	0	0	34	5448
SM00227	NEBU	1.00000000000188	1.87982528848663e-12	1	0	0	34	5448
SM01077	Cg6151-P	1.00000000000188	1.87982528848663e-12	1	0	0	34	5448
SM00538	POP4	1.00000000000188	1.87982528848663e-12	1	0	0	34	5448
SM00465	GIYc	1.00000000000188	1.87982528848663e-12	1	0	0	34	5448
SM01133	DeoC	1.00000000000188	1.87982528848663e-12	1	0	0	34	5448
SM00746	TRASH	1.00000000000188	1.87982528848663e-12	1	0	0	34	5448
SM01181	E2_bind	1.00000000000188	1.87982528848663e-12	1	0	0	34	5448
SM01115	cwf21	1.00000000000188	1.87982528848663e-12	1	0	0	34	5448
SM01098	CPSF73-100_C	1.00000000000188	1.87982528848663e-12	1	0	0	34	5448
SM00928	NADH_4Fe-4S	1.00000000000188	1.87982528848663e-12	1	0	0	34	5448
SM00515	eIF5C	1.00000000000188	1.87982528848663e-12	1	0	0	34	5448
SM01397	Ribosomal_S3Ae	1.00000000000188	1.87982528848663e-12	1	0	0	34	5448
SM01092	CO_deh_flav_C	1.00000000000188	1.87982528848663e-12	1	0	0	34	5448
SM01135	DIRP	1.00000000000188	1.87982528848663e-12	1	0	0	34	5448
SM01311	RPOL_N	1.00000000000188	1.87982528848663e-12	1	0	0	34	5448
SM00859	Semialdhyde_dh	1.00000000000188	1.87982528848663e-12	1	0	0	34	5448
SM01023	BAF	1.00000000000188	1.87982528848663e-12	1	0	0	34	5448
SM00788	Adenylsucc_synt	1.00000000000188	1.87982528848663e-12	1	0	0	34	5448
SM01281	Med12	1.00000000000188	1.87982528848663e-12	1	0	0	34	5448
SM01267	LAG1_DNAbind	1.00000000000188	1.87982528848663e-12	1	0	0	34	5448
SM00099	btg1	1.00000000000188	1.87982528848663e-12	1	0	0	34	5448
SM00798	AICARFT_IMPCHas	1.00000000000188	1.87982528848663e-12	1	0	0	34	5448
SM01096	CPSase_L_D3	1.00000000000188	1.87982528848663e-12	1	0	0	34	5448
SM01168	DUF1907	1.00000000000188	1.87982528848663e-12	1	0	0	34	5448
SM00706	TECPR	1.00000000000188	1.87982528848663e-12	1	0	0	34	5448
SM01118	CYTH	1.00000000000188	1.87982528848663e-12	1	0	0	34	5448
SM00121	IB	1.00000000000188	1.87982528848663e-12	1	0	0	34	5448
SM01087	COG6	1.00000000000188	1.87982528848663e-12	1	0	0	34	5448
SM01314	SnAC	1.00000000000188	1.87982528848663e-12	1	0	0	34	5448
SM00995	AD	1.00000000000188	1.87982528848663e-12	1	0	0	34	5448
SM00707	RPEL	1.00000000000188	1.87982528848663e-12	1	0	0	34	5448
SM00919	Malic_M	1.00000000000188	1.87982528848663e-12	1	0	0	34	5448
SM01144	DTW	1.00000000000188	1.87982528848663e-12	1	0	0	34	5448
SM01124	DBR1	1.00000000000188	1.87982528848663e-12	1	0	0	34	5448
SM00692	DM3	1.00000000000188	1.87982528848663e-12	1	0	0	34	5448
SM01100	CRAL_TRIO_N	1.00000000000188	1.87982528848663e-12	1	0	0	34	5448
SM01371	TFIIA	1.00000000000188	1.87982528848663e-12	1	0	0	34	5448
SM00683	DM16	1.00000000000188	1.87982528848663e-12	1	0	0	34	5448
SM01071	CDC37_N	1.00000000000188	1.87982528848663e-12	1	0	0	34	5448
SM00853	MutL_C	1.00000000000188	1.87982528848663e-12	1	0	0	34	5448
SM01033	BING4CT	1.00000000000188	1.87982528848663e-12	1	0	0	34	5448
SM00062	PBPb	1.00000000000188	1.87982528848663e-12	1	0	0	34	5448
SM00278	HhH1	1.00000000000188	1.87982528848663e-12	1	0	0	34	5448
SM01153	DUF1693	1.00000000000188	1.87982528848663e-12	1	0	0	34	5448
SM00904	Flavokinase	1.00000000000188	1.87982528848663e-12	1	0	0	34	5448
SM01292	N1221	1.00000000000188	1.87982528848663e-12	1	0	0	34	5448
SM01030	BHD_1	1.00000000000188	1.87982528848663e-12	1	0	0	34	5448
SM01039	BRICHOS	1.00000000000188	1.87982528848663e-12	1	0	0	34	5448
SM01413	Ribosomal_S19e	1.00000000000188	1.87982528848663e-12	1	0	0	34	5448
SM01180	DWNN	1.00000000000188	1.87982528848663e-12	1	0	0	34	5448
SM00983	TPK_B1_binding	1.00000000000188	1.87982528848663e-12	1	0	0	34	5448
SM00555	GIT	1.00000000000188	1.87982528848663e-12	1	0	0	34	5448
SM01173	DUF4187	1.00000000000188	1.87982528848663e-12	1	0	0	34	5448
SM00206	NTR	1.00000000000188	1.87982528848663e-12	1	0	0	34	5448
SM01286	SPT16	1.00000000000188	1.87982528848663e-12	1	0	0	34	5448
SM00265	BH4	1.00000000000188	1.87982528848663e-12	1	0	0	34	5448
SM01389	Spt4	1.00000000000188	1.87982528848663e-12	1	0	0	34	5448
SM01031	BHD_2	1.00000000000188	1.87982528848663e-12	1	0	0	34	5448
SM00733	Mterf	1.00000000000188	1.87982528848663e-12	1	0	0	34	5448
SM01120	Dak2	1.00000000000188	1.87982528848663e-12	1	0	0	34	5448
SM01307	RICTOR_M	1.00000000000188	1.87982528848663e-12	1	0	0	34	5448
SM00986	UDG	1.00000000000188	1.87982528848663e-12	1	0	0	34	5448
SM01368	RB_A	1.00000000000188	1.87982528848663e-12	1	0	0	34	5448
SM00676	DM10	1.00000000000188	1.87982528848663e-12	1	0	0	34	5448
SM01075	CDT1	1.00000000000188	1.87982528848663e-12	1	0	0	34	5448
SM01278	MAPKK1_Int	1.00000000000188	1.87982528848663e-12	1	0	0	34	5448
SM00549	TAFH	1.00000000000188	1.87982528848663e-12	1	0	0	34	5448
SM01293	DUF3402	1.00000000000188	1.87982528848663e-12	1	0	0	34	5448
SM00812	Alpha_L_fucos	1.00000000000188	1.87982528848663e-12	1	0	0	34	5448
SM00984	UDPG_MGDP_dh_C	1.00000000000188	1.87982528848663e-12	1	0	0	34	5448
SM00459	Sorb	1.00000000000188	1.87982528848663e-12	1	0	0	34	5448
SM00505	Knot1	1.00000000000188	1.87982528848663e-12	1	0	0	34	5448
SM00811	Alpha_kinase	1.00000000000188	1.87982528848663e-12	1	0	0	34	5448
SM01051	CAMSAP_CKK	1.00000000000188	1.87982528848663e-12	1	0	0	34	5448
SM01047	C1_4	1.00000000000188	1.87982528848663e-12	1	0	0	34	5448
SM00711	TDU	1.00000000000188	1.87982528848663e-12	1	0	0	34	5448
SM00006	A4_EXTRA	1.00000000000188	1.87982528848663e-12	1	0	0	34	5448
SM01310	RICTOR_V	1.00000000000188	1.87982528848663e-12	1	0	0	34	5448
SM01416	Ribosomal_L19e	1.00000000000188	1.87982528848663e-12	1	0	0	34	5448
SM01398	Cornichon	1.00000000000188	1.87982528848663e-12	1	0	0	34	5448
SM00653	eIF2B_5	1.00000000000188	1.87982528848663e-12	1	0	0	34	5448
SM01035	BOP1NT	1.00000000000188	1.87982528848663e-12	1	0	0	34	5448
SM01241	Integrin_b_cyt	1.00000000000188	1.87982528848663e-12	1	0	0	34	5448
SM00709	Zpr1	1.00000000000188	1.87982528848663e-12	1	0	0	34	5448
SM01097	CPSase_sm_chain	1.00000000000188	1.87982528848663e-12	1	0	0	34	5448
SM01136	DKCLD	1.00000000000188	1.87982528848663e-12	1	0	0	34	5448
SM00615	EPH_lbd	1.00000000000188	1.87982528848663e-12	1	0	0	34	5448
SM00542	FYRC	1.00000000000188	1.87982528848663e-12	1	0	0	34	5448
SM00937	PCRF	1.00000000000188	1.87982528848663e-12	1	0	0	34	5448
SM01387	Ribosomal_S15	1.00000000000188	1.87982528848663e-12	1	0	0	34	5448
SM01377	Ribosomal_L40e	1.00000000000188	1.87982528848663e-12	1	0	0	34	5448
SM00643	C345C	1.00000000000188	1.87982528848663e-12	1	0	0	34	5448
SM01274	malic	1.00000000000188	1.87982528848663e-12	1	0	0	34	5448
SM00932	Nfu_N	1.00000000000188	1.87982528848663e-12	1	0	0	34	5448
SM00734	ZnF_Rad18	1.00000000000188	1.87982528848663e-12	1	0	0	34	5448
SM01206	Fibrillarin	1.00000000000188	1.87982528848663e-12	1	0	0	34	5448
SM00719	Plus3	1.00000000000188	1.87982528848663e-12	1	0	0	34	5448
SM00293	PWWP	1.00000000000188	1.87982528848663e-12	1	0	0	34	5448
SM01083	Cir_N	1.00000000000188	1.87982528848663e-12	1	0	0	34	5448
SM01199	FDF	1.00000000000188	1.87982528848663e-12	1	0	0	34	5448
SM01179	DUF862	1.00000000000188	1.87982528848663e-12	1	0	0	34	5448
SM01355	AP3B1_C	1.00000000000188	1.87982528848663e-12	1	0	0	34	5448
SM01361	A2M_recep	1.00000000000188	1.87982528848663e-12	1	0	0	34	5448
SM01198	FBA	1.00000000000188	1.87982528848663e-12	1	0	0	34	5448
SM00659	RPOLCX	1.00000000000188	1.87982528848663e-12	1	0	0	34	5448
SM01020	B2-adapt-app_C	1.00000000000188	1.87982528848663e-12	1	0	0	34	5448
SM01122	DBC1	1.00000000000188	1.87982528848663e-12	1	0	0	34	5448
SM01396	BC10	1.00000000000188	1.87982528848663e-12	1	0	0	34	5448
SM01102	CRM1_C	1.00000000000188	1.87982528848663e-12	1	0	0	34	5448
SM01296	N2227	1.00000000000188	1.87982528848663e-12	1	0	0	34	5448
SM01253	Kin17_mid	1.00000000000188	1.87982528848663e-12	1	0	0	34	5448
SM01380	Ribosomal_L31e	1.00000000000188	1.87982528848663e-12	1	0	0	34	5448
SM00762	Cog4	1.00000000000188	1.87982528848663e-12	1	0	0	34	5448
SM01220	FSA_C	1.00000000000188	1.87982528848663e-12	1	0	0	34	5448
SM00737	ML	1.00000000000188	1.87982528848663e-12	1	0	0	34	5448
SM00738	NGN	1.00000000000188	1.87982528848663e-12	1	0	0	34	5448
SM01395	Tbf5	1.00000000000188	1.87982528848663e-12	1	0	0	34	5448
SM00951	QLQ	1.00000000000188	1.87982528848663e-12	1	0	0	34	5448
SM01346	DUF3385	1.00000000000188	1.87982528848663e-12	1	0	0	34	5448
SM01210	GARS_C	1.00000000000188	1.87982528848663e-12	1	0	0	34	5448
SM00553	SEP	1.00000000000188	1.87982528848663e-12	1	0	0	34	5448
SM01347	Mre11_DNA_bind	1.00000000000188	1.87982528848663e-12	1	0	0	34	5448
SM01268	BTD	1.00000000000188	1.87982528848663e-12	1	0	0	34	5448
SM01018	B12-binding_2	1.00000000000188	1.87982528848663e-12	1	0	0	34	5448
SM01192	Enolase_C	1.00000000000188	1.87982528848663e-12	1	0	0	34	5448
SM01250	KAT11	1.00000000000188	1.87982528848663e-12	1	0	0	34	5448
SM00250	PLEC	1.00000000000188	1.87982528848663e-12	1	0	0	34	5448
SM01024	BCS1_N	1.00000000000188	1.87982528848663e-12	1	0	0	34	5448
SM00882	CoA_trans	1.00000000000188	1.87982528848663e-12	1	0	0	34	5448
SM01016	Arg_tRNA_synt_N	1.00000000000188	1.87982528848663e-12	1	0	0	34	5448
SM00658	RPOL8c	1.00000000000188	1.87982528848663e-12	1	0	0	34	5448
SM01159	DUF1744	1.00000000000188	1.87982528848663e-12	1	0	0	34	5448
SM01156	DUF1716	1.00000000000188	1.87982528848663e-12	1	0	0	34	5448
SM01265	Mab-21	1.00000000000188	1.87982528848663e-12	1	0	0	34	5448
SM01273	Mago-bind	1.00000000000188	1.87982528848663e-12	1	0	0	34	5448
SM01036	BP28CT	1.00000000000188	1.87982528848663e-12	1	0	0	34	5448
SM00567	EZ_HEAT	1.00000000000188	1.87982528848663e-12	1	0	0	34	5448
SM00187	INB	1.00000000000188	1.87982528848663e-12	1	0	0	34	5448
SM00478	ENDO3c	1.00000000000188	1.87982528848663e-12	1	0	0	34	5448
SM01138	DP	1.00000000000188	1.87982528848663e-12	1	0	0	34	5448
SM00996	AdoHcyase	1.00000000000188	1.87982528848663e-12	1	0	0	34	5448
SM00531	TFIIE	1.00000000000188	1.87982528848663e-12	1	0	0	34	5448
SM00530	HTH_XRE	1.00000000000188	1.87982528848663e-12	1	0	0	34	5448
SM01402	Ribosomal_S27	1.00000000000188	1.87982528848663e-12	1	0	0	34	5448
SM00826	PKS_DH	1.00000000000188	1.87982528848663e-12	1	0	0	34	5448
SM00554	FAS1	1.00000000000188	1.87982528848663e-12	1	0	0	34	5448
SM00455	RBD	1.00000000000188	1.87982528848663e-12	1	0	0	34	5448
SM00742	Hr1	1.00000000000188	1.87982528848663e-12	1	0	0	34	5448
SM01386	Ribosomal_S13_N	1.00000000000188	1.87982528848663e-12	1	0	0	34	5448
SM00874	B5	1.00000000000188	1.87982528848663e-12	1	0	0	34	5448
SM00632	Aamy_C	1.00000000000188	1.87982528848663e-12	1	0	0	34	5448
SM01186	eIF3_N	1.00000000000188	1.87982528848663e-12	1	0	0	34	5448
SM00883	Cpn10	1.00000000000188	1.87982528848663e-12	1	0	0	34	5448
SM01219	Frataxin_Cyay	1.00000000000188	1.87982528848663e-12	1	0	0	34	5448
SM01123	DBP10CT	1.00000000000188	1.87982528848663e-12	1	0	0	34	5448
SM01013	APC2	1.00000000000188	1.87982528848663e-12	1	0	0	34	5448
SM00896	FDX-ACB	1.00000000000188	1.87982528848663e-12	1	0	0	34	5448
SM01285	FACT-Spt16_Nlob	1.00000000000188	1.87982528848663e-12	1	0	0	34	5448
SM00518	AP2Ec	1.00000000000188	1.87982528848663e-12	1	0	0	34	5448
SM00536	AXH	1.00000000000188	1.87982528848663e-12	1	0	0	34	5448
SM01104	CTD	1.00000000000188	1.87982528848663e-12	1	0	0	34	5448
SM00808	FABD	1.00000000000188	1.87982528848663e-12	1	0	0	34	5448
SM00310	PTBI	1.00000000000188	1.87982528848663e-12	1	0	0	34	5448
SM01165	DUF1866	1.00000000000188	1.87982528848663e-12	1	0	0	34	5448
SM00541	FYRN	1.00000000000188	1.87982528848663e-12	1	0	0	34	5448
SM01152	DUF167	1.00000000000188	1.87982528848663e-12	1	0	0	34	5448
SM00967	SpoU_sub_bind	1.00000000000188	1.87982528848663e-12	1	0	0	34	5448
SM00892	Endonuclease_NS	1.00000000000188	1.87982528848663e-12	1	0	0	34	5448
SM01405	Ribosomal_S6e	1.00000000000188	1.87982528848663e-12	1	0	0	34	5448
SM00985	UBA_e1_C	1.00000000000188	1.87982528848663e-12	1	0	0	34	5448
SM00698	MORN	1.00000000000188	1.87982528848663e-12	1	0	0	34	5448
SM01176	DUF4208	1.00000000000188	1.87982528848663e-12	1	0	0	34	5448
SM00946	ProRS-C_1	1.00000000000188	1.87982528848663e-12	1	0	0	34	5448
SM00934	OMPdecase	1.00000000000188	1.87982528848663e-12	1	0	0	34	5448
SM00078	IlGF	1.00000000000188	1.87982528848663e-12	1	0	0	34	5448
SM00321	WSC	1.00000000000188	1.87982528848663e-12	1	0	0	34	5448
SM01359	A2M_N_2	1.00000000000188	1.87982528848663e-12	1	0	0	34	5448
SM00208	TNFR	1.00000000000188	1.87982528848663e-12	1	0	0	34	5448
SM00803	TAF	1.00000000000188	1.87982528848663e-12	1	0	0	34	5448
SM00226	LMWPc	1.00000000000188	1.87982528848663e-12	1	0	0	34	5448
SM01408	ING	1.00000000000188	1.87982528848663e-12	1	0	0	34	5448
SM01393	Ribosomal_L32e	1.00000000000188	1.87982528848663e-12	1	0	0	34	5448
SM01280	Mcm10	1.00000000000188	1.87982528848663e-12	1	0	0	34	5448
SM00510	TFS2M	1.00000000000188	1.87982528848663e-12	1	0	0	34	5448
SM01249	KASH	1.00000000000188	1.87982528848663e-12	1	0	0	34	5448
SM00993	YL1_C	1.00000000000188	1.87982528848663e-12	1	0	0	34	5448
SM01291	N-SET	1.00000000000188	1.87982528848663e-12	1	0	0	34	5448
SM00095	TR_THY	1.00000000000188	1.87982528848663e-12	1	0	0	34	5448
SM01367	DUF3452	1.00000000000188	1.87982528848663e-12	1	0	0	34	5448
SM00998	ADSL_C	1.00000000000188	1.87982528848663e-12	1	0	0	34	5448
SM01284	ECSIT_Cterm	1.00000000000188	1.87982528848663e-12	1	0	0	34	5448
SM01085	CK_II_beta	1.00000000000188	1.87982528848663e-12	1	0	0	34	5448
SM01183	EF1G	1.00000000000188	1.87982528848663e-12	1	0	0	34	5448
SM00469	WIF	1.00000000000188	1.87982528848663e-12	1	0	0	34	5448
SM01074	Cdc6_C	1.00000000000188	1.87982528848663e-12	1	0	0	34	5448
SM01069	CDC37_C	1.00000000000188	1.87982528848663e-12	1	0	0	34	5448
SM01000	Aha1_N	1.00000000000188	1.87982528848663e-12	1	0	0	34	5448
SM00750	KIND	1.00000000000188	1.87982528848663e-12	1	0	0	34	5448
SM01254	KLRAQ	1.00000000000188	1.87982528848663e-12	1	0	0	34	5448
SM01328	zf-3CxxC	1.00000000000188	1.87982528848663e-12	1	0	0	34	5448
SM00777	Mad3_BUB1_I	1.00000000000188	1.87982528848663e-12	1	0	0	34	5448
SM00588	NEUZ	1.00000000000188	1.87982528848663e-12	1	0	0	34	5448
SM01125	DCP2	1.00000000000188	1.87982528848663e-12	1	0	0	34	5448
SM00417	H4	1.00000000000188	1.87982528848663e-12	1	0	0	34	5448
SM01384	Ribosomal_L15e	1.00000000000188	1.87982528848663e-12	1	0	0	34	5448
SM01001	AIRC	1.00000000000188	1.87982528848663e-12	1	0	0	34	5448
SM01193	Enolase_N	1.00000000000188	1.87982528848663e-12	1	0	0	34	5448
SM00635	BID_2	1.00000000000188	1.87982528848663e-12	1	0	0	34	5448
SM01242	Integrin_B_tail	1.00000000000188	1.87982528848663e-12	1	0	0	34	5448
SM00929	NADH-G_4Fe-4S_3	1.00000000000188	1.87982528848663e-12	1	0	0	34	5448
SM01350	6PGD	1.00000000000188	1.87982528848663e-12	1	0	0	34	5448
SM01385	DSS1_SEM1	1.00000000000188	1.87982528848663e-12	1	0	0	34	5448
SM00318	SNc	1.00000000000188	1.87982528848663e-12	1	0	0	34	5448
SM01233	HABP4_PAI-RBP1	1.00000000000188	1.87982528848663e-12	1	0	0	34	5448
SM00997	AdoHcyase_NAD	1.00000000000188	1.87982528848663e-12	1	0	0	34	5448
SM00761	HDAC_interact	1.00000000000188	1.87982528848663e-12	1	0	0	34	5448
SM01128	DDRGK	1.00000000000188	1.87982528848663e-12	1	0	0	34	5448
SM00684	DM15	1.00000000000188	1.87982528848663e-12	1	0	0	34	5448
SM01137	DMAP_binding	1.00000000000188	1.87982528848663e-12	1	0	0	34	5448
SM01360	A2M	1.00000000000188	1.87982528848663e-12	1	0	0	34	5448
SM00509	TFS2N	1.00000000000188	1.87982528848663e-12	1	0	0	34	5448
SM01044	Btz	1.00000000000188	1.87982528848663e-12	1	0	0	34	5448
SM00682	G2F	1.00000000000188	1.87982528848663e-12	1	0	0	34	5448
SM00143	PI3K_p85B	1.00000000000188	1.87982528848663e-12	1	0	0	34	5448
SM00426	TEA	1.00000000000188	1.87982528848663e-12	1	0	0	34	5448
SM00839	ELFV_dehydrog	1.00000000000188	1.87982528848663e-12	1	0	0	34	5448
SM00477	NUC	1.00000000000188	1.87982528848663e-12	1	0	0	34	5448
SM00654	eIF6	1.00000000000188	1.87982528848663e-12	1	0	0	34	5448
SM00435	TOPEUc	1.00000000000188	1.87982528848663e-12	1	0	0	34	5448
SM01335	PADR1	1.00000000000188	1.87982528848663e-12	1	0	0	34	5448
SM00804	TAP_C	1.00000000000188	1.87982528848663e-12	1	0	0	34	5448
SM01308	RICTOR_N	1.00000000000188	1.87982528848663e-12	1	0	0	34	5448
SM01214	Fmp27_GFWDK	1.00000000000188	1.87982528848663e-12	1	0	0	34	5448
SM01076	CG-1	1.00000000000188	1.87982528848663e-12	1	0	0	34	5448
SM01032	BHD_3	1.00000000000188	1.87982528848663e-12	1	0	0	34	5448
SM00828	PKS_MT	1.00000000000188	1.87982528848663e-12	1	0	0	34	5448
SM00685	DM14	1.00000000000188	1.87982528848663e-12	1	0	0	34	5448
SM00360	RRM	1.00000000000227	2.26834547878952e-12	100	0	0	34	5448
SM00351	PAX	1.00000000000229	2.28982803951396e-12	10	0	0	34	5448
SM00020	Tryp_SPc	1.00000000000229	2.28982803951396e-12	10	0	0	34	5448
SM00479	EXOIII	1.00000000000229	2.28982803951396e-12	10	0	0	34	5448
SM00612	Kelch	1.00000000000229	2.28982803951396e-12	10	0	0	34	5448
SM00185	ARM	1.00000000000229	2.28982803951396e-12	10	0	0	34	5448
SM00305	HintC	1.00000000000229	2.28982803951396e-12	10	0	0	34	5448
SM00291	ZnF_ZZ	1.00000000000229	2.28982803951396e-12	10	0	0	34	5448
SM01196	FERM_C	1.00000000000229	2.28982803951396e-12	10	0	0	34	5448
SM00240	FHA	1.00000000000229	2.28982803951396e-12	10	0	0	34	5448
SM00051	DSL	1.00000000000229	2.28982803951396e-12	10	0	0	34	5448
SM00306	HintN	1.00000000000229	2.28982803951396e-12	10	0	0	34	5448
SM00146	PI3Kc	1.00000000000229	2.28982803951396e-12	10	0	0	34	5448
SM01391	Filament	1.00000000000229	2.28982803951396e-12	10	0	0	34	5448
SM00425	TBOX	1.00000000000234	2.33797123605146e-12	21	0	0	34	5448
SM00473	PAN_AP	1.00000000000234	2.33797123605146e-12	21	0	0	34	5448
SM00336	BBOX	1.00000000000234	2.33797123605146e-12	21	0	0	34	5448
SM00950	Piwi	1.00000000000234	2.33797123605146e-12	21	0	0	34	5448
SM00184	RING	1.00000000000257	2.56553245877082e-12	113	0	0	34	5448
SM00404	PTPc_motif	1.0000000000027	2.69964160098177e-12	88	0	0	34	5448
SM00456	WW	1.00000000000357	3.5669674470644e-12	19	0	0	34	5448
SM00325	RhoGEF	1.00000000000357	3.5669674470644e-12	19	0	0	34	5448
SM00292	BRCT	1.00000000000357	3.5669674470644e-12	19	0	0	34	5448
SM00164	TBC	1.00000000000357	3.5669674470644e-12	19	0	0	34	5448
SM00129	KISc	1.00000000000357	3.5669674470644e-12	19	0	0	34	5448
SM00228	PDZ	1.0000000000038	3.80190117788226e-12	54	0	0	34	5448
SM01088	Col_cuticle_N	1.00000000000399	3.98883197560954e-12	156	0	0	34	5448
SM00453	WSN	1.00000000000423	4.22748415073569e-12	39	0	0	34	5448
SM00289	WR1	1.00000000000423	4.22748415073569e-12	39	0	0	34	5448
SM00194	PTPc	1.00000000000477	4.77016952120585e-12	78	0	0	34	5448
SM00490	HELICc	1.00000000000477	4.77016952120585e-12	78	0	0	34	5448
SM01381	7TM_GPCR_Srsx	1.00000000000557	5.57026385455062e-12	76	0	0	34	5448
SM00028	TPR	1.00000000000626	6.25884100622618e-12	45	0	0	34	5448
SM00156	PP2Ac	1.00000000000626	6.25884100622618e-12	45	0	0	34	5448
SM00192	LDLa	1.00000000000646	6.46461960060732e-12	23	0	0	34	5448
SM00324	RhoGAP	1.00000000000646	6.46461960060732e-12	23	0	0	34	5448
SM00317	SET	1.00000000000738	7.3840828207335e-12	30	0	0	34	5448
SM00256	FBOX	1.00000000000755	7.55320852343019e-12	171	0	0	34	5448
SM00355	ZnF_C2H2	1.00000000000768	7.6843085426114e-12	135	0	0	34	5448
SM00220	S_TKc	1.0000000000086	8.59529710983072e-12	277	0	0	34	5448
SM00282	LamG	1.00000000000919	9.19250292840852e-12	14	0	0	34	5448
SM00516	SEC14	1.00000000000919	9.19250292840852e-12	14	0	0	34	5448
SM00443	G_patch	1.00000000000919	9.19250292840852e-12	14	0	0	34	5448
SM00195	DSPc	1.00000000000919	9.19250292840852e-12	14	0	0	34	5448
SM00397	t_SNARE	1.00000000000919	9.19250292840852e-12	14	0	0	34	5448
SM00239	C2	1.00000000000929	9.28890890868447e-12	41	0	0	34	5448
SM00275	G_alpha	1.00000000001101	1.10117457888068e-11	22	0	0	34	5448
SM00512	Skp1	1.00000000001101	1.10117457888068e-11	22	0	0	34	5448
