TermID	Term	Enrichment	logP	Genes in Term	Target Genes in Term	Fraction of Targets in Term	Total Target Genes	Total Genes	Entrez Gene IDs	Gene Symbols
PR00625	JDOMAIN	0.000226055182712692	-8.39473141720185	25	5	0.0909090909090909	55	2330	175540,178043,176241,182084,171833	dnj-16,dnj-2,F54F2.9,dnj-3,dnj-30
PR00328	SAR1GTPBP	0.00301131573162909	-5.80537817558797	13	3	0.0545454545454545	55	2330	191632,176392,174375	evl-20,arl-5,arl-1
PR00926	MITOCARRIER	0.00560736280884018	-5.18367475752409	16	3	0.0545454545454545	55	2330	184917,177858,186841	F25B4.7,C47E12.2,slc-25A32
PR00747	GLYHDRLASE47	0.0106499640507932	-4.54219876234477	7	2	0.0363636363636364	55	2330	172510,177726	mans-1,mans-4
PR00927	ADPTRNSLCASE	0.0139861813878929	-4.26968548053725	8	2	0.0363636363636364	55	2330	177858,184917	C47E12.2,F25B4.7
PR00326	GTP1OBG	0.0177119730148143	-4.03351442657086	9	2	0.0363636363636364	55	2330	176163,175664	C02F5.3,C26E6.12
PR00332	HISTRIAD	0.023605150214631	-3.74629036132563	1	1	0.0181818181818182	55	2330	184760	hint-1
PR00071	HMGCOARDTASE	0.023605150214631	-3.74629036132563	1	1	0.0181818181818182	55	2330	176047	hmgr-1
PR01348	ICLNCHANNEL	0.023605150214631	-3.74629036132563	1	1	0.0181818181818182	55	2330	177730	icln-1
PR00079	G6PDHDRGNASE	0.023605150214631	-3.74629036132563	1	1	0.0181818181818182	55	2330	178046	gspd-1
PR01185	INTEGRINA	0.0466629933820274	-3.06480386138126	2	1	0.0181818181818182	55	2330	176296	ina-1
PR01038	TRNASYNTHARG	0.0466629933820274	-3.06480386138126	2	1	0.0181818181818182	55	2330	174023	rars-2
PR01773	P38MAPKINASE	0.0466629933820274	-3.06480386138126	2	1	0.0181818181818182	55	2330	191743	pmk-1
PR00789	OSIALOPTASE	0.0466629933820274	-3.06480386138126	2	1	0.0181818181818182	55	2330	180015	C01G10.10
PR00986	TRNASYNTHVAL	0.0466629933820274	-3.06480386138126	2	1	0.0181818181818182	55	2330	179184	vars-1
PR00395	RIBOSOMALS2	0.0466629933820274	-3.06480386138126	2	1	0.0181818181818182	55	2330	179229	mrps-2
PR01001	FADG3PDH	0.0466629933820274	-3.06480386138126	2	1	0.0181818181818182	55	2330	172509	T25G3.4
PR00790	PAMONOXGNASE	0.0691859896729459	-2.6709568982302	3	1	0.0181818181818182	55	2330	266833	pamn-1
PR00987	TRNASYNTHGLU	0.0691859896729459	-2.6709568982302	3	1	0.0181818181818182	55	2330	176860	ears-2
PR00320	GPROTEINBRPT	0.0706093361065765	-2.65059290375589	41	3	0.0545454545454545	55	2330	182509,172552,174067	mlst-8,taf-5,atg-16.2
PR01042	TRNASYNTHASP	0.0911863208157389	-2.39485038420713	4	1	0.0181818181818182	55	2330	3565124	dars-2
PR00363	CYTOCHROMEB5	0.0911863208157389	-2.39485038420713	4	1	0.0181818181818182	55	2330	172393	cytb-5.2
PR00853	XPGRADSUPER	0.0911863208157389	-2.39485038420713	4	1	0.0181818181818182	55	2330	186441	xpg-1
PR00111	ABHYDROLASE	0.11267589620434	-2.18323975654898	5	1	0.0181818181818182	55	2330	172888	lid-1
PR01130	DERENTRNSPRT	0.11267589620434	-2.18323975654898	5	1	0.0181818181818182	55	2330	172749	ent-6
PR00721	STOMATIN	0.174195221340178	-1.74757864697113	8	1	0.0181818181818182	55	2330	172777	stl-1
PR00219	SYNAPTOBREVN	0.174195221340178	-1.74757864697113	8	1	0.0181818181818182	55	2330	176031	ykt-6
PR00301	HEATSHOCK70	0.231521568433851	-1.46308224161495	11	1	0.0181818181818182	55	2330	174368	stc-1
PR00081	GDHRDH	0.240306152664361	-1.42584153247111	72	3	0.0545454545454545	55	2330	179940,172172,180632	dhs-22,dhs-1,dhs-27
PR00069	ALDKETRDTASE	0.249747663188545	-1.38730421809967	12	1	0.0181818181818182	55	2330	187089	K07C5.2
PR00503	BROMODOMAIN	0.26754916384713	-1.31845193945067	13	1	0.0181818181818182	55	2330	171920	pcaf-1
PR00315	ELONGATNFCT	0.284935782745754	-1.2554914478018	14	1	0.0181818181818182	55	2330	176191	ZK1236.1
PR01415	ANKYRIN	0.318502139091334	-1.14412608785014	16	1	0.0181818181818182	55	2330	175656	F26F4.12
PR00153	CSAPPISMRASE	0.350520155352436	-1.04833706958896	18	1	0.0181818181818182	55	2330	175471	cyn-9
PR00759	BASICPTASE	0.381059990445247	-0.964798461013343	20	1	0.0181818181818182	55	2330	179593	tag-290
PR00253	GABAARECEPTR	0.589692427780802	-0.528154186857169	37	1	0.0181818181818182	55	2330	179600	lgc-44
PR00398	STRDHORMONER	0.645369761273093	-0.437931853153108	43	1	0.0181818181818182	55	2330	175993	nhr-10
PR00114	STPHPHTASE	0.662225286497865	-0.41214946900779	45	1	0.0181818181818182	55	2330	184829	F22D6.9
PR00237	GPCRRHODOPSN	0.671872140075936	-0.397687224306334	144	3	0.0545454545454545	55	2330	181927,176124,184036	B0334.6,npr-17,E04D5.2
PR00080	SDRFAMILY	0.686043819567903	-0.376813776375155	48	1	0.0181818181818182	55	2330	179940	dhs-22
PR00047	STROIDFINGER	0.978460538774728	-0.021774821242578	231	2	0.0363636363636364	55	2330	179403,175993	nhr-12,nhr-10
PR00661	ERMFAMILY	0.9999999999991	-8.998189330374e-13	5	0	0	55	2330
PR00620	HISTONEH2A	0.9999999999991	-8.998189330374e-13	5	0	0	55	2330
PR00405	REVINTRACTNG	0.9999999999991	-8.998189330374e-13	5	0	0	55	2330
PR00249	GPCRSECRETIN	0.9999999999991	-8.998189330374e-13	5	0	0	55	2330
PR00371	FPNCR	0.9999999999991	-8.998189330374e-13	5	0	0	55	2330
PR01349	WNTPROTEIN	0.9999999999991	-8.998189330374e-13	5	0	0	55	2330
PR00248	GPCRMGR	0.9999999999991	-8.998189330374e-13	5	0	0	55	2330
PR00412	EPOXHYDRLASE	0.9999999999991	-8.998189330374e-13	5	0	0	55	2330
PR00744	GLHYDRLASE37	0.9999999999991	-8.998189330374e-13	5	0	0	55	2330
PR00800	YHDCRBOXLASE	0.9999999999991	-8.998189330374e-13	5	0	0	55	2330
PR01125	FMOXYGENASE5	0.9999999999991	-8.998189330374e-13	5	0	0	55	2330
PR01625	GSTRNSFRASEO	0.9999999999991	-8.998189330374e-13	5	0	0	55	2330
PR00723	SUBTILISIN	0.9999999999991	-8.998189330374e-13	5	0	0	55	2330
PR00160	GLUTAREDOXIN	0.9999999999991	-8.998189330374e-13	5	0	0	55	2330
PR00347	THAUMATIN	0.9999999999991	-8.998189330374e-13	5	0	0	55	2330
PR01609	CD36FAMILY	0.9999999999991	-8.998189330374e-13	5	0	0	55	2330
PR00390	PHPHLIPASEC	0.99999999999911	-8.90316530682256e-13	6	0	0	55	2330
PR00387	PDIESTERASE1	0.99999999999911	-8.90316530682256e-13	6	0	0	55	2330
PR01494	KV9CHANNEL	0.99999999999911	-8.90316530682256e-13	6	0	0	55	2330
PR00633	RCCNDNSATION	0.99999999999911	-8.90316530682256e-13	6	0	0	55	2330
PR00094	ADENYLTKNASE	0.99999999999911	-8.90316530682256e-13	6	0	0	55	2330
PR00762	CLCHANNEL	0.99999999999911	-8.90316530682256e-13	6	0	0	55	2330
PR01163	BETATUBULIN	0.99999999999911	-8.90316530682256e-13	6	0	0	55	2330
PR00399	SYNAPTOTAGMN	0.99999999999911	-8.90316530682256e-13	6	0	0	55	2330
PR00632	SONICHHOG	0.99999999999911	-8.90316530682256e-13	6	0	0	55	2330
PR01657	MCMFAMILY	0.99999999999911	-8.90316530682256e-13	6	0	0	55	2330
PR00092	TYROSINASE	0.99999999999911	-8.90316530682256e-13	6	0	0	55	2330
PR00348	UBIQUITIN	0.99999999999911	-8.90316530682256e-13	6	0	0	55	2330
PR00689	ACOABINDINGP	0.99999999999911	-8.90316530682256e-13	6	0	0	55	2330
PR01491	KVCHANNEL	0.999999999999945	-5.4546890595007e-14	11	0	0	55	2330
PR00360	C2DOMAIN	0.999999999999945	-5.4546890595007e-14	11	0	0	55	2330
PR00205	CADHERIN	0.999999999999945	-5.4546890595007e-14	11	0	0	55	2330
PR00178	FATTYACIDBP	1.00000000000075	7.53034093551751e-13	10	0	0	55	2330
PR01162	ALPHATUBULIN	1.00000000000075	7.53034093551751e-13	10	0	0	55	2330
PR00171	SUGRTRNSPORT	1.00000000000075	7.53034093551751e-13	10	0	0	55	2330
PR00756	ALADIPTASE	1.00000000000075	7.53034093551751e-13	10	0	0	55	2330
PR00699	TMPROTEINSRB	1.00000000000137	1.36575781568271e-12	14	0	0	55	2330
PR00053	FORKHEAD	1.00000000000137	1.36575781568271e-12	14	0	0	55	2330
PR01262	INNEXIN	1.00000000000182	1.81534668843871e-12	25	0	0	55	2330
PR00837	V5TPXLIKE	1.00000000000182	1.81534668843871e-12	25	0	0	55	2330
PR02008	RCMTFAMILY	1.00000000000201	2.01031498258075e-12	4	0	0	55	2330
PR00929	ATHOOK	1.00000000000201	2.01031498258075e-12	4	0	0	55	2330
PR00314	CLATHRINADPT	1.00000000000201	2.01031498258075e-12	4	0	0	55	2330
PR00050	COLDSHOCK	1.00000000000201	2.01031498258075e-12	4	0	0	55	2330
PR00888	SM22CALPONIN	1.00000000000201	2.01031498258075e-12	4	0	0	55	2330
PR00716	MPIPHPHTASE	1.00000000000201	2.01031498258075e-12	4	0	0	55	2330
PR00078	G3PDHDRGNASE	1.00000000000201	2.01031498258075e-12	4	0	0	55	2330
PR00878	CHOLNESTRASE	1.00000000000201	2.01031498258075e-12	4	0	0	55	2330
PR02095	TRNSPORTRHRG	1.00000000000201	2.01031498258075e-12	4	0	0	55	2330
PR00300	CLPPROTEASEA	1.00000000000201	2.01031498258075e-12	4	0	0	55	2330
PR01231	HCO3TRNSPORT	1.00000000000201	2.01031498258075e-12	4	0	0	55	2330
PR00196	ANNEXIN	1.00000000000201	2.01031498258075e-12	4	0	0	55	2330
PR00843	GLHYDRLASE30	1.00000000000201	2.01031498258075e-12	4	0	0	55	2330
PR00621	HISTONEH2B	1.00000000000201	2.01031498258075e-12	4	0	0	55	2330
PR00176	NANEUSMPORT	1.00000000000203	2.03279229408835e-12	12	0	0	55	2330
PR01301	RGSPROTEIN	1.00000000000203	2.03279229408835e-12	12	0	0	55	2330
PR00031	HTHREPRESSR	1.00000000000203	2.03279229408835e-12	12	0	0	55	2330
PR00765	CRBOXYPTASEA	1.00000000000203	2.03279229408835e-12	12	0	0	55	2330
PR01315	BATTENIN	1.00000000000244	2.44115876771062e-12	3	0	0	55	2330
PR00319	GPROTEINB	1.00000000000244	2.44115876771062e-12	3	0	0	55	2330
PR01320	KIRCHANNEL	1.00000000000244	2.44115876771062e-12	3	0	0	55	2330
PR00068	CUZNDISMTASE	1.00000000000244	2.44115876771062e-12	3	0	0	55	2330
PR00028	POUDOMAIN	1.00000000000244	2.44115876771062e-12	3	0	0	55	2330
PR00489	FRIZZLED	1.00000000000244	2.44115876771062e-12	3	0	0	55	2330
PR00389	PHPHLIPASEA2	1.00000000000244	2.44115876771062e-12	3	0	0	55	2330
PR01271	HISDACETLASE	1.00000000000244	2.44115876771062e-12	3	0	0	55	2330
PR00683	SPECTRINPH	1.00000000000244	2.44115876771062e-12	3	0	0	55	2330
PR00305	1433ZETA	1.00000000000244	2.44115876771062e-12	3	0	0	55	2330
PR00799	TRANSAMINASE	1.00000000000244	2.44115876771062e-12	3	0	0	55	2330
PR00067	CATALASE	1.00000000000244	2.44115876771062e-12	3	0	0	55	2330
PR00369	FLAVODOXIN	1.00000000000244	2.44115876771062e-12	3	0	0	55	2330
PR00775	HEATSHOCK90	1.00000000000244	2.44115876771062e-12	3	0	0	55	2330
PR01772	JNKMAPKINASE	1.00000000000244	2.44115876771062e-12	3	0	0	55	2330
PR01857	ADAMTSFAMILY	1.00000000000244	2.44115876771062e-12	3	0	0	55	2330
PR02050	B14GALTRFASE	1.00000000000244	2.44115876771062e-12	3	0	0	55	2330
PR00195	DYNAMIN	1.00000000000244	2.44115876771062e-12	3	0	0	55	2330
PR01498	SHAWCHANNEL	1.00000000000244	2.44115876771062e-12	3	0	0	55	2330
PR00255	NATPEPTIDER	1.00000000000244	2.44115876771062e-12	3	0	0	55	2330
PR00447	NATRESASSCMP	1.00000000000244	2.44115876771062e-12	3	0	0	55	2330
PR00243	MUSCARINICR	1.00000000000244	2.44115876771062e-12	3	0	0	55	2330
PR00391	PITRANSFER	1.00000000000244	2.44115876771062e-12	3	0	0	55	2330
PR00075	FACDDSATRASE	1.00000000000244	2.44115876771062e-12	3	0	0	55	2330
PR00881	L7ARS6FAMILY	1.00000000000244	2.44115876771062e-12	3	0	0	55	2330
PR00106	DNAPOLB	1.00000000000244	2.44115876771062e-12	3	0	0	55	2330
PR00376	IL1BCENZYME	1.00000000000244	2.44115876771062e-12	3	0	0	55	2330
PR00406	CYTB5RDTASE	1.00000000000244	2.44115876771062e-12	3	0	0	55	2330
PR00502	NUDIXFAMILY	1.00000000000244	2.44115876771062e-12	3	0	0	55	2330
PR01463	EAGCHANLFMLY	1.00000000000244	2.44115876771062e-12	3	0	0	55	2330
PR01347	EPHRIN	1.00000000000244	2.44115876771062e-12	3	0	0	55	2330
PR00593	MTABOTROPICR	1.00000000000244	2.44115876771062e-12	3	0	0	55	2330
PR00372	FYWHYDRXLASE	1.00000000000244	2.44115876771062e-12	3	0	0	55	2330
PR01259	NACAEXCHNGR	1.00000000000244	2.44115876771062e-12	3	0	0	55	2330
PR01097	TRNSRECEPTRP	1.00000000000244	2.44115876771062e-12	3	0	0	55	2330
PR00167	CACHANNEL	1.00000000000244	2.44115876771062e-12	3	0	0	55	2330
PR00413	HADHALOGNASE	1.00000000000244	2.44115876771062e-12	3	0	0	55	2330
PR00707	UBCTHYDRLASE	1.00000000000244	2.44115876771062e-12	3	0	0	55	2330
PR00261	LDLRECEPTOR	1.0000000000026	2.60481707926219e-12	15	0	0	55	2330
PR00299	ACRYSTALLIN	1.0000000000026	2.60481707926219e-12	15	0	0	55	2330
PR01012	NRPEPTIDEYR	1.00000000000272	2.71853431734284e-12	13	0	0	55	2330
PR00008	DAGPEDOMAIN	1.00000000000272	2.71853431734284e-12	13	0	0	55	2330
PR00259	TMFOUR	1.00000000000272	2.71853431734284e-12	13	0	0	55	2330
PR00704	CALPAIN	1.00000000000272	2.71853431734284e-12	13	0	0	55	2330
PR00457	ANPEROXIDASE	1.00000000000272	2.71853431734284e-12	13	0	0	55	2330
PR00027	PAIREDBOX	1.00000000000293	2.92593036209242e-12	9	0	0	55	2330
PR00304	TCOMPLEXTCP1	1.00000000000293	2.92593036209242e-12	9	0	0	55	2330
PR01084	NAHEXCHNGR	1.00000000000293	2.92593036209242e-12	9	0	0	55	2330
PR00724	CRBOXYPTASEC	1.00000000000293	2.92593036209242e-12	9	0	0	55	2330
PR00783	MINTRINSICP	1.00000000000293	2.92593036209242e-12	9	0	0	55	2330
PR00622	HISTONEH3	1.00000000000293	2.92593036209242e-12	9	0	0	55	2330
PR01095	TASKCHANNEL	1.00000000000293	2.92593036209242e-12	9	0	0	55	2330
PR00378	LIIMPHPHTASE	1.00000000000305	3.05156594437861e-12	1	0	0	55	2330
PR01802	SYNEMBRYN	1.00000000000305	3.05156594437861e-12	1	0	0	55	2330
PR00276	INSULINFAMLY	1.00000000000305	3.05156594437861e-12	1	0	0	55	2330
PR01365	TELOMERASERT	1.00000000000305	3.05156594437861e-12	1	0	0	55	2330
PR01043	TRNASYNTHGLY	1.00000000000305	3.05156594437861e-12	1	0	0	55	2330
PR01218	PSTLEXTENSIN	1.00000000000305	3.05156594437861e-12	1	0	0	55	2330
PR00192	FACTINCAPB	1.00000000000305	3.05156594437861e-12	1	0	0	55	2330
PR00978	STARPROTEIN	1.00000000000305	3.05156594437861e-12	1	0	0	55	2330
PR00785	NCTRNSLOCATR	1.00000000000305	3.05156594437861e-12	1	0	0	55	2330
PR00603	CYTOCHROMEC1	1.00000000000305	3.05156594437861e-12	1	0	0	55	2330
PR00972	RIBSOMALS12E	1.00000000000305	3.05156594437861e-12	1	0	0	55	2330
PR01088	NAHEXCHNGR6	1.00000000000305	3.05156594437861e-12	1	0	0	55	2330
PR00321	GPROTEING	1.00000000000305	3.05156594437861e-12	1	0	0	55	2330
PR01246	RAD1REPAIR	1.00000000000305	3.05156594437861e-12	1	0	0	55	2330
PR01546	YEAST73DUF	1.00000000000305	3.05156594437861e-12	1	0	0	55	2330
PR01251	AMPHIPHYSIN	1.00000000000305	3.05156594437861e-12	1	0	0	55	2330
PR01850	GROUCHOFAMLY	1.00000000000305	3.05156594437861e-12	1	0	0	55	2330
PR00126	ATPASEGAMMA	1.00000000000305	3.05156594437861e-12	1	0	0	55	2330
PR01586	TWIKCHANNEL	1.00000000000305	3.05156594437861e-12	1	0	0	55	2330
PR00100	AOTCASE	1.00000000000305	3.05156594437861e-12	1	0	0	55	2330
PR01047	TRNASYNTHTHR	1.00000000000305	3.05156594437861e-12	1	0	0	55	2330
PR00720	MAMMALPTPASE	1.00000000000305	3.05156594437861e-12	1	0	0	55	2330
PR01034	RIBOSOMALS12	1.00000000000305	3.05156594437861e-12	1	0	0	55	2330
PR01839	RAD23PROTEIN	1.00000000000305	3.05156594437861e-12	1	0	0	55	2330
PR01433	POLYCYSTIN2	1.00000000000305	3.05156594437861e-12	1	0	0	55	2330
PR01475	PARKIN	1.00000000000305	3.05156594437861e-12	1	0	0	55	2330
PR00882	RIBOSOMALL7A	1.00000000000305	3.05156594437861e-12	1	0	0	55	2330
PR00867	DNAPOLG	1.00000000000305	3.05156594437861e-12	1	0	0	55	2330
PR00351	OM20RECEPTOR	1.00000000000305	3.05156594437861e-12	1	0	0	55	2330
PR00741	GLHYDRLASE29	1.00000000000305	3.05156594437861e-12	1	0	0	55	2330
PR01659	MCMPROTEIN3	1.00000000000305	3.05156594437861e-12	1	0	0	55	2330
PR00492	RHOGDI	1.00000000000305	3.05156594437861e-12	1	0	0	55	2330
PR00052	FIBRILLARIN	1.00000000000305	3.05156594437861e-12	1	0	0	55	2330
PR00440	GPROTEINA12	1.00000000000305	3.05156594437861e-12	1	0	0	55	2330
PR01243	NUCDPKINASE	1.00000000000305	3.05156594437861e-12	1	0	0	55	2330
PR00967	ONCOGENEAML1	1.00000000000305	3.05156594437861e-12	1	0	0	55	2330
PR00719	LMWPTPASE	1.00000000000305	3.05156594437861e-12	1	0	0	55	2330
PR00850	GLHYDRLASE59	1.00000000000305	3.05156594437861e-12	1	0	0	55	2330
PR01738	RNABINDINGM8	1.00000000000305	3.05156594437861e-12	1	0	0	55	2330
PR00443	GPROTEINAS	1.00000000000305	3.05156594437861e-12	1	0	0	55	2330
PR00979	TAFAZZIN	1.00000000000305	3.05156594437861e-12	1	0	0	55	2330
PR00784	MTUNCOUPLING	1.00000000000305	3.05156594437861e-12	1	0	0	55	2330
PR01464	EAGCHANNEL	1.00000000000305	3.05156594437861e-12	1	0	0	55	2330
PR01848	U2AUXFACTOR	1.00000000000305	3.05156594437861e-12	1	0	0	55	2330
PR00664	OCTOPAMINER	1.00000000000305	3.05156594437861e-12	1	0	0	55	2330
PR01989	EUOM20RECPTR	1.00000000000305	3.05156594437861e-12	1	0	0	55	2330
PR01630	LVDCCALPHA1	1.00000000000305	3.05156594437861e-12	1	0	0	55	2330
PR00220	SYNAPTOPHYSN	1.00000000000305	3.05156594437861e-12	1	0	0	55	2330
PR00961	HUDSXLRNA	1.00000000000305	3.05156594437861e-12	1	0	0	55	2330
PR00448	NSFATTACHMNT	1.00000000000305	3.05156594437861e-12	1	0	0	55	2330
PR00938	BRACHYURY	1.00000000000305	3.05156594437861e-12	1	0	0	55	2330
PR00627	GTPRANTC4	1.00000000000305	3.05156594437861e-12	1	0	0	55	2330
PR00600	PP2APR55	1.00000000000305	3.05156594437861e-12	1	0	0	55	2330
PR00044	LEUZIPPRMYC	1.00000000000305	3.05156594437861e-12	1	0	0	55	2330
PR00973	RIBOSOMALS17	1.00000000000305	3.05156594437861e-12	1	0	0	55	2330
PR00791	PEPDIPTASEA	1.00000000000305	3.05156594437861e-12	1	0	0	55	2330
PR00442	GPROTEINAQ	1.00000000000305	3.05156594437861e-12	1	0	0	55	2330
PR00728	SIGNALPTASE	1.00000000000305	3.05156594437861e-12	1	0	0	55	2330
PR00989	ADENOKINASE	1.00000000000305	3.05156594437861e-12	1	0	0	55	2330
PR00740	GLHYDRLASE27	1.00000000000305	3.05156594437861e-12	1	0	0	55	2330
PR00373	GLYCHORMONER	1.00000000000305	3.05156594437861e-12	1	0	0	55	2330
PR00298	CHAPERONIN60	1.00000000000305	3.05156594437861e-12	1	0	0	55	2330
PR00148	ENOLASE	1.00000000000305	3.05156594437861e-12	1	0	0	55	2330
PR00416	EUTPISMRASEI	1.00000000000305	3.05156594437861e-12	1	0	0	55	2330
PR01698	CYTOFMRPINTP	1.00000000000305	3.05156594437861e-12	1	0	0	55	2330
PR00623	HISTONEH4	1.00000000000305	3.05156594437861e-12	1	0	0	55	2330
PR00098	CPSASE	1.00000000000305	3.05156594437861e-12	1	0	0	55	2330
PR01873	CYTCOXIDASE4	1.00000000000305	3.05156594437861e-12	1	0	0	55	2330
PR01470	ERGCHANNEL	1.00000000000305	3.05156594437861e-12	1	0	0	55	2330
PR01658	MCMPROTEIN2	1.00000000000305	3.05156594437861e-12	1	0	0	55	2330
PR01760	DISHEVELLED	1.00000000000305	3.05156594437861e-12	1	0	0	55	2330
PR00928	GRAVESDC	1.00000000000305	3.05156594437861e-12	1	0	0	55	2330
PR01854	BR22PROTEIN	1.00000000000305	3.05156594437861e-12	1	0	0	55	2330
PR00738	GLHYDRLASE20	1.00000000000305	3.05156594437861e-12	1	0	0	55	2330
PR00132	GLHYDRLASE2	1.00000000000305	3.05156594437861e-12	1	0	0	55	2330
PR01748	AP2TNSCPFCT	1.00000000000305	3.05156594437861e-12	1	0	0	55	2330
PR00110	ALPHAAMYLASE	1.00000000000305	3.05156594437861e-12	1	0	0	55	2330
PR00336	LYSASSOCTDMP	1.00000000000305	3.05156594437861e-12	1	0	0	55	2330
PR00217	POSTSYNAPTIC	1.00000000000305	3.05156594437861e-12	1	0	0	55	2330
PR00773	GRPEPROTEIN	1.00000000000305	3.05156594437861e-12	1	0	0	55	2330
PR00975	RIBOSOMALS19	1.00000000000305	3.05156594437861e-12	1	0	0	55	2330
PR00076	6PGDHDRGNASE	1.00000000000305	3.05156594437861e-12	1	0	0	55	2330
PR01405	TETRPHPHTASE	1.00000000000305	3.05156594437861e-12	1	0	0	55	2330
PR00971	RIBOSOMALS10	1.00000000000305	3.05156594437861e-12	1	0	0	55	2330
PR00194	TROPOMYOSIN	1.00000000000305	3.05156594437861e-12	1	0	0	55	2330
PR00472	CASNKINASEII	1.00000000000305	3.05156594437861e-12	1	0	0	55	2330
PR00414	PPTHIESTRASE	1.00000000000305	3.05156594437861e-12	1	0	0	55	2330
PR00041	LEUZIPPRCREB	1.00000000000305	3.05156594437861e-12	1	0	0	55	2330
PR00125	ATPASEDELTA	1.00000000000305	3.05156594437861e-12	1	0	0	55	2330
PR01692	LIPOCALINIMR	1.00000000000305	3.05156594437861e-12	1	0	0	55	2330
PR00309	ARRESTIN	1.00000000000305	3.05156594437861e-12	1	0	0	55	2330
PR00846	GLHYDRLASE56	1.00000000000305	3.05156594437861e-12	1	0	0	55	2330
PR01550	TOP6AFAMILY	1.00000000000305	3.05156594437861e-12	1	0	0	55	2330
PR01368	SYNAPSIN	1.00000000000305	3.05156594437861e-12	1	0	0	55	2330
PR00663	GALANINR	1.00000000000305	3.05156594437861e-12	1	0	0	55	2330
PR00985	TRNASYNTHLEU	1.00000000000305	3.05156594437861e-12	1	0	0	55	2330
PR01183	RIBORDTASEM1	1.00000000000305	3.05156594437861e-12	1	0	0	55	2330
PR01049	PHOSPHBKNASE	1.00000000000305	3.05156594437861e-12	1	0	0	55	2330
PR00162	RIESKE	1.00000000000305	3.05156594437861e-12	1	0	0	55	2330
PR00392	PROFILIN	1.00000000000305	3.05156594437861e-12	1	0	0	55	2330
PR00779	INSP3RECEPTR	1.00000000000305	3.05156594437861e-12	1	0	0	55	2330
PR00082	GLFDHDRGNASE	1.00000000000305	3.05156594437861e-12	1	0	0	55	2330
PR00025	ANTENNAPEDIA	1.00000000000305	3.05156594437861e-12	1	0	0	55	2330
PR00355	ADRENODOXIN	1.00000000000305	3.05156594437861e-12	1	0	0	55	2330
PR00191	FACTINCAPA	1.00000000000305	3.05156594437861e-12	1	0	0	55	2330
PR01849	UBIQUITINACT	1.00000000000305	3.05156594437861e-12	1	0	0	55	2330
PR01770	ERK1ERK2MAPK	1.00000000000305	3.05156594437861e-12	1	0	0	55	2330
PR02012	RCMTNOP2	1.00000000000305	3.05156594437861e-12	1	0	0	55	2330
PR00464	EP450II	1.00000000000305	3.05156594437861e-12	1	0	0	55	2330
PR02031	CYSSERRICHNP	1.00000000000305	3.05156594437861e-12	1	0	0	55	2330
PR00086	LLDHDRGNASE	1.00000000000305	3.05156594437861e-12	1	0	0	55	2330
PR00104	CGMPKINASE	1.00000000000305	3.05156594437861e-12	1	0	0	55	2330
PR00904	FRATAXIN	1.00000000000305	3.05156594437861e-12	1	0	0	55	2330
PR00302	LUPUSLA	1.00000000000305	3.05156594437861e-12	1	0	0	55	2330
PR00983	TRNASYNTHCYS	1.00000000000305	3.05156594437861e-12	1	0	0	55	2330
PR01653	TCTPROTEIN	1.00000000000305	3.05156594437861e-12	1	0	0	55	2330
PR00545	RETINOIDXR	1.00000000000305	3.05156594437861e-12	1	0	0	55	2330
PR01551	SPO11HOMOLOG	1.00000000000305	3.05156594437861e-12	1	0	0	55	2330
PR00474	GLU5KINASE	1.00000000000305	3.05156594437861e-12	1	0	0	55	2330
PR00932	AMINO1PTASE	1.00000000000305	3.05156594437861e-12	1	0	0	55	2330
PR00072	MALOXRDTASE	1.00000000000305	3.05156594437861e-12	1	0	0	55	2330
PR01662	MCMPROTEIN6	1.00000000000305	3.05156594437861e-12	1	0	0	55	2330
PR00990	RIBOKINASE	1.00000000000305	3.05156594437861e-12	1	0	0	55	2330
PR02011	RCMTNCL1	1.00000000000305	3.05156594437861e-12	1	0	0	55	2330
PR00056	HSFDOMAIN	1.00000000000305	3.05156594437861e-12	1	0	0	55	2330
PR00339	PCNACYCLIN	1.00000000000305	3.05156594437861e-12	1	0	0	55	2330
PR01797	SAPOSIN	1.00000000000305	3.05156594437861e-12	1	0	0	55	2330
PR00465	EP450IV	1.00000000000305	3.05156594437861e-12	1	0	0	55	2330
PR00456	RIBOSOMALP2	1.00000000000305	3.05156594437861e-12	1	0	0	55	2330
PR00127	CLPPROTEASEP	1.00000000000305	3.05156594437861e-12	1	0	0	55	2330
PR01443	TFIID30KDSUB	1.00000000000305	3.05156594437861e-12	1	0	0	55	2330
PR00982	TRNASYNTHLYS	1.00000000000305	3.05156594437861e-12	1	0	0	55	2330
PR00203	AMYLOIDA4	1.00000000000305	3.05156594437861e-12	1	0	0	55	2330
PR00154	AMPBINDING	1.00000000000305	3.05156594437861e-12	1	0	0	55	2330
PR01868	ABCEFAMILY	1.00000000000305	3.05156594437861e-12	1	0	0	55	2330
PR01640	PROFILINPLNT	1.00000000000305	3.05156594437861e-12	1	0	0	55	2330
PR01588	THIKCHANNEL	1.00000000000305	3.05156594437861e-12	1	0	0	55	2330
PR00868	DNAPOLI	1.00000000000305	3.05156594437861e-12	1	0	0	55	2330
PR00473	GALCTOKINASE	1.00000000000305	3.05156594437861e-12	1	0	0	55	2330
PR01846	TRHRFAMILY	1.00000000000305	3.05156594437861e-12	1	0	0	55	2330
PR01164	GAMMATUBULIN	1.00000000000305	3.05156594437861e-12	1	0	0	55	2330
PR00662	G6PISOMERASE	1.00000000000305	3.05156594437861e-12	1	0	0	55	2330
PR01101	5HTRECEPTOR	1.00000000000305	3.05156594437861e-12	1	0	0	55	2330
PR00297	CHAPERONIN10	1.00000000000305	3.05156594437861e-12	1	0	0	55	2330
PR00065	TEADOMAIN	1.00000000000305	3.05156594437861e-12	1	0	0	55	2330
PR01838	NCAMFAMILY	1.00000000000305	3.05156594437861e-12	1	0	0	55	2330
PR01232	NAHCO3TRSPRT	1.00000000000305	3.05156594437861e-12	1	0	0	55	2330
PR00043	LEUZIPPRJUN	1.00000000000305	3.05156594437861e-12	1	0	0	55	2330
PR01075	PRESENILNSEL	1.00000000000305	3.05156594437861e-12	1	0	0	55	2330
PR01497	SHALCHANNEL	1.00000000000305	3.05156594437861e-12	1	0	0	55	2330
PR00143	CITRTSNTHASE	1.00000000000305	3.05156594437861e-12	1	0	0	55	2330
PR00896	VASOPRESSINR	1.00000000000305	3.05156594437861e-12	1	0	0	55	2330
PR00003	4DISULPHCORE	1.00000000000305	3.05156594437861e-12	1	0	0	55	2330
PR00108	THYMDSNTHASE	1.00000000000305	3.05156594437861e-12	1	0	0	55	2330
PR00085	THFDHDRGNASE	1.00000000000305	3.05156594437861e-12	1	0	0	55	2330
PR00477	PHGLYCKINASE	1.00000000000305	3.05156594437861e-12	1	0	0	55	2330
PR00407	EUMOPTERIN	1.00000000000305	3.05156594437861e-12	1	0	0	55	2330
PR01245	RAD1REC1	1.00000000000305	3.05156594437861e-12	1	0	0	55	2330
PR00139	ASNGLNASE	1.00000000000305	3.05156594437861e-12	1	0	0	55	2330
PR01663	MCMPROTEIN7	1.00000000000305	3.05156594437861e-12	1	0	0	55	2330
PR00960	LMBPPROTEIN	1.00000000000305	3.05156594437861e-12	1	0	0	55	2330
PR00115	F16BPHPHTASE	1.00000000000305	3.05156594437861e-12	1	0	0	55	2330
PR01661	MCMPROTEIN5	1.00000000000305	3.05156594437861e-12	1	0	0	55	2330
PR00767	DBMONOXGNASE	1.00000000000305	3.05156594437861e-12	1	0	0	55	2330
PR00124	ATPASEC	1.00000000000305	3.05156594437861e-12	1	0	0	55	2330
PR01629	TVDCCALPHA1	1.00000000000305	3.05156594437861e-12	1	0	0	55	2330
PR00058	RIBOSOMALL5	1.00000000000305	3.05156594437861e-12	1	0	0	55	2330
PR01250	RIBOSOMALL34	1.00000000000305	3.05156594437861e-12	1	0	0	55	2330
PR01000	SREBPS2PTASE	1.00000000000305	3.05156594437861e-12	1	0	0	55	2330
PR01660	MCMPROTEIN4	1.00000000000305	3.05156594437861e-12	1	0	0	55	2330
PR01716	DEATHASSOCP3	1.00000000000305	3.05156594437861e-12	1	0	0	55	2330
PR00322	G10	1.00000000000305	3.05156594437861e-12	1	0	0	55	2330
PR00185	EUKARYTPORIN	1.00000000000305	3.05156594437861e-12	1	0	0	55	2330
PR00454	ETSDOMAIN	1.00000000000319	3.18887890232097e-12	8	0	0	55	2330
PR00935	BAND41	1.00000000000319	3.18887890232097e-12	8	0	0	55	2330
PR00786	NEPRILYSIN	1.00000000000319	3.18887890232097e-12	8	0	0	55	2330
PR00177	NMDARECEPTOR	1.00000000000319	3.18887890232097e-12	8	0	0	55	2330
PR00624	HISTONEH5	1.00000000000319	3.18887890232097e-12	8	0	0	55	2330
PR00619	GATAZNFINGER	1.00000000000319	3.18887890232097e-12	8	0	0	55	2330
PR01270	HDASUPER	1.00000000000319	3.18887890232097e-12	8	0	0	55	2330
PR00131	GLHYDRLASE1	1.00000000000325	3.25391785998413e-12	2	0	0	55	2330
PR00599	MAPEPTIDASE	1.00000000000325	3.25391785998413e-12	2	0	0	55	2330
PR01869	BCATNINFAMLY	1.00000000000325	3.25391785998413e-12	2	0	0	55	2330
PR01822	CCYSTOKININR	1.00000000000325	3.25391785998413e-12	2	0	0	55	2330
PR00377	IMPHPHTASES	1.00000000000325	3.25391785998413e-12	2	0	0	55	2330
PR00404	MADSDOMAIN	1.00000000000325	3.25391785998413e-12	2	0	0	55	2330
PR00296	CYCLINKINASE	1.00000000000325	3.25391785998413e-12	2	0	0	55	2330
PR00342	RHESUSRHD	1.00000000000325	3.25391785998413e-12	2	0	0	55	2330
PR00604	CYTCHRMECIAB	1.00000000000325	3.25391785998413e-12	2	0	0	55	2330
PR00653	ACTIVIN2R	1.00000000000325	3.25391785998413e-12	2	0	0	55	2330
PR01035	TCRTETA	1.00000000000325	3.25391785998413e-12	2	0	0	55	2330
PR01703	MNSODISMTASE	1.00000000000325	3.25391785998413e-12	2	0	0	55	2330
PR01046	TRNASYNTHPRO	1.00000000000325	3.25391785998413e-12	2	0	0	55	2330
PR01459	KCNQCHANNEL	1.00000000000325	3.25391785998413e-12	2	0	0	55	2330
PR00714	MAN6PISMRASE	1.00000000000325	3.25391785998413e-12	2	0	0	55	2330
PR00120	HATPASE	1.00000000000325	3.25391785998413e-12	2	0	0	55	2330
PR01573	SUPERTUBBY	1.00000000000325	3.25391785998413e-12	2	0	0	55	2330
PR00381	KINESINLIGHT	1.00000000000325	3.25391785998413e-12	2	0	0	55	2330
PR01908	ADSPHPHTASE	1.00000000000325	3.25391785998413e-12	2	0	0	55	2330
PR00686	TIFACTORIID	1.00000000000325	3.25391785998413e-12	2	0	0	55	2330
PR00417	PRTPISMRASEI	1.00000000000325	3.25391785998413e-12	2	0	0	55	2330
PR00883	NUCLEARHMG	1.00000000000325	3.25391785998413e-12	2	0	0	55	2330
PR01050	PYRUVTKNASE	1.00000000000325	3.25391785998413e-12	2	0	0	55	2330
PR00481	LAMNOPPTDASE	1.00000000000325	3.25391785998413e-12	2	0	0	55	2330
PR00660	ERLUMENR	1.00000000000325	3.25391785998413e-12	2	0	0	55	2330
PR01041	TRNASYNTHMET	1.00000000000325	3.25391785998413e-12	2	0	0	55	2330
PR00509	PGMPMM	1.00000000000325	3.25391785998413e-12	2	0	0	55	2330
PR00876	MTNEMATODE	1.00000000000325	3.25391785998413e-12	2	0	0	55	2330
PR00981	TRNASYNTHSER	1.00000000000325	3.25391785998413e-12	2	0	0	55	2330
PR01179	ODADCRBXLASE	1.00000000000325	3.25391785998413e-12	2	0	0	55	2330
PR00717	GPCRKINASE	1.00000000000325	3.25391785998413e-12	2	0	0	55	2330
PR01268	GSTRNSFRASEP	1.00000000000325	3.25391785998413e-12	2	0	0	55	2330
PR00991	6PFRUCTKNASE	1.00000000000325	3.25391785998413e-12	2	0	0	55	2330
PR00702	ACRIFLAVINRP	1.00000000000325	3.25391785998413e-12	2	0	0	55	2330
PR01186	INTEGRINB	1.00000000000325	3.25391785998413e-12	2	0	0	55	2330
PR00189	TRNSTHYRETIN	1.00000000000325	3.25391785998413e-12	2	0	0	55	2330
PR00122	VACATPASE	1.00000000000325	3.25391785998413e-12	2	0	0	55	2330
PR00077	GPDHDRGNASE	1.00000000000325	3.25391785998413e-12	2	0	0	55	2330
PR00415	ACONITASE	1.00000000000325	3.25391785998413e-12	2	0	0	55	2330
PR00727	LEADERPTASE	1.00000000000325	3.25391785998413e-12	2	0	0	55	2330
PR01626	LCACHANNELB	1.00000000000325	3.25391785998413e-12	2	0	0	55	2330
PR00626	CALRETICULIN	1.00000000000325	3.25391785998413e-12	2	0	0	55	2330
PR01040	TRNASYNTHTYR	1.00000000000325	3.25391785998413e-12	2	0	0	55	2330
PR00980	TRNASYNTHALA	1.00000000000325	3.25391785998413e-12	2	0	0	55	2330
PR01072	PRESENILIN	1.00000000000325	3.25391785998413e-12	2	0	0	55	2330
PR00679	PROHIBITIN	1.00000000000325	3.25391785998413e-12	2	0	0	55	2330
PR00616	CCAATSUBUNTB	1.00000000000325	3.25391785998413e-12	2	0	0	55	2330
PR00887	SSRCOGNITION	1.00000000000325	3.25391785998413e-12	2	0	0	55	2330
PR01182	ORNDCRBXLASE	1.00000000000325	3.25391785998413e-12	2	0	0	55	2330
PR00805	ALPHACATENIN	1.00000000000325	3.25391785998413e-12	2	0	0	55	2330
PR00476	PHFRCTKINASE	1.00000000000325	3.25391785998413e-12	2	0	0	55	2330
PR00962	LETHAL2GIANT	1.00000000000325	3.25391785998413e-12	2	0	0	55	2330
PR00597	GELSOLIN	1.00000000000325	3.25391785998413e-12	2	0	0	55	2330
PR00504	CHROMODOMAIN	1.00000000000325	3.25391785998413e-12	2	0	0	55	2330
PR00984	TRNASYNTHILE	1.00000000000325	3.25391785998413e-12	2	0	0	55	2330
PR00685	TIFACTORIIB	1.00000000000325	3.25391785998413e-12	2	0	0	55	2330
PR01039	TRNASYNTHTRP	1.00000000000325	3.25391785998413e-12	2	0	0	55	2330
PR00891	RABGDIREP	1.00000000000325	3.25391785998413e-12	2	0	0	55	2330
PR01160	GABAARBETA	1.00000000000325	3.25391785998413e-12	2	0	0	55	2330
PR01452	LNOTCHREPEAT	1.00000000000325	3.25391785998413e-12	2	0	0	55	2330
PR00892	RABGDI	1.00000000000325	3.25391785998413e-12	2	0	0	55	2330
PR00149	FUMRATELYASE	1.00000000000325	3.25391785998413e-12	2	0	0	55	2330
PR00742	GLHYDRLASE35	1.00000000000325	3.25391785998413e-12	2	0	0	55	2330
PR00141	PROTEASOME	1.00000000000325	3.25391785998413e-12	2	0	0	55	2330
PR00776	HEMOGLOBNASE	1.00000000000325	3.25391785998413e-12	2	0	0	55	2330
PR01764	MAPKPHPHTASE	1.00000000000325	3.25391785998413e-12	2	0	0	55	2330
PR01078	AMINACHANNEL	1.00000000000334	3.33841997880358e-12	21	0	0	55	2330
PR00792	PEPSIN	1.00000000000386	3.86422677615023e-12	17	0	0	55	2330
PR00937	TBOX	1.00000000000386	3.86422677615023e-12	17	0	0	55	2330
PR00380	KINESINHEAVY	1.00000000000386	3.86422677615023e-12	17	0	0	55	2330
PR00193	MYOSINHEAVY	1.00000000000386	3.86422677615023e-12	17	0	0	55	2330
PR00190	ACTIN	1.00000000000388	3.88391553697117e-12	7	0	0	55	2330
PR00441	GPROTEINAI	1.00000000000388	3.88391553697117e-12	7	0	0	55	2330
PR00138	MATRIXIN	1.00000000000388	3.88391553697117e-12	7	0	0	55	2330
PR00722	CHYMOTRYPSIN	1.00000000000388	3.88391553697117e-12	7	0	0	55	2330
PR01011	GLUTPROXDASE	1.00000000000388	3.88391553697117e-12	7	0	0	55	2330
PR00370	FMOXYGENASE	1.00000000000388	3.88391553697117e-12	7	0	0	55	2330
PR00254	NICOTINICR	1.00000000000413	4.12757216598789e-12	20	0	0	55	2330
PR00705	PAPAIN	1.00000000000413	4.12757216598789e-12	20	0	0	55	2330
PR01161	TUBULIN	1.00000000000433	4.32523317121989e-12	16	0	0	55	2330
PR00024	HOMEOBOX	1.00000000000486	4.86229563953704e-12	26	0	0	55	2330
PR00401	SH2DOMAIN	1.00000000000537	5.3748100369887e-12	19	0	0	55	2330
PR00838	V5ALLERGEN	1.00000000000537	5.3748100369887e-12	19	0	0	55	2330
PR00452	SH3DOMAIN	1.00000000000653	6.52886001699647e-12	22	0	0	55	2330
PR00318	GPROTEINA	1.00000000000653	6.52886001699647e-12	22	0	0	55	2330
PR00697	TMPROTEINSRA	1.00000000000711	7.10615964616151e-12	29	0	0	55	2330
PR01333	2POREKCHANEL	1.00000000000963	9.62679371074575e-12	43	0	0	55	2330
PR00700	PRTYPHPHTASE	1.00000000001057	1.05705406319425e-11	57	0	0	55	2330
PR00480	ASTACIN	1.00000000001065	1.0653920088242e-11	39	0	0	55	2330
PR00698	TMPROTEINSRG	1.00000000001065	1.0653920088242e-11	39	0	0	55	2330
PR00385	P450	1.00000000001426	1.42620880386056e-11	71	0	0	55	2330
PR00252	NRIONCHANNEL	1.00000000001577	1.57686097467982e-11	84	0	0	55	2330
PR00109	TYRKINASE	1.00000000001717	1.71683702315933e-11	70	0	0	55	2330
PR00463	EP450I	1.00000000001736	1.73629555606947e-11	72	0	0	55	2330
